350 161 2265.35 62146
80 30 69.604 52256
10 4 0.668 50000
70 28 50.876 53062
40 17 15.408 50059
30 12 8.464 50014
200 84 483.64 52714
50 21 24.452 50388
40 16 14.744 50191
350 155 2001.43 55518
300 133 1517.54 61862
20 8 3.68 50012
200 86 861.1 93164
300 132 2913.26 122022
60 21 35.34 51544
250 115 1280.11 84339
90 35 92.6 53886
60 24 36.232 52039
10 4 0.632 50001
30 12 8.652 50267
250 112 905.132 55395
250 111 1267.03 75867
60 23 35.96 50506
20 8 3.572 50110
40 15 14.804 50256
100 39 131.156 64007
90 35 97.812 56699
70 29 57.896 51231
250 111 801.72 51290
30 10 8.34 50085
70 29 52.964 51061
50 19 22.84 50357
50 19 24.436 50345
90 36 158.252 97295
10 3 0.664 50004
50 19 23.252 50264
300 133 2790.78 118951
10 4 0.708 50023
300 134 1271 51964
150 64 356.484 75838
70 29 47.38 50922
300 129 1359.54 58725
150 61 231.948 50636
150 62 384.632 75583
350 157 3012.74 86071
50 21 25.012 50253
250 112 1505.8 93435
90 34 115.484 68014
80 31 73.86 60871
350 158 3316.01 98443
150 64 260.704 52273
200 89 488.436 51671
20 8 3.548 50002
60 24 34.124 50020
350 161 2030.56 56549
10 5 0.704 50001
200 90 666.716 71063
250 109 1016.66 66760
30 12 8.132 50026
30 11 8.096 50051
40 16 14.876 50193
40 14 15.176 50092
60 24 36.02 50231
300 132 2517.7 105413
40 17 16.14 50048
70 29 50.708 50588
10 4 0.696 50015
60 25 35.696 50100
350 163 1923.77 51888
20 8 3.616 50086
20 8 3.408 50000
150 61 431.724 87539
100 39 124.264 58335
70 29 50.9 52347
200 84 701.812 74267
10 3 0.664 50001
300 133 2085.29 83085
60 26 35.22 50253
250 112 1869.72 123183
60 25 40.764 54792
90 33 138.252 81336
150 64 321.816 64203
60 25 33.568 50308
100 40 158.276 77239
100 45 129.232 61312
30 13 8.392 50006
350 162 2442.12 69166
20 8 3.532 50010
90 36 102.96 59213
20 9 3.696 50004
80 32 83.076 67340
80 32 81.892 60048
30 13 8.452 50061
350 159 2945.98 81838
60 26 36.66 50388
100 39 134.244 67035
20 7 3.628 50006
100 39 121.4 59549
40 17 15.424 50056
150 62 358.88 72424
50 18 22.832 50201
100 41 170.992 84607
50 21 22.468 50067
50 18 25.656 50092
70 29 49.12 50214
20 8 3.592 50000
100 41 105.472 53896
70 29 49.604 50608
80 30 92.004 67028
200 89 557.5 56525
300 133 1455.32 56183
30 11 8.464 50135
10 4 0.696 50002
250 108 1067.92 69279
40 15 14.532 50183
300 137 2212.91 89974
90 36 92.464 55369
30 13 8.508 50025
150 62 301.916 62470
40 16 14.624 50085
350 163 2097.7 59833
70 28 50.548 50099
250 107 1064.75 68523
10 5 0.72 50000
40 18 16.804 50029
20 8 3.4 50012
90 39 89.096 54040
250 114 1576.15 95140
150 65 361.132 74973
30 12 7.928 50072
80 32 70.504 53566
50 23 23.5 50300
70 29 52.076 52169
200 87 507.652 55426
150 64 364.964 79048
80 30 82.668 63402
100 40 130.024 63294
200 84 1371.33 139203
50 18 23.22 50220
80 33 106.656 78367
80 31 66.468 50103
350 156 2662.77 74293
200 90 1067.69 112959
90 36 89.784 55603
100 41 99.112 50650
10 4 0.676 50001
90 35 156.58 93410
80 32 74.296 56415
200 90 460.052 54240
300 135 1423.54 53152
