350 153 0.004  1 
80 30 0  1 
10 4 0  1 
70 29 0  1 
40 17 0  1 
30 13 0  1 
200 80 0.004  1 
50 24 0  1 
40 16 0  1 
350 147 0.012  1 
300 125 0.004  1 
20 8 0  1 
200 83 0  1 
300 129 0.004  1 
60 21 0  1 
250 110 0.004  1 
90 37 0  1 
60 25 0  1 
10 4 0  1 
30 13 0  1 
250 106 0.004  1 
250 110 0  1 
60 24 0  1 
20 9 0  1 
40 15 0  1 
100 40 0  1 
90 37 0  1 
70 31 0  1 
250 108 0  1 
30 10 0  1 
70 32 0.004  1 
50 19 0  1 
50 19 0  1 
90 37 0  1 
10 3 0  1 
50 19 0  1 
300 126 0.004  1 
10 5 0  1 
300 127 0  1 
150 66 0  1 
70 29 0  1 
300 123 0.004  1 
150 62 0  1 
150 62 0  1 
350 150 0.004  1 
50 22 0  1 
250 112 0.004  1 
90 36 0  1 
80 33 0  1 
350 148 0.008  1 
150 64 0  1 
200 86 0  1 
20 8 0  1 
60 25 0  1 
350 150 0.004  1 
10 5 0  1 
200 86 0  1 
250 103 0  1 
30 12 0  1 
30 11 0  1 
40 18 0  1 
40 14 0  1 
60 24 0  1 
300 123 0.004  1 
40 18 0  1 
70 30 0  1 
10 5 0  1 
60 25 0  1 
350 157 0.008  1 
20 9 0  1 
20 8 0  1 
150 59 0  1 
100 40 0  1 
70 31 0  1 
200 85 0  1 
10 3 0  1 
300 131 0.008  1 
60 28 0  1 
250 109 0.004  1 
60 27 0  1 
90 34 0  1 
150 64 0  1 
60 26 0  1 
100 41 0  1 
100 47 0  1 
30 13 0  1 
350 152 0.008  1 
20 8 0  1 
90 38 0.004  1 
20 9 0  1 
80 35 0  1 
80 34 0.004  1 
30 13 0  1 
350 149 0.004  1 
60 28 0  1 
100 41 0  1 
20 9 0  1 
100 41 0  1 
40 17 0  1 
150 60 0  1 
50 18 0  1 
100 42 0  1 
50 21 0  1 
50 19 0  1 
70 30 0  1 
20 8 0  1 
100 45 0  1 
70 31 0  1 
80 33 0  1 
200 91 0  1 
300 125 0.004  1 
30 12 0  1 
10 4 0  1 
250 99 0  1 
40 15 0  1 
300 132 0.008  1 
90 37 0  1 
30 13 0  1 
150 62 0  1 
40 16 0  1 
350 149 0.004  1 
70 28 0  1 
250 100 0  1 
10 5 0  1 
40 18 0  1 
20 8 0  1 
90 41 0  1 
250 111 0.004  1 
150 66 0  1 
30 12 0  1 
80 32 0  1 
50 24 0  1 
70 30 0.004  1 
200 85 0  1 
150 64 0  1 
80 31 0  1 
100 41 0  1 
200 83 0.004  1 
50 20 0  1 
80 34 0  1 
80 33 0  1 
350 148 0.008  1 
200 92 0  1 
90 35 0  1 
100 41 0  1 
10 4 0  1 
90 37 0  1 
80 33 0  1 
200 86 0  1 
300 128 0.004  1 
