350 161 210.328 123
80 30 1.184 197
10 4 0.004 107
70 29 0.392 112
40 17 0.068 101
30 12 0.032 101
200 86 18.932 152
50 21 0.216 167
40 16 0.076 113
350 155 183.36 104
300 137 95.952 113
20 8 0.012 104
200 89 19.656 153
300 135 90.464 105
60 21 0.364 162
250 114 42.22 119
90 35 1.532 167
60 24 0.284 126
10 4 0.004 102
30 12 0.036 104
250 109 68.056 172
250 108 76.808 205
60 24 0.316 133
20 8 0.012 101
40 15 0.084 130
100 41 1.564 128
90 37 1.436 178
70 28 0.688 159
250 111 42.232 116
30 10 0.036 105
70 30 0.448 108
50 19 0.128 101
50 19 0.156 103
90 36 0.944 110
10 3 0 101
50 19 0.224 172
300 132 155.348 165
10 4 0 105
300 131 177.136 188
150 66 6.34 148
70 29 0.412 119
300 132 264.776 283
150 59 6.164 142
150 63 7.772 150
350 152 479.308 256
50 21 0.152 109
250 111 44.804 120
90 36 0.956 108
80 32 0.588 113
350 158 309.032 155
150 63 8.824 195
200 88 16.636 137
20 8 0.012 101
60 25 0.264 118
350 155 283.536 120
10 5 0 101
200 89 16.06 110
250 112 52.252 143
30 12 0.036 109
30 11 0.032 105
40 16 0.072 107
40 14 0.076 105
60 24 0.252 102
300 131 118.656 140
40 17 0.08 101
70 28 0.68 169
10 4 0.004 104
60 25 0.328 135
350 160 287.036 123
20 8 0.012 107
20 8 0.008 102
150 60 8.184 171
100 39 1.8 137
70 30 0.412 110
200 83 22.096 159
10 3 0 101
300 133 203.276 192
60 27 0.232 105
250 114 54.02 161
60 26 0.252 102
90 34 1 105
150 67 6.456 132
60 25 0.252 116
100 42 2.22 182
100 45 3.248 261
30 13 0.036 102
350 165 212.56 109
20 8 0.012 109
90 38 1.1 112
20 9 0.012 101
80 34 0.796 140
80 33 0.74 116
30 13 0.032 102
350 159 237.38 114
60 26 0.308 120
100 39 1.54 119
20 7 0.016 103
100 39 2.924 214
40 17 0.08 101
150 63 5.208 109
50 18 0.128 101
100 43 1.876 156
50 21 0.132 106
50 18 0.244 163
70 29 0.472 125
20 8 0.012 103
100 44 1.272 114
70 29 0.536 140
80 32 0.772 120
200 88 19.236 124
300 124 171.832 168
30 11 0.044 133
10 4 0 101
250 104 75 205
40 15 0.068 101
300 137 119.78 125
90 35 1.42 159
30 13 0.032 101
150 62 4.96 105
40 16 0.076 113
350 161 267.832 160
70 29 0.464 119
250 106 51.18 167
10 5 0 101
40 18 0.08 104
20 8 0.012 101
90 40 0.88 109
250 115 37.62 110
150 66 8.76 209
30 12 0.032 102
80 33 1.124 186
50 23 0.236 185
70 30 0.508 136
200 89 20.2 190
150 64 7.864 200
80 31 1.292 218
100 40 1.74 142
200 88 19.776 127
50 20 0.14 109
80 33 0.936 148
80 31 0.972 162
350 151 278.78 138
200 90 25.54 183
90 35 1.704 215
100 41 2.244 195
10 4 0 101
90 37 1.644 181
80 33 0.644 102
200 90 12.052 111
300 139 132.96 111
