350 158 341.18 194
80 32 0.648 108
10 4 0.004 101
70 29 0.376 105
40 17 0.072 103
30 12 0.036 114
200 84 16.32 134
50 22 0.132 101
40 16 0.076 111
350 157 277.116 154
300 131 193.872 227
20 8 0.012 103
200 88 14.832 117
300 134 190.912 222
60 21 0.392 170
250 111 60.1 172
90 35 1.06 115
60 26 0.292 128
10 4 0.004 104
30 12 0.044 123
250 110 62.888 158
250 110 63.788 133
60 23 0.292 116
20 8 0.012 103
40 15 0.096 146
100 41 2.2 169
90 38 0.904 105
70 28 0.952 209
250 110 61.936 164
30 10 0.032 101
70 29 0.472 119
50 19 0.136 107
50 19 0.148 102
90 36 0.96 113
10 3 0.004 101
50 20 0.148 112
300 131 180.996 213
10 4 0 107
300 132 131.992 153
150 67 4.852 111
70 30 0.4 115
300 132 204.24 233
150 59 5.124 121
150 62 7.396 142
350 155 222.26 123
50 21 0.156 110
250 112 57.856 139
90 35 1.312 144
80 31 0.804 151
350 157 409.472 230
150 62 14.62 297
200 85 20.964 153
20 8 0.012 101
60 25 0.272 119
350 155 283.928 149
10 5 0.004 101
200 90 11.476 101
250 113 30.732 105
30 12 0.036 115
30 11 0.032 103
40 16 0.072 105
40 14 0.072 106
60 24 0.352 149
300 130 95.7 133
40 17 0.08 107
70 28 0.496 133
10 4 0 101
60 26 0.272 106
350 159 298.164 142
20 8 0.012 103
20 8 0.008 108
150 61 7.076 147
100 41 1.476 114
70 30 0.484 134
200 82 18.608 141
10 3 0.004 102
300 132 243.624 227
60 26 0.296 134
250 113 87.62 253
60 26 0.272 108
90 34 1.068 112
150 67 7.088 137
60 25 0.24 108
100 40 2.408 193
100 46 1.676 130
30 13 0.032 102
350 157 429.876 222
20 8 0.012 107
90 39 1.16 120
20 9 0.012 101
80 33 1.012 186
80 33 0.876 138
30 13 0.032 102
350 160 310.588 168
60 26 0.264 103
100 39 1.948 164
20 7 0.012 104
100 40 1.464 123
40 17 0.08 105
150 64 5.096 105
50 18 0.18 143
100 43 1.656 137
50 21 0.128 102
50 18 0.156 105
70 29 0.524 141
20 8 0.012 101
100 43 1.168 104
70 29 0.464 122
80 31 1.352 212
200 88 23.132 146
300 129 149.66 141
30 11 0.044 135
10 4 0 101
250 105 49.792 135
40 15 0.068 102
300 136 130.288 128
90 36 0.932 103
30 13 0.036 103
150 62 10.352 209
40 16 0.116 162
350 165 227.908 108
70 29 0.48 118
250 107 55.528 125
10 5 0 101
40 18 0.088 104
20 8 0.012 104
90 39 1.04 119
250 114 99.68 232
150 67 8.192 186
30 12 0.032 107
80 33 1.052 175
50 23 0.148 117
70 30 0.644 177
200 90 16.976 132
150 66 4.136 102
80 31 1.144 195
100 40 1.652 139
200 85 38.656 268
50 19 0.136 107
80 33 0.748 121
80 31 0.948 162
350 149 570.592 241
200 89 20.432 133
90 35 2.032 250
100 41 2.06 173
10 4 0.004 101
90 36 2.1 232
80 34 0.656 102
200 91 22.736 200
300 135 168.704 137
