100 38 0.008  1 
400 151 0.152  1 
200 53 0.052  1 
500 149 0.252  1 
400 88 0.172  1 
200 41 0.044  1 
200 29 0.032  1 
500 110 0.24  1 
500 100 0.256  1 
100 8 0.024  1 
300 42 0.072  1 
200 20 0.036  1 
500 92 0.236  1 
300 41 0.088  1 
500 75 0.244  1 
500 77 0.256  1 
100 6 0.024  1 
200 14 0.028  1 
400 49 0.136  1 
100 6 0.016  1 
500 68 0.236  1 
200 13 0.052  1 
400 47 0.136  1 
300 25 0.096  1 
200 16 0.04  1 
100 6 0.012  1 
300 24 0.076  1 
300 27 0.072  1 
100 6 0.008  1 
300 22 0.072  1 
200 12 0.032  1 
100 4 0.004  1 
300 22 0.068  1 
400 40 0.14  1 
300 21 0.092  1 
400 40 0.148  1 
300 20 0.084  1 
100 4 0.012  1 
200 10 0.032  1 
400 36 0.144  1 
300 18 0.1  1 
500 58 0.24  1 
500 55 0.276  1 
200 8 0.06  1 
400 30 0.14  1 
400 31 0.144  1 
100 4 0.02  1 
500 48 0.24  1 
100 3 0.028  1 
400 27 0.136  1 
