100 38 0  1 
400 151 0.012  1 
200 53 0  1 
500 149 0.016  1 
400 88 0.008  1 
200 41 0  1 
200 29 0.004  1 
500 110 0.012  1 
500 100 0.012  1 
100 8 0  1 
300 42 0  1 
200 20 0  1 
500 92 0.016  1 
300 41 0.004  1 
500 75 0.016  1 
500 77 0.012  1 
100 6 0  1 
200 14 0  1 
400 49 0.004  1 
100 6 0  1 
500 68 0.012  1 
200 13 0  1 
400 47 0.008  1 
300 25 0  1 
200 16 0  1 
100 6 0  1 
300 24 0.004  1 
300 27 0.004  1 
100 6 0  1 
300 22 0.004  1 
200 12 0  1 
100 4 0  1 
300 22 0.004  1 
400 40 0.004  1 
300 21 0  1 
400 40 0.008  1 
300 20 0.004  1 
100 4 0  1 
200 10 0  1 
400 36 0.012  1 
300 18 0.004  1 
500 58 0.012  1 
500 55 0.016  1 
200 8 0  1 
400 30 0.008  1 
400 31 0.008  1 
100 4 0  1 
500 48 0.016  1 
100 3 0  1 
400 27 0.008  1 
