100 29 331.056 44490
400 133 4282.94 25512
200 44 855.044 27963
500 136 8081.1 29065
400 76 3926.7 23886
200 24 609.376 20023
200 21 763.284 24927
500 97 9697.31 36184
500 81 11202.9 41259
100 6 137.268 21180
300 33 2430.78 30411
200 14 989.72 33889
500 73 6108.14 22475
300 27 2053.72 25506
500 65 12061.1 44097
500 59 8887.06 31991
100 3 217.088 32981
200 9 670.56 23220
400 36 3914 24778
100 3 149.9 22543
500 52 7020.46 25806
200 9 654.392 22267
400 31 7456.71 47434
300 19 1633.89 20356
200 8 617.124 20837
100 3 132.588 20025
300 16 1718.35 21639
300 16 1701.6 21251
100 3 135.888 20007
300 15 2941.4 36882
200 6 590.54 20098
100 2 147.108 21467
300 14 1677.8 21096
400 26 6280.68 40258
300 13 2866.98 35343
400 25 6792.08 43002
300 13 2372.33 29331
100 2 140.56 20131
200 5 780.86 26726
400 22 4253.5 26834
300 12 1634.94 20194
500 47 7597.32 28039
500 42 9077.64 33331
200 5 619.6 20607
400 21 3671.06 23135
400 22 3260.45 20519
100 2 144.432 20007
500 38 9923.74 36469
100 2 146.884 20014
400 18 3541.79 21393
