350 150 189 111
80 30 1.484 255
10 4 0 113
70 28 0.368 105
40 17 0.084 115
30 12 0.032 101
200 80 21.176 167
50 22 0.128 101
40 16 0.092 135
350 145 292.368 157
300 127 107.696 137
20 8 0.02 122
200 83 19.812 179
300 131 108.324 113
60 22 0.356 153
250 114 41.064 112
90 35 1.004 107
60 25 0.268 114
10 4 0 101
30 12 0.036 103
250 113 44.212 105
250 111 48.004 113
60 25 0.3 110
20 8 0.012 101
40 16 0.084 115
100 42 1.548 120
90 37 1.44 165
70 28 0.66 148
250 110 51.944 106
30 10 0.04 109
70 29 0.436 103
50 19 0.136 107
50 19 0.152 104
90 36 1.188 134
10 3 0 101
50 19 0.136 105
300 132 97.636 102
10 4 0 103
300 129 119.564 120
150 68 5.344 111
70 29 0.432 111
300 137 102.072 102
150 58 7.36 163
150 64 6.68 119
350 154 214.9 106
50 21 0.164 112
250 112 54.4 119
90 34 1.056 111
80 31 0.652 116
350 155 218.576 105
150 64 6.252 117
200 88 15.908 102
20 8 0.012 101
60 26 0.244 101
350 149 234.968 103
10 5 0 103
200 87 15.832 102
250 108 51.632 102
30 12 0.036 105
30 11 0.036 105
40 16 0.092 117
40 14 0.08 102
60 24 0.356 136
300 135 116.3 107
40 17 0.08 104
70 29 0.6 140
10 4 0.004 108
60 25 0.276 102
350 161 455.2 196
20 8 0.012 102
20 8 0.012 107
150 62 5.268 109
100 41 1.46 111
70 31 0.424 113
200 85 30.796 213
10 3 0 101
300 129 110.372 110
60 26 0.264 115
250 111 37.24 112
60 26 0.28 107
90 34 1.044 111
150 66 5.012 102
60 25 0.252 114
100 41 1.396 113
100 48 1.328 104
30 13 0.036 101
350 158 206.932 116
20 8 0.012 102
90 36 1.072 117
20 9 0.012 101
80 33 0.7 130
80 32 0.612 101
30 13 0.032 103
350 159 227.444 120
60 26 0.264 103
100 40 1.184 102
20 7 0.012 105
100 40 1.34 110
40 17 0.076 101
150 64 5.648 117
50 18 0.144 114
100 44 1.296 109
50 21 0.128 102
50 18 0.16 111
70 31 0.456 119
20 8 0.012 101
100 43 1.924 170
70 29 0.42 113
80 32 0.704 111
200 90 16.288 112
300 131 128.9 132
30 11 0.036 111
10 4 0 103
250 108 42.932 115
40 15 0.088 125
300 133 117.188 119
90 38 0.976 114
30 13 0.048 101
150 62 5.464 119
40 16 0.068 101
350 163 217.508 123
70 28 0.436 108
250 100 40.464 107
10 5 0.004 102
40 18 0.084 101
20 8 0.012 102
90 40 0.952 112
250 117 43.996 106
150 68 4.668 107
30 12 0.032 102
80 32 0.768 124
50 23 0.132 101
70 30 0.56 147
200 89 12.76 101
150 65 5.036 118
80 33 1.228 194
100 42 1.788 147
200 86 17.428 119
50 19 0.192 147
80 33 1.268 196
80 31 0.676 109
350 144 218.324 112
200 87 14.484 106
90 36 1.58 197
100 42 1.236 107
10 4 0 101
90 37 0.976 108
80 32 0.728 120
200 90 12.888 114
300 137 113.2 105
