350 151 262.404 160
80 31 0.624 107
10 4 0 101
70 29 0.404 115
40 17 0.072 105
30 12 0.028 101
200 81 17.124 138
50 21 0.16 127
40 16 0.088 132
350 147 386.032 221
300 121 130.86 182
20 8 0.016 115
200 86 13.216 118
300 139 119.568 125
60 22 0.404 168
250 112 37.044 113
90 35 1.54 165
60 25 0.284 118
10 4 0.004 101
30 12 0.052 142
250 109 42.3 105
250 109 40.752 103
60 24 0.292 115
20 8 0.02 167
40 16 0.076 109
100 42 1.44 115
90 37 0.876 103
70 28 0.776 170
250 113 41.88 109
30 10 0.036 106
70 29 0.596 140
50 19 0.168 130
50 19 0.164 107
90 36 1.308 148
10 3 0.004 101
50 19 0.148 109
300 134 115.14 113
10 4 0 101
300 131 102.784 103
150 68 4.444 101
70 30 0.456 128
300 133 99.96 110
150 60 4.86 115
150 61 5.756 108
350 156 206.396 106
50 21 0.232 156
250 112 45.356 112
90 38 0.948 102
80 34 0.6 110
350 162 190.624 106
150 64 5.888 115
200 86 14.004 103
20 8 0.008 101
60 24 0.264 112
350 157 248.148 106
10 5 0.004 102
200 88 15.82 101
250 107 45.948 103
30 12 0.036 103
30 11 0.036 101
40 16 0.088 115
40 14 0.088 113
60 25 0.304 113
300 134 112.88 108
40 17 0.084 101
70 29 0.432 106
10 4 0.004 106
60 25 0.284 109
350 161 424.68 185
20 8 0.012 106
20 8 0.012 103
150 62 5.64 111
100 40 1.416 106
70 31 0.4 102
200 85 26.624 181
10 3 0.004 102
300 134 260.476 248
60 27 0.28 117
250 114 36.492 105
60 25 0.3 110
90 34 0.996 104
150 67 8.7 172
60 25 0.248 112
100 42 1.3 101
100 46 1.428 108
30 13 0.036 101
350 161 191.252 104
20 8 0.012 105
90 38 1.872 194
20 9 0.012 101
80 32 0.656 115
80 34 0.684 106
30 13 0.036 103
350 161 209.44 113
60 26 0.452 174
100 40 1.244 106
20 7 0.012 104
100 41 1.324 108
40 17 0.08 103
150 65 5.112 107
50 18 0.136 105
100 44 1.976 160
50 21 0.136 108
50 18 0.164 111
70 30 0.424 111
20 8 0.012 101
100 44 1.288 113
70 30 0.42 108
80 31 0.732 114
200 89 24.664 187
300 135 122.232 117
30 12 0.036 104
10 4 0.004 102
250 111 74.368 202
40 15 0.072 107
300 138 115.7 114
90 38 0.984 110
30 13 0.036 103
150 64 5.004 107
40 17 0.072 101
350 157 197.584 113
70 29 0.468 114
250 108 42.544 110
10 5 0 101
40 18 0.092 105
20 8 0.012 120
90 39 0.944 107
250 117 43.364 104
150 66 4.732 105
30 12 0.032 103
80 33 0.644 102
50 23 0.184 143
70 29 0.428 110
200 90 14.396 104
150 63 4.2 101
80 32 0.652 106
100 42 1.332 106
200 85 15.38 105
50 20 0.144 109
80 33 0.672 102
80 33 0.76 117
350 153 217.956 111
200 90 23.6 166
90 36 0.832 103
100 41 3.024 253
10 4 0.004 101
90 37 0.996 109
80 34 0.644 103
200 90 12.824 115
300 138 117.46 110
