350 150 122.264 176
80 30 0.636 199
10 4 0 102
70 28 0.212 106
40 17 0.048 103
30 12 0.024 106
200 81 8.908 157
50 21 0.108 137
40 16 0.048 101
350 145 189.856 249
300 123 68.6 176
20 8 0.012 101
200 81 7.384 128
300 127 98.804 265
60 21 0.164 121
250 110 17.748 124
90 35 0.456 101
60 24 0.14 102
10 4 0 101
30 12 0.028 106
250 107 28.176 171
250 104 17.848 102
60 23 0.256 187
20 8 0.008 101
40 15 0.052 119
100 39 0.632 107
90 36 0.42 104
70 28 0.452 195
250 104 29.692 192
30 10 0.024 102
70 29 0.284 131
50 19 0.08 107
50 19 0.092 106
90 36 0.472 108
10 3 0.004 101
50 19 0.088 104
300 127 37.792 108
10 4 0.004 106
300 126 101.088 287
150 63 2.144 111
70 29 0.252 137
300 123 49.36 132
150 59 2.24 117
150 59 3.46 152
350 149 124.092 161
50 21 0.092 103
250 108 13.568 101
90 34 0.456 102
80 31 0.532 189
350 150 94.384 136
150 64 2.2 107
200 85 7.112 144
20 8 0.008 103
60 24 0.14 113
350 150 114.852 133
10 5 0 101
200 86 6.788 135
250 105 18.344 119
30 12 0.024 101
30 11 0.028 103
40 16 0.044 103
40 14 0.052 109
60 24 0.16 119
300 124 68.816 186
40 17 0.048 101
70 29 0.224 104
10 4 0 101
60 25 0.144 106
350 155 94.052 105
20 8 0.012 105
20 8 0.008 101
150 60 3.668 164
100 39 0.74 114
70 29 0.232 118
200 82 11.112 185
10 3 0.004 101
300 125 45.364 106
60 26 0.176 139
250 109 23.828 164
60 25 0.164 116
90 33 0.528 105
150 62 4.624 219
60 25 0.12 101
100 40 1.38 233
100 45 0.6 108
30 13 0.02 101
350 153 176.284 232
20 8 0.012 101
90 37 0.452 102
20 9 0.008 101
80 32 0.312 116
80 33 0.364 108
30 13 0.02 102
350 148 156.888 210
60 26 0.148 106
100 38 0.66 110
20 7 0.008 102
100 39 0.652 112
40 17 0.044 101
150 59 2.352 109
50 18 0.088 108
100 41 0.824 146
50 21 0.076 102
50 18 0.124 136
70 29 0.236 117
20 8 0.008 101
100 41 0.952 181
70 29 0.2 101
80 30 0.404 120
200 86 18.172 278
300 123 56.052 137
30 11 0.024 106
10 4 0 101
250 101 46.392 275
40 15 0.044 102
300 129 56.868 120
90 35 0.58 125
30 13 0.024 103
150 60 2.472 113
40 16 0.056 118
350 153 110.472 148
70 28 0.22 103
250 100 49.36 271
10 5 0 101
40 18 0.052 101
20 8 0.008 103
90 39 0.448 109
250 111 23.956 132
150 65 2.108 102
30 12 0.024 109
80 32 0.636 206
50 23 0.072 102
70 29 0.22 111
200 86 8.944 143
150 63 2.576 133
80 30 0.348 111
100 40 0.692 111
200 83 8.408 132
50 18 0.092 113
80 33 0.336 105
80 31 0.5 146
350 147 137.004 136
200 86 10.468 155
90 35 0.74 169
100 40 0.632 108
10 4 0 101
90 36 0.52 115
80 32 0.476 148
200 86 6.324 119
300 130 63.712 139
