350 150 0.04  1 
80 30 0  1 
10 4 0  1 
70 29 0  1 
40 17 0  1 
30 13 0  1 
200 79 0.004  1 
50 23 0  1 
40 16 0  1 
350 145 0.056  1 
300 124 0.012  1 
20 8 0  1 
200 82 0.004  1 
300 126 0.028  1 
60 21 0  1 
250 109 0.008  1 
90 36 0  1 
60 25 0  1 
10 4 0  1 
30 13 0  1 
250 106 0.004  1 
250 108 0.02  1 
60 24 0  1 
20 8 0  1 
40 15 0  1 
100 39 0  1 
90 36 0  1 
70 30 0  1 
250 104 0.008  1 
30 10 0  1 
70 32 0  1 
50 19 0  1 
50 19 0  1 
90 37 0.004  1 
10 3 0  1 
50 19 0  1 
300 125 0.012  1 
10 5 0  1 
300 125 0.016  1 
150 65 0  1 
70 29 0  1 
300 121 0.016  1 
150 61 0.004  1 
150 61 0  1 
350 146 0.068  1 
50 22 0  1 
250 109 0.012  1 
90 36 0  1 
80 32 0  1 
350 147 0.02  1 
150 62 0  1 
200 85 0.004  1 
20 8 0  1 
60 24 0  1 
350 148 0.056  1 
10 5 0  1 
200 86 0.004  1 
250 102 0.008  1 
30 12 0  1 
30 11 0  1 
40 18 0  1 
40 14 0  1 
60 24 0  1 
300 122 0.012  1 
40 17 0  1 
70 30 0  1 
10 4 0  1 
60 25 0  1 
350 154 0.052  1 
20 9 0  1 
20 8 0  1 
150 59 0  1 
100 39 0  1 
70 31 0  1 
200 85 0.004  1 
10 3 0  1 
300 127 0.048  1 
60 28 0  1 
250 109 0.004  1 
60 26 0  1 
90 34 0  1 
150 63 0.004  1 
60 25 0  1 
100 41 0  1 
100 46 0  1 
30 13 0  1 
350 150 0.036  1 
20 8 0  1 
90 38 0  1 
20 9 0  1 
80 34 0  1 
80 33 0  1 
30 13 0  1 
350 147 0.064  1 
60 27 0  1 
100 40 0  1 
20 7 0  1 
100 40 0  1 
40 17 0  1 
150 59 0  1 
50 18 0  1 
100 42 0  1 
50 21 0  1 
50 18 0  1 
70 30 0  1 
20 8 0  1 
100 44 0  1 
70 30 0  1 
80 33 0  1 
200 88 0.008  1 
300 124 0.012  1 
30 11 0  1 
10 4 0  1 
250 99 0.004  1 
40 15 0  1 
300 128 0.036  1 
90 37 0  1 
30 13 0  1 
150 61 0  1 
40 16 0  1 
350 148 0.024  1 
70 28 0  1 
250 100 0.004  1 
10 5 0  1 
40 18 0  1 
20 8 0  1 
90 40 0  1 
250 109 0.008  1 
150 65 0  1 
30 12 0  1 
80 32 0  1 
50 24 0  1 
70 30 0  1 
200 85 0  1 
150 64 0.004  1 
80 31 0  1 
100 40 0  1 
200 82 0  1 
50 20 0  1 
80 33 0  1 
80 31 0  1 
350 145 0.048  1 
200 90 0.004  1 
90 35 0  1 
100 41 0  1 
10 4 0  1 
90 36 0.004  1 
80 32 0  1 
200 86 0.004  1 
300 128 0.004  1 
