350 149 54.064 135
80 30 0.264 115
10 4 0.004 101
70 28 0.152 103
40 17 0.04 102
30 12 0.024 108
200 79 6.848 193
50 21 0.068 107
40 16 0.036 102
350 141 96.94 224
300 122 32.628 155
20 8 0.008 102
200 82 6.9 202
300 125 25.964 121
60 21 0.12 116
250 109 15.572 190
90 35 0.368 109
60 24 0.128 125
10 4 0 101
30 12 0.024 106
250 102 21.62 236
250 104 10.708 109
60 23 0.12 112
20 8 0.008 101
40 15 0.04 112
100 39 0.428 105
90 35 0.3 103
70 28 0.212 118
250 104 9.38 111
30 10 0.02 101
70 29 0.16 101
50 19 0.064 101
50 19 0.072 103
90 36 0.324 109
10 3 0 101
50 19 0.064 103
300 125 26.396 135
10 5 0.004 101
300 125 34.084 167
150 63 1.616 142
70 29 0.156 110
300 120 31.876 165
150 58 1.4 111
150 60 2.116 142
350 146 41.896 102
50 21 0.072 102
250 105 14.04 151
90 34 0.38 117
80 31 0.248 117
350 146 51.74 137
150 62 2.6 187
200 84 4.028 113
20 8 0.008 102
60 24 0.104 103
350 147 59.956 122
10 5 0 101
200 86 3.864 113
250 101 18.224 209
30 12 0.02 103
30 11 0.024 102
40 16 0.044 117
40 14 0.04 101
60 24 0.104 101
300 122 35.612 184
40 17 0.04 101
70 28 0.264 171
10 4 0.004 101
60 25 0.112 103
350 150 53.172 116
20 8 0.008 101
20 8 0.008 102
150 59 1.716 121
100 39 0.552 127
70 29 0.22 152
200 80 4.56 129
10 3 0.004 101
300 125 31.616 139
60 26 0.112 112
250 106 10.076 128
60 25 0.12 109
90 33 0.376 108
150 62 2.708 208
60 25 0.1 103
100 40 0.48 113
100 45 0.464 118
30 13 0.024 102
350 147 81.908 197
20 8 0.008 101
90 36 0.4 128
20 9 0.008 101
80 32 0.308 151
80 32 0.488 205
30 13 0.02 101
350 149 43.804 115
60 26 0.116 103
100 38 0.652 156
20 7 0.008 102
100 39 0.588 142
40 17 0.04 106
150 58 1.612 109
50 18 0.064 101
100 41 0.72 181
50 21 0.06 103
50 18 0.072 101
70 29 0.168 112
20 8 0.012 101
100 41 0.48 132
70 29 0.172 114
80 30 0.264 112
200 86 6.216 164
300 122 57.38 243
30 11 0.024 105
10 4 0 101
250 100 11.464 125
40 15 0.036 101
300 127 30.684 134
90 35 0.38 116
30 13 0.02 101
150 60 2.592 188
40 16 0.04 102
350 150 55.224 147
70 28 0.156 101
250 99 13.604 143
10 5 0 101
40 18 0.044 103
20 8 0.008 102
90 39 0.348 122
250 108 17.276 188
150 64 1.252 103
30 12 0.016 101
80 32 0.26 116
50 23 0.06 105
70 29 0.168 108
200 85 3.696 118
150 63 1.26 113
80 30 0.236 103
100 40 0.448 103
200 81 5.256 144
50 18 0.064 101
80 33 0.256 111
80 31 0.252 105
350 142 59.516 120
200 87 3.528 106
90 35 0.476 169
100 40 0.46 117
10 4 0 101
90 35 0.52 173
80 32 0.284 125
200 86 3.02 105
300 126 36.78 156
