350 159 2937.42 84815
80 30 130.856 99750
10 4 0.66 50000
70 28 55.368 58733
40 17 15.336 50103
30 12 8.356 50075
200 84 610.376 69597
50 21 23.908 50136
40 16 14.568 50116
350 154 5688.92 167958
300 133 1217.18 50877
20 8 3.648 50003
200 87 529.932 57731
300 131 2815.34 116969
60 21 34.508 50429
250 115 938.532 60987
90 36 89.324 52762
60 24 38.708 55460
10 4 0.632 50005
30 12 8.516 50123
250 112 864.152 54416
250 113 1326.06 81182
60 23 35.996 50650
20 8 3.552 50151
40 15 14.628 50117
100 39 144.94 71322
90 35 106.648 65265
70 29 55.936 52212
250 110 1147.08 71993
30 10 8.304 50102
70 29 53.844 52424
50 19 22.576 50135
50 19 24.168 50153
90 36 103.584 64105
10 3 0.656 50000
50 19 23.172 50251
300 135 1503.73 61499
10 4 0.696 50071
300 134 2375.36 100400
150 63 348.312 74602
70 29 46.908 50488
300 131 1541.05 63251
150 61 342.736 74497
150 61 378.636 74590
350 159 2021.59 58043
50 21 24.92 50236
250 112 1283 79052
90 34 148.064 88327
80 31 76.524 62971
350 156 2434.47 71888
150 66 353.408 71538
200 89 841.828 90951
20 8 3.52 50007
60 24 34.872 51456
350 161 2611.74 71858
10 5 0.684 50000
200 88 1083.18 114955
250 109 931.06 60157
30 12 8.064 50031
30 11 8.004 50042
40 16 14.9 50223
40 14 15.052 50067
60 24 35.788 50001
300 131 1870.09 77005
40 17 15.996 50007
70 28 62.348 62384
10 4 0.704 50000
60 25 35.648 50151
350 160 5457.7 149042
20 8 3.6 50038
20 8 3.384 50002
150 62 299.884 61281
100 39 202.744 96671
70 29 48.68 50808
200 85 839.772 88851
10 3 0.664 50000
300 135 1470.37 58749
60 26 34.628 50096
250 110 1389.33 93032
60 25 38.348 51676
90 33 124.152 73507
150 63 557.96 112208
60 25 32.968 50028
100 40 116.056 57105
100 45 108.232 51312
30 13 8.34 50007
350 159 4034.49 117007
20 8 3.512 50000
90 36 94.532 54619
20 9 3.684 50013
80 32 84.444 68161
80 32 91.248 67139
30 13 8.348 50011
350 159 2348.17 67785
60 26 36.372 50140
100 39 190.748 95711
20 7 3.608 50018
100 39 114.764 56578
40 17 15.328 50022
150 61 334.92 68054
50 18 22.728 50105
100 41 128.292 63586
50 21 22.432 50189
50 18 25.592 50185
70 29 49.872 50919
20 8 3.556 50012
100 41 183.512 94754
70 29 48.96 50154
80 30 76.7 56397
200 90 674.34 69064
300 132 1494.3 58603
30 11 8.356 50052
10 4 0.668 50000
250 109 858.404 55915
40 15 14.368 50109
300 136 2107.61 82245
90 36 88.316 52956
30 13 8.428 50000
150 63 250.324 51991
40 16 14.592 50047
350 162 2561.11 73732
70 28 51.032 50721
250 107 856.22 54965
10 5 0.7 50006
40 18 16.652 50009
20 8 3.344 50012
90 39 84.46 51306
250 115 920.216 55820
150 66 273.288 57444
30 12 7.892 50002
80 32 73.968 56004
50 23 23.316 50156
70 29 50.908 51548
200 87 537.724 58755
150 64 256.228 55237
80 30 128.752 98896
100 40 116.152 57245
200 86 570.808 58192
50 18 23.116 50142
80 33 76.288 56583
80 31 88.268 66850
350 157 2736.53 79843
200 90 650.372 69122
90 35 117.372 72363
100 40 120.628 61179
10 4 0.648 50000
90 35 115.664 69462
80 32 67.308 51432
200 89 529.28 62269
300 135 1451.84 54294
