300 104 29.248  1 
100 32 0.86  1 
100 32 0.884  1 
400 140 74.136  1 
500 178 161.076  1 
400 137 76.12  1 
500 175 164.504  1 
100 31 0.88  1 
200 67 7.412  1 
100 31 0.884  1 
400 140 75.888  1 
200 67 7.86  1 
400 142 76.284  1 
500 174 171.28  1 
400 139 76.76  1 
500 176 167.464  1 
100 32 0.88  1 
300 102 31.216  1 
300 102 31.504  1 
500 172 161.244  1 
300 107 30.74  1 
200 71 7.58  1 
100 30 0.844  1 
500 171 177.104  1 
500 173 181.028  1 
300 105 32.44  1 
100 33 1.012  1 
400 141 74.368  1 
200 69 7.688  1 
200 68 7.724  1 
400 136 75.416  1 
100 32 0.868  1 
400 142 75.568  1 
400 139 76.528  1 
400 143 79.944  1 
500 174 169.004  1 
200 70 7.512  1 
200 69 7.572  1 
500 177 155.676  1 
200 70 7.568  1 
300 103 29.288  1 
300 103 32.3  1 
300 103 30.224  1 
300 102 30.884  1 
200 66 7.612  1 
300 106 30.372  1 
200 68 8.832  1 
100 33 1.16  1 
500 174 166.668  1 
100 31 0.864  1 
