300 101 0.032  1 
100 32 0  1 
100 32 0  1 
400 138 0.048  1 
500 175 0.108  1 
400 135 0.048  1 
500 174 0.056  1 
100 31 0.004  1 
200 67 0  1 
100 31 0  1 
400 138 0.04  1 
200 67 0.004  1 
400 142 0.016  1 
500 173 0.068  1 
400 138 0.04  1 
500 174 0.068  1 
100 31 0  1 
300 102 0.012  1 
300 102 0.008  1 
500 172 0.032  1 
300 106 0.016  1 
200 71 0.004  1 
100 29 0  1 
500 170 0.052  1 
500 172 0.056  1 
300 104 0.02  1 
100 31 0  1 
400 137 0.076  1 
200 69 0  1 
200 68 0.004  1 
400 134 0.048  1 
100 32 0  1 
400 142 0.016  1 
400 138 0.024  1 
400 141 0.04  1 
500 174 0.02  1 
200 70 0.004  1 
200 69 0.004  1 
500 176 0.056  1 
200 70 0.004  1 
300 102 0.016  1 
300 102 0.012  1 
300 102 0.016  1 
300 102 0.008  1 
200 65 0.004  1 
300 105 0.016  1 
200 68 0  1 
100 33 0  1 
500 172 0.064  1 
100 31 0  1 
