100 30 143.608 18471
400 135 4669.12 21560
200 67 381.708 10614
500 168 3658.17 10138
400 133 7371.55 35402
200 65 693.44 19290
200 61 788.404 22298
500 169 4881.93 13523
500 172 5229.94 14261
100 30 113.892 15012
300 102 2193.54 22582
200 65 399.528 11678
500 169 7016.68 20280
300 99 1397.38 14321
500 167 6469.89 18094
500 172 4724.14 13177
100 30 75.556 10016
200 65 373.036 10984
400 135 2069.98 10817
100 31 101.772 13294
500 170 5604.71 16137
200 66 369.832 10711
400 138 1967.63 10238
300 96 1026.5 10927
200 64 482.988 14021
100 28 77.536 10225
300 99 1009.05 10692
300 100 1117.69 11610
100 30 86.748 11379
300 100 1630.52 17041
200 65 425.896 12376
100 30 92.836 12126
300 101 1971.76 20935
400 133 2486.1 13020
300 100 1099.94 11460
400 135 1935.1 10028
300 102 1670.66 17250
100 30 88.464 11585
200 65 513.256 15054
400 137 5018.09 24781
300 100 1124.98 10991
500 170 4964.86 13898
500 171 5047.07 12858
200 65 501.64 13507
400 134 2767.16 13531
400 136 3447.77 16026
100 28 126.6 15605
500 169 6536.42 17736
100 29 104.16 13741
400 134 3316.66 16568
