COORD_X_Y 100
  2.35694   2.23058
  1.46154  0.108485
  1.03652 0.0998714
  1.55277  0.904768
  1.33353   1.52045
   1.3064   1.11347
  1.34006   1.62913
 0.202383   2.48586
 0.465008   1.93409
 0.192557   1.06047
  2.06201    0.4673
   2.8922  0.847466
  2.07912  0.664335
  1.99841  0.468248
 0.773296   2.63585
  2.09486   1.53501
  1.83815  0.486418
 0.511673   2.25978
 0.707223   2.18847
  1.09915  0.825162
  1.40385    1.5638
   2.2673   2.74073
 0.129428  0.016278
  1.49828  0.784153
0.0203813   2.36713
  1.81746   2.10574
 0.353999    1.1241
  1.33013   2.63142
  2.43876   0.13625
  0.22727  0.746662
  2.25356   1.58098
  2.31422 0.0882787
  2.63571   2.86666
  2.08233   2.97784
   1.2666  0.889479
  2.05121  0.330719
  2.71612   2.19604
  1.34395  0.300093
 0.705638   2.34936
  2.24622  0.354468
  2.89305  0.335087
  2.19353   1.41171
  1.41487 0.0568581
  2.82209   2.95606
 0.854547   1.48161
  2.09479   1.79602
  1.66278   1.82029
  0.58302  0.790924
  1.39588  0.451459
  2.43894   1.04953
  1.16437    2.3199
  1.49397   0.52468
 0.428043  0.547015
    0.788   1.32326
  1.48841  0.359784
 0.318298    2.5475
  2.27672   2.30359
  2.86214   1.56947
 0.459513 0.0129633
  1.16532  0.301997
 0.543937   1.11619
  2.19204   1.78272
 0.582992   2.75188
 0.293212   2.61547
  2.29834  0.285589
 0.272181   2.18698
 0.744429   1.68518
 0.737588  0.503114
  2.83618   1.61346
  2.05876   2.70868
  2.53869  0.543038
 0.759935   0.40183
0.0775673  0.218758
  1.54248   2.08144
  2.60568  0.196659
  1.75379    2.6248
 0.319081  0.618198
  1.63444   2.01959
  1.78743 0.00502245
  2.72113   2.60564
0.0942707   2.14845
  2.23014   1.92366
  1.99651   2.17909
 0.820091   2.34027
0.0421432  0.517009
 0.285341    1.8497
  1.09922   1.62013
 0.261579   1.61906
  2.05018    2.9926
 0.997398  0.116136
  1.03658    2.7442
  1.09912   1.99584
  1.04294   2.81784
0.0494439   2.40105
  1.52227  0.969022
  0.24696    0.1397
  1.35559  0.577451
  1.04856   2.34689
 0.988816  0.941801
 0.175564   0.22919
LINKS_SOURCE_DESTINATION_DISTANCE 454
     0      1      1
     0      3      1
     0      4      1
     0      5      1
     0     10      1
     0     12      1
     0     16      1
     0     28      1
     0     34      1
     0     45      1
     0     53      1
     0     58      1
     0     96      1
     1      0      1
     1      2      1
     1      6      1
     1      8      1
     1     10      1
     1     21      1
     1     29      1
     1     32      1
     1     60      1
     2      1      1
     2     11      1
     2     13      1
     2     32      1
     2     39      1
     2     46      1
     2     64      1
     2     94      1
     3      0      1
     3      4      1
     3      8      1
     3     14      1
     3     17      1
     3     21      1
     3     22      1
     3     73      1
     3     84      1
     3     89      1
     4      3      1
     4      0      1
     4      5      1
     4      6      1
     4      7      1
     4      9      1
     4     31      1
     4     81      1
     4     99      1
     5      4      1
     5      0      1
     5     19      1
     5     29      1
     5     49      1
     5     90      1
     6      1      1
     6      4      1
     6      7      1
     6      8      1
     6     13      1
     6     20      1
     6     22      1
     6     33      1
     6     38      1
     6     67      1
     7      4      1
     7      6      1
     7     11      1
     7     12      1
     7     27      1
     7     38      1
     7     79      1
     8      1      1
     8      6      1
     8      3      1
     8      9      1
     8     17      1
     8     40      1
     8     42      1
     8     72      1
     9      4      1
     9      8      1
     9     21      1
     9     24      1
     9     25      1
     9     27      1
     9     32      1
     9     51      1
     9     58      1
     9     63      1
     9     74      1
     9     80      1
    10      1      1
    10      0      1
    10     12      1
    10     14      1
    10     18      1
    10     43      1
    10     50      1
    10     80      1
    11      2      1
    11      7      1
    11     15      1
    11     18      1
    11     36      1
    11     71      1
    11     83      1
    11     99      1
    12      7      1
    12      0      1
    12     10      1
    12     18      1
    12     24      1
    12     52      1
    12     54      1
    12     59      1
    12     81      1
    13      6      1
    13      2      1
    13     15      1
    13     19      1
    13     37      1
    13     55      1
    13     63      1
    13     97      1
    14      3      1
    14     10      1
    14     16      1
    14     23      1
    14     35      1
    14     41      1
    14     78      1
    15     13      1
    15     11      1
    15     16      1
    15     20      1
    15     26      1
    15     62      1
    16     14      1
    16      0      1
    16     15      1
    16     29      1
    16     40      1
    16     54      1
    16     61      1
    16     62      1
    17      8      1
    17      3      1
    17     20      1
    17     65      1
    17     86      1
    17     96      1
    18     10      1
    18     12      1
    18     11      1
    18     23      1
    18     41      1
    18     85      1
    18     89      1
    18     93      1
    19      5      1
    19     13      1
    19     34      1
    19     42      1
    19     57      1
    20     17      1
    20      6      1
    20     15      1
    20     34      1
    20     44      1
    20     47      1
    20     66      1
    20     75      1
    21      9      1
    21      3      1
    21      1      1
    21     23      1
    21     46      1
    22      6      1
    22      3      1
    22     28      1
    22     92      1
    23     14      1
    23     18      1
    23     21      1
    23     25      1
    23     30      1
    23     33      1
    23     52      1
    23     59      1
    23     62      1
    23     82      1
    24      9      1
    24     12      1
    24     30      1
    24     36      1
    24     37      1
    25      9      1
    25     23      1
    25     26      1
    25     38      1
    26     15      1
    26     25      1
    26     31      1
    26     35      1
    26     45      1
    26     56      1
    26     59      1
    26     83      1
    27      9      1
    27      7      1
    27     48      1
    28      0      1
    28     22      1
    28     60      1
    28     63      1
    29      5      1
    29     16      1
    29      1      1
    29     48      1
    30     24      1
    30     23      1
    30     36      1
    30     55      1
    30     72      1
    31     26      1
    31      4      1
    31     40      1
    31     52      1
    32      1      1
    32      9      1
    32      2      1
    32     64      1
    33     23      1
    33      6      1
    33     74      1
    34     19      1
    34     20      1
    34      0      1
    34     72      1
    34     98      1
    35     14      1
    35     26      1
    35     78      1
    36     24      1
    36     30      1
    36     11      1
    37     24      1
    37     13      1
    37     39      1
    37     56      1
    37     76      1
    37     81      1
    38     25      1
    38      6      1
    38      7      1
    38     49      1
    38     93      1
    39      2      1
    39     37      1
    39     42      1
    39     47      1
    40      8      1
    40     31      1
    40     16      1
    40     41      1
    40     44      1
    40     68      1
    40     74      1
    40     95      1
    41     18      1
    41     40      1
    41     14      1
    41     92      1
    42     19      1
    42      8      1
    42     39      1
    42     43      1
    42     50      1
    43     42      1
    43     10      1
    44     40      1
    44     20      1
    44     53      1
    44     68      1
    44     79      1
    45      0      1
    45     26      1
    45     86      1
    46      2      1
    46     21      1
    46     51      1
    46     95      1
    47     39      1
    47     20      1
    47     61      1
    47     65      1
    47     67      1
    48     29      1
    48     27      1
    49     38      1
    49      5      1
    49     76      1
    49     87      1
    50     42      1
    50     10      1
    50     57      1
    51     46      1
    51      9      1
    51     73      1
    51     87      1
    52     12      1
    52     31      1
    52     23      1
    52     68      1
    53     44      1
    53      0      1
    54     16      1
    54     12      1
    55     30      1
    55     13      1
    55     93      1
    56     37      1
    56     26      1
    56     66      1
    57     50      1
    57     19      1
    57     70      1
    58      0      1
    58      9      1
    58     85      1
    59     12      1
    59     23      1
    59     26      1
    59     79      1
    59     84      1
    60     28      1
    60      1      1
    60     75      1
    61     47      1
    61     16      1
    61     82      1
    61     84      1
    61     86      1
    62     15      1
    62     16      1
    62     23      1
    62     71      1
    62     78      1
    63     28      1
    63      9      1
    63     13      1
    63     88      1
    64     32      1
    64      2      1
    64     66      1
    65     47      1
    65     17      1
    65     69      1
    66     20      1
    66     56      1
    66     64      1
    66     70      1
    66     83      1
    67      6      1
    67     47      1
    67     91      1
    68     40      1
    68     52      1
    68     44      1
    68     69      1
    68     77      1
    68     88      1
    68     97      1
    69     68      1
    69     65      1
    69     71      1
    69     77      1
    70     57      1
    70     66      1
    71     62      1
    71     69      1
    71     11      1
    71     90      1
    72     30      1
    72     34      1
    72      8      1
    73     51      1
    73      3      1
    74     33      1
    74     40      1
    74      9      1
    75     20      1
    75     60      1
    76     49      1
    76     37      1
    77     69      1
    77     68      1
    77     85      1
    78     14      1
    78     62      1
    78     35      1
    78     94      1
    79      7      1
    79     59      1
    79     44      1
    80     10      1
    80      9      1
    81      4      1
    81     12      1
    81     37      1
    81     98      1
    82     23      1
    82     61      1
    83     11      1
    83     26      1
    83     66      1
    84      3      1
    84     59      1
    84     61      1
    85     18      1
    85     77      1
    85     58      1
    86     61      1
    86     17      1
    86     45      1
    87     51      1
    87     49      1
    88     68      1
    88     63      1
    89      3      1
    89     18      1
    90      5      1
    90     71      1
    90     91      1
    91     90      1
    91     67      1
    92     22      1
    92     41      1
    93     18      1
    93     55      1
    93     38      1
    94     78      1
    94      2      1
    95     40      1
    95     46      1
    96      0      1
    96     17      1
    97     13      1
    97     68      1
    98     81      1
    98     34      1
    99      4      1
    99     11      1
