COORD_X_Y 400
  2.71652   0.47947
   2.4976  0.766135
   1.2882   1.48971
   1.9476   2.10639
  0.12223   1.23585
  1.52526   1.91989
  2.54559   2.61942
  1.66328   1.77966
0.0434506    1.8824
0.0308834   0.74599
   2.3265   1.50622
  1.90107   1.60406
0.0918925  0.762877
 0.281943   2.33367
 0.940839   2.30955
  1.40072   1.98392
 0.348334   0.98522
  2.51485   1.69831
 0.966914   2.11544
  2.81714   1.89129
  1.55942   0.52619
  1.33694   2.66889
 0.812947   1.88189
0.0676358   2.65783
 0.732122  0.795187
  0.37426   2.08831
  1.69802  0.209161
  1.92325    1.4242
  1.75462   2.32402
  1.81024   1.36934
  1.97134  0.836853
 0.117039  0.454944
  2.13773   1.09613
  1.74362   1.85317
 0.388189  0.956804
  1.16278  0.794101
 0.331386   2.00896
  2.11103   2.76482
  1.62952   2.12134
  2.09635  0.595721
  1.82642  0.746079
  2.87629 0.0116812
  1.66157   1.57592
  1.34948   1.74175
 0.488141    0.8225
    1.129  0.681539
  2.18899   2.50508
  1.37917  0.519433
  1.79265  0.775623
  2.86476   1.93342
 0.755789  0.350678
 0.879357  0.786145
  2.84313  0.966669
 0.195963   2.73065
  2.45109    1.6703
  2.33652   1.03584
  2.45524   2.79811
 0.598768   2.84633
  1.24087   0.45983
  1.28943  0.487729
  1.85462    2.1047
 0.102607   1.43554
  1.07107   1.38395
  2.29557  0.536764
  1.23126   1.07081
0.0664149   1.18458
  0.11415   1.42752
  2.89039   2.53615
  2.36965   2.79559
  1.47619   1.02595
  1.33696   2.95485
   2.8297  0.383341
  1.82649  0.890984
   1.3713   2.20019
  2.71998   1.88903
  2.54296   1.35538
  1.06603   0.38486
  2.38209   2.08947
  2.82071   1.35158
  1.53593  0.711369
  1.18907  0.255318
  1.67792   1.04582
  1.08322   1.00827
  2.36003   2.53879
  2.51461  0.968269
 0.334459   1.61575
  1.10206   1.80558
  2.70225 0.000395435
 0.119306  0.451695
 0.711224  0.195129
 0.432356   1.42063
 0.567046  0.218435
  2.88307  0.978361
 0.244443    1.3727
  2.56145  0.984479
  1.69523   2.15502
 0.240588   2.61177
  2.10423   1.74626
   1.0103   2.32897
  2.12631  0.658999
  2.73411  0.226902
  2.23147   2.32505
 0.777881 0.0566186
   1.2944   2.28766
 0.818363  0.486801
  1.70632   1.45918
 0.399947   1.29395
  1.33555   2.53563
  1.59031   1.04821
  2.36213  0.614706
  1.68279   2.61313
 0.882968  0.512176
   2.8002  0.623925
  2.23204  0.223138
 0.871255  0.158236
 0.470046   2.27647
  2.45639   1.88215
 0.697938   2.95853
 0.168177   1.35791
  1.47244   1.75248
 0.869064   0.77917
  1.45951   2.73308
   2.5194   1.53757
  1.58518   1.04981
 0.138718  0.860099
   1.4288   1.21738
  2.39029   1.64813
  1.44538   1.13538
    1.777   2.41554
 0.916858   1.56727
  2.03994    1.4257
 0.918882    0.6667
  2.40746   2.89426
  1.34543   1.43325
  2.68692  0.598459
 0.481975   1.44674
  2.64839   2.49549
0.0108994    1.0015
  2.16761   2.67596
  2.90272   1.14409
  1.86946  0.146444
  1.14998  0.950621
  2.66106    2.9692
  2.28292   2.40202
  1.27822  0.496554
  1.96027   2.33995
  1.92527   1.21437
  1.35858   2.13816
   2.3968   1.44295
   2.8643   2.38368
 0.942645  0.668395
 0.768815   0.15687
 0.967917  0.336145
  1.15148 0.0560657
  2.69202  0.904733
 0.628888  0.278653
   1.3275   1.57247
  1.11516   1.71716
  2.30902  0.283371
  1.45596   1.12487
0.0936657   1.35207
  1.13711    1.3219
  1.67856   2.87974
  1.26953   1.33314
  1.87999   1.78883
 0.861749   2.05296
  1.89153  0.248607
  0.77657   2.77137
  2.83449  0.115384
  1.53157   2.80073
  2.66391   1.51759
 0.838851   1.53047
 0.756335   2.71399
  1.82527  0.788855
  1.10327    1.0643
 0.410936  0.750077
 0.959112   1.21702
  1.30274   2.70082
  2.69821   2.90009
  2.06913    0.2559
  2.74985  0.443554
  2.73683  0.291931
 0.269871   2.71994
  1.19191   1.92623
  1.33548    2.6417
 0.160996  0.604874
  1.56092  0.396271
  2.93552  0.455529
  2.62206   2.26049
 0.131492  0.198985
  2.90866   2.08217
  1.38894   2.25158
 0.151647  0.362644
   2.2358   1.17185
  2.47248  0.426788
 0.220293   1.09337
   0.7814  0.201234
  2.90629   1.31425
  2.31915   2.91551
  1.40482   1.43251
  1.06038   1.86912
 0.762676   1.09292
  2.60909   1.64316
  2.40202   2.67173
0.0904057 0.0963134
  1.27319  0.811648
 0.806993  0.300421
  2.89426   1.76829
 0.528092   1.25083
 0.678371   1.52593
  1.86345   1.11684
  1.90563   1.44889
  0.66154  0.992733
 0.955774  0.527056
  2.53154   2.97459
  2.56041   2.38045
  2.38028   2.37927
 0.975019  0.346111
0.0742902   1.10394
  2.25153   2.97595
  1.09804   2.84779
 0.773067  0.816579
  1.20233   2.73041
  1.53404   2.85124
  1.74213   1.97297
  2.13571   2.55562
  1.78203   1.18992
 0.212391   1.94663
  2.13456   2.36424
  1.16927  0.212239
  2.97198  0.134334
  2.05351   2.42034
 0.216089    1.5128
  1.71239  0.561804
  2.72798  0.527976
 0.917602    2.2508
 0.269025  0.959792
 0.795857   2.80989
 0.114684  0.273863
   1.9298  0.963841
  2.08751   1.49769
 0.545056   1.29431
  1.81122    2.2134
  2.29689   2.78099
  1.07924   1.00421
  0.91281   1.64294
  2.75833   1.19569
    1.611   0.83402
  1.63617    2.4984
 0.391209   1.45426
    2.615   2.93126
  2.13186   2.47781
 0.453023   2.08619
  1.29612   1.39333
  1.64593   1.74258
  2.74855   1.95544
  2.90831   2.56594
  1.24656  0.501953
  1.68786  0.773455
 0.145452 0.0308225
  2.73328  0.964307
 0.846147 0.0838575
  1.94665   2.74901
 0.403038   2.07992
  1.15829   1.61087
  2.66606  0.266416
 0.546033   1.17365
  2.29114   2.28996
 0.321488 0.0538263
   1.6119  0.659711
  2.96412   1.25375
  1.11317   1.67851
  2.97953   2.67631
  2.40221   1.99952
   2.9826   2.63973
 0.377637  0.298155
  1.18395  0.866759
  1.48966   2.35441
  2.93519   1.82095
  1.94183   1.31981
  0.78884   2.56695
  2.93886   1.13929
  1.73963   1.19519
 0.708702    2.8164
  2.84533   1.68851
  2.20962   2.78878
  1.65108  0.193164
  1.10918   0.51427
  1.50911 0.0890714
  1.64769   1.36942
  1.00738  0.504596
  2.05796  0.608733
  1.00415   1.23828
 0.340162   2.35858
  1.63679   1.58415
0.0647205     2.644
  2.17964 0.0217898
  1.96143   1.21466
  1.95582  0.684882
  1.04025   1.91708
  1.59086   0.25816
  2.18242   0.92226
  2.16848   2.56519
  0.60483   2.80703
 0.942253    1.6118
  2.22003   2.87249
 0.545718  0.189639
  1.85098   2.63036
 0.262074  0.372862
  2.50525   2.26371
  1.80153  0.906934
  2.03808   1.19084
 0.542778   2.88402
   1.6291   2.93866
  2.31387   2.76079
  1.23501    2.6067
  2.27966  0.941584
  2.27468   2.45864
 0.034193  0.482581
  2.07954 0.0526106
 0.476057   1.38512
 0.693132  0.279983
  1.45207   2.17186
  1.43191   2.18417
  2.75813   2.49647
  1.33105   2.10903
  1.32069   0.43752
  2.26503   2.02253
  2.42676  0.846244
  2.73143    2.1269
  1.16699   1.87059
  1.07732   2.31047
  2.18052   2.86826
  2.76205   1.87682
  2.56889  0.482955
 0.804471     2.575
  1.91314   2.35112
 0.547473   2.82808
 0.776777   2.31337
  2.75344   1.68955
  1.43077   1.44554
   1.5351   1.27555
   1.6367   2.93791
    2.264    2.6724
  1.93416   2.82171
  0.50154    1.1961
 0.348473  0.132419
 0.133302  0.035882
  1.37978   1.75689
 0.803786 0.0188649
  1.79095   2.88166
  1.46969   2.23208
  1.57759  0.885482
  2.70359   1.35745
  0.59105   1.15398
  1.31183   1.28842
  2.67128  0.606486
0.0777539   1.91556
  1.58213   1.92364
  2.35128   1.45567
 0.209517     2.008
  0.42273   1.96517
  2.85531  0.738131
  2.30901   1.85875
  2.07187   1.45536
  1.09059   2.01832
 0.168142   2.72453
  1.09769    1.4483
 0.521348   2.22031
  2.82174   2.95786
 0.304633  0.844182
  1.72254   1.59394
  2.16817   1.94403
 0.420226   2.93148
  1.90432   1.10779
 0.836214   2.30921
  1.01238   1.30164
 0.715009  0.511159
  1.95549   1.63329
0.0582759   1.47245
  1.27653   1.48521
 0.378838  0.285121
0.0727087   2.28517
 0.949003   1.26649
  2.12391  0.795501
 0.827628   1.85856
    2.662   2.46115
 0.719065   2.94673
  1.35008  0.692344
  2.84863   1.01208
  2.37038   1.83027
  1.89163  0.280767
  2.66488   1.85445
  1.38293   1.27562
 0.204846   1.76521
  2.67038    2.9195
  1.14387   2.74938
 0.589312   2.91385
0.0587004  0.279072
  2.84087  0.965858
LINKS_SOURCE_DESTINATION_DISTANCE 1942
     0      1      1
     0      5      1
     0      8      1
     0     21      1
     0     38      1
     0     45      1
     0    276      1
     0    370      1
     1      0      1
     1      2      1
     1      3      1
     1      4      1
     1     16      1
     1     17      1
     1     20      1
     1     21      1
     1     28      1
     1     65      1
     1     69      1
     1    129      1
     1    213      1
     1    218      1
     1    290      1
     2      1      1
     2      5      1
     2      8      1
     2      9      1
     2     12      1
     2     15      1
     2     19      1
     2     32      1
     2     75      1
     2    111      1
     2    113      1
     2    211      1
     3      1      1
     3      4      1
     3      6      1
     3      9      1
     3     13      1
     3     25      1
     3     37      1
     3     40      1
     3     56      1
     3     60      1
     3    109      1
     3    166      1
     3    394      1
     4      1      1
     4      3      1
     4      7      1
     4     10      1
     4     20      1
     4     56      1
     4     64      1
     4     88      1
     4     97      1
     4    103      1
     4    265      1
     4    376      1
     5      0      1
     5      2      1
     5      6      1
     5     13      1
     5     14      1
     5     22      1
     5     23      1
     5     24      1
     5     28      1
     5     30      1
     5     35      1
     5     36      1
     5     38      1
     5     62      1
     5     76      1
     5    208      1
     6      5      1
     6      3      1
     6      7      1
     6     11      1
     6     24      1
     6     47      1
     6     58      1
     6    110      1
     6    160      1
     6    188      1
     7      4      1
     7      6      1
     7      9      1
     7     10      1
     7     11      1
     7     15      1
     7     17      1
     7     32      1
     7     57      1
     7     71      1
     7     81      1
     7    182      1
     7    199      1
     7    350      1
     7    374      1
     8      0      1
     8      2      1
     8     12      1
     8     16      1
     8     17      1
     8     63      1
     8     67      1
     8    117      1
     8    179      1
     8    214      1
     8    387      1
     9      3      1
     9      7      1
     9      2      1
     9     19      1
     9     29      1
     9     40      1
     9     57      1
     9     77      1
     9    133      1
    10      4      1
    10      7      1
    10     11      1
    10     91      1
    10    108      1
    10    197      1
    10    372      1
    11      7      1
    11     10      1
    11      6      1
    11     12      1
    11     14      1
    11     25      1
    11     44      1
    11     48      1
    11    114      1
    11    117      1
    11    150      1
    11    294      1
    11    330      1
    12      2      1
    12      8      1
    12     11      1
    12     20      1
    12     32      1
    12     37      1
    12     39      1
    12    169      1
    12    229      1
    12    265      1
    12    385      1
    12    390      1
    13      5      1
    13      3      1
    13     14      1
    13     15      1
    13     26      1
    13     59      1
    13    114      1
    13    354      1
    13    369      1
    14      5      1
    14     13      1
    14     11      1
    14     16      1
    14     18      1
    14     22      1
    14     26      1
    14     27      1
    14     41      1
    14     46      1
    14     77      1
    14     83      1
    14    128      1
    14    292      1
    14    305      1
    15      2      1
    15      7      1
    15     13      1
    15     29      1
    15     30      1
    15     31      1
    15     33      1
    15     84      1
    15    272      1
    15    302      1
    15    368      1
    16      1      1
    16      8      1
    16     14      1
    16     34      1
    16     39      1
    16     49      1
    16     61      1
    16     75      1
    16     94      1
    16    124      1
    16    161      1
    16    232      1
    16    267      1
    17      8      1
    17      7      1
    17      1      1
    17     18      1
    17     30      1
    17     33      1
    17     60      1
    17    154      1
    17    177      1
    17    296      1
    18     17      1
    18     14      1
    18     21      1
    18     48      1
    18     92      1
    18    104      1
    18    274      1
    18    372      1
    18    392      1
    19      9      1
    19      2      1
    19     35      1
    19     49      1
    19    102      1
    19    136      1
    19    288      1
    20      4      1
    20     12      1
    20      1      1
    20     27      1
    20     36      1
    20     50      1
    20     65      1
    20     83      1
    20    227      1
    20    388      1
    21      0      1
    21      1      1
    21     18      1
    21     22      1
    21     23      1
    21     27      1
    21     61      1
    21     72      1
    21    165      1
    21    212      1
    21    221      1
    22     14      1
    22     21      1
    22      5      1
    22     28      1
    22     39      1
    22     41      1
    22     52      1
    22    156      1
    22    160      1
    22    181      1
    23      5      1
    23     21      1
    23     29      1
    23     34      1
    23     66      1
    23     67      1
    23     76      1
    23    101      1
    23    158      1
    23    280      1
    23    303      1
    24      5      1
    24      6      1
    24     26      1
    24     50      1
    24     72      1
    24     73      1
    24    144      1
    24    238      1
    24    357      1
    25      3      1
    25     11      1
    25     78      1
    25    134      1
    25    156      1
    25    193      1
    25    241      1
    25    286      1
    25    327      1
    26     13      1
    26     24      1
    26     14      1
    26     37      1
    26     86      1
    26    107      1
    26    126      1
    26    148      1
    26    203      1
    26    237      1
    26    272      1
    26    313      1
    26    347      1
    26    360      1
    27     21      1
    27     20      1
    27     14      1
    27     47      1
    27     53      1
    27     85      1
    27     91      1
    27    141      1
    27    149      1
    27    157      1
    27    227      1
    27    288      1
    27    398      1
    28      1      1
    28      5      1
    28     22      1
    28     34      1
    28     45      1
    28     59      1
    28     82      1
    28    107      1
    28    112      1
    28    132      1
    28    354      1
    29     23      1
    29      9      1
    29     15      1
    29     56      1
    29     93      1
    29    106      1
    29    152      1
    29    215      1
    30     15      1
    30     17      1
    30      5      1
    30     31      1
    30     46      1
    30     51      1
    30     53      1
    30     62      1
    30     89      1
    30    159      1
    30    187      1
    30    324      1
    31     30      1
    31     15      1
    31     43      1
    31     51      1
    31     78      1
    31     80      1
    31    169      1
    31    200      1
    31    247      1
    32     12      1
    32      7      1
    32      2      1
    32     60      1
    32     80      1
    32     86      1
    32    101      1
    32    275      1
    33     15      1
    33     17      1
    33     42      1
    33     69      1
    33    139      1
    34     23      1
    34     16      1
    34     28      1
    34     36      1
    34     71      1
    34     79      1
    34     82      1
    34    139      1
    34    242      1
    34    374      1
    35     19      1
    35      5      1
    35     74      1
    35    102      1
    35    165      1
    35    244      1
    35    392      1
    36     20      1
    36     34      1
    36      5      1
    36     42      1
    36     44      1
    36     63      1
    36     81      1
    37     26      1
    37     12      1
    37      3      1
    37     42      1
    37     54      1
    37     79      1
    37    118      1
    37    139      1
    38      0      1
    38      5      1
    38     51      1
    38     79      1
    38    128      1
    38    178      1
    38    234      1
    39     12      1
    39     22      1
    39     16      1
    39     41      1
    39     54      1
    39    180      1
    39    281      1
    40      9      1
    40      3      1
    40     44      1
    40     62      1
    40     85      1
    40    126      1
    40    153      1
    40    201      1
    41     39      1
    41     14      1
    41     22      1
    41    144      1
    41    171      1
    41    313      1
    41    340      1
    41    387      1
    42     33      1
    42     36      1
    42     37      1
    42     43      1
    42     57      1
    42     74      1
    42     88      1
    42    167      1
    42    185      1
    42    201      1
    42    232      1
    42    297      1
    43     42      1
    43     31      1
    43     92      1
    43    180      1
    43    190      1
    44     36      1
    44     40      1
    44     11      1
    44     70      1
    44     74      1
    44    226      1
    45     28      1
    45      0      1
    45     55      1
    45     91      1
    45    301      1
    46     30      1
    46     14      1
    46     48      1
    46     86      1
    46    104      1
    46    176      1
    47     27      1
    47      6      1
    47     64      1
    47    105      1
    47    123      1
    47    137      1
    47    184      1
    47    192      1
    47    281      1
    47    294      1
    48     11      1
    48     46      1
    48     18      1
    48     66      1
    48    116      1
    48    120      1
    48    161      1
    49     16      1
    49     19      1
    49     55      1
    49     68      1
    49     80      1
    49    133      1
    49    256      1
    50     24      1
    50     20      1
    50     52      1
    50     66      1
    50     70      1
    50     85      1
    50    116      1
    50    131      1
    50    286      1
    51     31      1
    51     30      1
    51     38      1
    51    146      1
    51    148      1
    51    262      1
    51    319      1
    52     22      1
    52     50      1
    52     58      1
    52     72      1
    52     97      1
    52    110      1
    52    142      1
    52    147      1
    52    152      1
    52    173      1
    52    388      1
    53     27      1
    53     30      1
    54     37      1
    54     39      1
    54    209      1
    54    240      1
    54    274      1
    54    311      1
    54    368      1
    55     45      1
    55     49      1
    55     87      1
    55    269      1
    55    384      1
    56      3      1
    56      4      1
    56     29      1
    56     96      1
    56    116      1
    56    138      1
    56    172      1
    56    195      1
    56    274      1
    56    325      1
    56    346      1
    57      7      1
    57      9      1
    57     42      1
    57     70      1
    57     84      1
    57     88      1
    57     93      1
    57    114      1
    57    140      1
    57    214      1
    57    367      1
    57    393      1
    58     52      1
    58      6      1
    58     68      1
    58    138      1
    58    244      1
    58    331      1
    59     28      1
    59     13      1
    59    163      1
    59    270      1
    60     32      1
    60     17      1
    60      3      1
    60     69      1
    60     94      1
    60    121      1
    61     16      1
    61     21      1
    61    125      1
    61    183      1
    61    207      1
    61    218      1
    61    349      1
    62     40      1
    62      5      1
    62     30      1
    62    107      1
    62    149      1
    62    189      1
    63     36      1
    63      8      1
    63    251      1
    63    394      1
    64      4      1
    64     47      1
    64    121      1
    64    135      1
    64    188      1
    64    282      1
    65      1      1
    65     20      1
    65    109      1
    65    172      1
    65    278      1
    66     50      1
    66     23      1
    66     48      1
    66     89      1
    66    141      1
    66    207      1
    66    239      1
    67      8      1
    67     23      1
    67     84      1
    67    122      1
    67    124      1
    67    191      1
    67    198      1
    67    205      1
    67    315      1
    67    362      1
    68     49      1
    68     58      1
    68    111      1
    68    137      1
    68    173      1
    68    259      1
    68    276      1
    69     60      1
    69      1      1
    69     33      1
    69    112      1
    69    375      1
    70     57      1
    70     44      1
    70     50      1
    70     87      1
    70    145      1
    70    153      1
    70    164      1
    70    170      1
    70    218      1
    70    319      1
    70    365      1
    71      7      1
    71     34      1
    71     73      1
    71    311      1
    72     52      1
    72     21      1
    72     24      1
    72    208      1
    73     71      1
    73     24      1
    73     97      1
    73    127      1
    73    137      1
    73    145      1
    73    262      1
    73    291      1
    73    307      1
    73    311      1
    73    328      1
    74     35      1
    74     44      1
    74     42      1
    74     82      1
    74    109      1
    74    122      1
    74    195      1
    74    196      1
    74    263      1
    75     16      1
    75      2      1
    75     95      1
    75    100      1
    76      5      1
    76     23      1
    76     95      1
    76    105      1
    76    142      1
    76    184      1
    76    260      1
    77      9      1
    77     14      1
    77    108      1
    77    119      1
    77    129      1
    77    135      1
    77    159      1
    77    199      1
    77    210      1
    78     25      1
    78     31      1
    78     98      1
    78    125      1
    78    166      1
    78    175      1
    78    257      1
    78    293      1
    79     38      1
    79     34      1
    79     37      1
    79    223      1
    80     32      1
    80     31      1
    80     49      1
    80     93      1
    80    115      1
    80    154      1
    80    172      1
    81     36      1
    81      7      1
    81    111      1
    81    121      1
    81    131      1
    82     34      1
    82     28      1
    82     74      1
    82    106      1
    82    146      1
    82    309      1
    82    349      1
    82    381      1
    83     20      1
    83     14      1
    83     90      1
    83    122      1
    83    123      1
    83    228      1
    83    243      1
    83    286      1
    83    314      1
    83    329      1
    83    335      1
    84     67      1
    84     15      1
    84     57      1
    84     98      1
    84    246      1
    84    259      1
    84    345      1
    84    348      1
    84    356      1
    85     40      1
    85     50      1
    85     27      1
    85     99      1
    85    231      1
    85    310      1
    86     32      1
    86     46      1
    86     26      1
    86    147      1
    86    168      1
    86    203      1
    86    231      1
    87     55      1
    87     70      1
    87     90      1
    87     94      1
    87    228      1
    87    237      1
    87    261      1
    88      4      1
    88     57      1
    88     42      1
    88     99      1
    88    210      1
    88    377      1
    89     30      1
    89     66      1
    89     96      1
    89    100      1
    89    225      1
    89    256      1
    90     83      1
    90     87      1
    90    101      1
    90    103      1
    90    132      1
    91     45      1
    91     10      1
    91     27      1
    91    210      1
    92     43      1
    92     18      1
    92    100      1
    92    151      1
    92    155      1
    93     57      1
    93     80      1
    93     29      1
    93    317      1
    93    333      1
    94     16      1
    94     60      1
    94     87      1
    95     76      1
    95     75      1
    95    250      1
    95    267      1
    95    320      1
    96     56      1
    96     89      1
    96    140      1
    96    157      1
    97      4      1
    97     52      1
    97     73      1
    97    113      1
    97    196      1
    97    325      1
    97    379      1
    98     84      1
    98     78      1
    98    127      1
    98    246      1
    98    292      1
    99     85      1
    99     88      1
    99    269      1
    99    275      1
    99    348      1
    99    363      1
   100     89      1
   100     75      1
   100     92      1
   100    119      1
   100    320      1
   101     90      1
   101     32      1
   101     23      1
   101    211      1
   101    228      1
   101    255      1
   101    339      1
   102     19      1
   102     35      1
   102    151      1
   102    180      1
   102    312      1
   103      4      1
   103     90      1
   103    189      1
   103    198      1
   103    216      1
   103    338      1
   103    351      1
   104     46      1
   104     18      1
   104    155      1
   104    252      1
   104    254      1
   104    264      1
   105     47      1
   105     76      1
   105    131      1
   105    138      1
   105    217      1
   106     82      1
   106     29      1
   106    181      1
   106    182      1
   106    198      1
   106    233      1
   107     62      1
   107     28      1
   107     26      1
   107    115      1
   107    158      1
   107    257      1
   107    364      1
   108     10      1
   108     77      1
   108    118      1
   109     65      1
   109      3      1
   109     74      1
   110      6      1
   110     52      1
   110    144      1
   110    155      1
   110    170      1
   110    171      1
   110    236      1
   111      2      1
   111     68      1
   111     81      1
   111    120      1
   111    136      1
   111    181      1
   112     28      1
   112     69      1
   112    129      1
   112    216      1
   112    257      1
   112    321      1
   113      2      1
   113     97      1
   113    143      1
   113    160      1
   113    193      1
   113    209      1
   113    252      1
   113    350      1
   113    377      1
   114     11      1
   114     57      1
   114     13      1
   114    393      1
   115     80      1
   115    107      1
   115    133      1
   115    153      1
   115    166      1
   115    230      1
   116     56      1
   116     48      1
   116     50      1
   116    134      1
   116    226      1
   116    235      1
   116    303      1
   116    387      1
   117     11      1
   117      8      1
   118     37      1
   118    108      1
   118    130      1
   118    159      1
   118    254      1
   119    100      1
   119     77      1
   119    130      1
   119    168      1
   119    175      1
   120    111      1
   120     48      1
   120    148      1
   120    174      1
   120    300      1
   120    304      1
   121     81      1
   121     64      1
   121     60      1
   121    192      1
   121    277      1
   121    284      1
   121    373      1
   122     74      1
   122     67      1
   122     83      1
   122    167      1
   122    169      1
   122    245      1
   122    306      1
   122    324      1
   123     83      1
   123     47      1
   123    201      1
   123    222      1
   123    253      1
   123    399      1
   124     16      1
   124     67      1
   124    258      1
   125     61      1
   125     78      1
   125    303      1
   125    381      1
   126     26      1
   126     40      1
   127     98      1
   127     73      1
   127    164      1
   127    243      1
   127    268      1
   127    331      1
   127    364      1
   128     38      1
   128     14      1
   128    173      1
   128    251      1
   129    112      1
   129     77      1
   129      1      1
   129    253      1
   130    119      1
   130    118      1
   130    165      1
   130    216      1
   130    249      1
   130    271      1
   130    304      1
   130    374      1
   131     81      1
   131    105      1
   131     50      1
   131    211      1
   132     28      1
   132     90      1
   132    152      1
   132    202      1
   132    272      1
   132    316      1
   133      9      1
   133     49      1
   133    115      1
   133    163      1
   134    116      1
   134     25      1
   134    157      1
   134    186      1
   134    307      1
   135     77      1
   135     64      1
   135    150      1
   135    175      1
   135    222      1
   135    279      1
   136    111      1
   136     19      1
   136    200      1
   136    261      1
   136    310      1
   136    360      1
   137     68      1
   137     73      1
   137     47      1
   137    353      1
   137    394      1
   138    105      1
   138     56      1
   138     58      1
   138    176      1
   139     37      1
   139     33      1
   139     34      1
   140     96      1
   140     57      1
   140    143      1
   140    185      1
   140    271      1
   140    273      1
   141     66      1
   141     27      1
   141    151      1
   141    378      1
   142     52      1
   142     76      1
   142    171      1
   143    140      1
   143    113      1
   143    187      1
   143    215      1
   143    264      1
   144     24      1
   144    110      1
   144     41      1
   144    164      1
   144    204      1
   144    232      1
   145     73      1
   145     70      1
   145    146      1
   145    190      1
   146     82      1
   146     51      1
   146    145      1
   146    161      1
   146    179      1
   146    256      1
   146    279      1
   146    289      1
   146    380      1
   147     52      1
   147     86      1
   147    178      1
   147    238      1
   147    317      1
   148     51      1
   148    120      1
   148     26      1
   148    310      1
   148    315      1
   149     62      1
   149     27      1
   149    194      1
   150     11      1
   150    135      1
   150    219      1
   151    141      1
   151    102      1
   151     92      1
   151    217      1
   151    236      1
   151    287      1
   152     52      1
   152     29      1
   152    132      1
   152    162      1
   152    214      1
   152    217      1
   152    231      1
   152    341      1
   153     70      1
   153    115      1
   153     40      1
   154     17      1
   154     80      1
   154    162      1
   154    239      1
   155    104      1
   155    110      1
   155     92      1
   155    221      1
   155    247      1
   155    299      1
   156     22      1
   156     25      1
   156    192      1
   156    205      1
   156    220      1
   156    275      1
   157    134      1
   157     96      1
   157     27      1
   157    168      1
   157    190      1
   157    295      1
   157    318      1
   158     23      1
   158    107      1
   158    212      1
   159     30      1
   159    118      1
   159     77      1
   159    204      1
   159    246      1
   159    261      1
   159    342      1
   159    352      1
   159    356      1
   160      6      1
   160    113      1
   160     22      1
   160    177      1
   160    209      1
   160    343      1
   161    146      1
   161     48      1
   161     16      1
   161    194      1
   162    152      1
   162    154      1
   162    271      1
   163    133      1
   163     59      1
   164     70      1
   164    127      1
   164    144      1
   164    189      1
   164    203      1
   164    291      1
   165     21      1
   165     35      1
   165    130      1
   165    174      1
   165    314      1
   166      3      1
   166     78      1
   166    115      1
   166    220      1
   166    278      1
   166    357      1
   167    122      1
   167     42      1
   167    318      1
   168     86      1
   168    157      1
   168    119      1
   168    229      1
   168    358      1
   169    122      1
   169     12      1
   169     31      1
   170     70      1
   170    110      1
   170    178      1
   170    205      1
   170    250      1
   170    383      1
   171     41      1
   171    142      1
   171    110      1
   171    249      1
   171    277      1
   171    308      1
   172     56      1
   172     65      1
   172     80      1
   172    241      1
   173     52      1
   173     68      1
   173    128      1
   173    247      1
   174    120      1
   174    165      1
   174    224      1
   174    285      1
   174    344      1
   175    119      1
   175     78      1
   175    135      1
   175    215      1
   176    138      1
   176     46      1
   176    248      1
   176    321      1
   176    398      1
   177     17      1
   177    160      1
   177    352      1
   178    147      1
   178    170      1
   178     38      1
   178    323      1
   179    146      1
   179      8      1
   179    183      1
   180     39      1
   180    102      1
   180     43      1
   180    226      1
   180    341      1
   181     22      1
   181    111      1
   181    106      1
   181    186      1
   181    316      1
   181    366      1
   181    397      1
   182    106      1
   182      7      1
   182    191      1
   182    278      1
   182    344      1
   183    179      1
   183     61      1
   184     47      1
   184     76      1
   185     42      1
   185    140      1
   185    199      1
   185    213      1
   185    268      1
   185    299      1
   186    134      1
   186    181      1
   186    193      1
   186    306      1
   187    143      1
   187     30      1
   188     64      1
   188      6      1
   188    266      1
   189    103      1
   189     62      1
   189    164      1
   189    202      1
   189    270      1
   189    337      1
   190     43      1
   190    145      1
   190    157      1
   190    219      1
   190    289      1
   190    371      1
   191    182      1
   191     67      1
   191    224      1
   191    396      1
   192    121      1
   192    156      1
   192     47      1
   192    220      1
   192    245      1
   192    391      1
   193     25      1
   193    113      1
   193    186      1
   194    161      1
   194    149      1
   194    359      1
   195     74      1
   195     56      1
   195    219      1
   195    260      1
   196     97      1
   196     74      1
   196    197      1
   196    287      1
   197    196      1
   197     10      1
   198    103      1
   198    106      1
   198     67      1
   198    242      1
   198    296      1
   198    329      1
   199     77      1
   199    185      1
   199      7      1
   199    206      1
   199    361      1
   200    136      1
   200     31      1
   201     40      1
   201    123      1
   201     42      1
   201    230      1
   201    341      1
   201    345      1
   201    383      1
   202    189      1
   202    132      1
   202    292      1
   203     86      1
   203     26      1
   203    164      1
   203    206      1
   203    225      1
   203    266      1
   204    159      1
   204    144      1
   204    206      1
   204    323      1
   204    398      1
   205    156      1
   205    170      1
   205     67      1
   205    222      1
   205    283      1
   205    326      1
   206    199      1
   206    204      1
   206    203      1
   206    240      1
   206    334      1
   206    377      1
   206    390      1
   207     61      1
   207     66      1
   207    322      1
   208      5      1
   208     72      1
   209    160      1
   209    113      1
   209     54      1
   210     88      1
   210     77      1
   210     91      1
   210    235      1
   210    285      1
   211    101      1
   211      2      1
   211    131      1
   211    234      1
   211    304      1
   212     21      1
   212    158      1
   212    333      1
   213      1      1
   213    185      1
   213    223      1
   213    242      1
   213    378      1
   214    152      1
   214     57      1
   214      8      1
   215     29      1
   215    175      1
   215    143      1
   215    287      1
   216    103      1
   216    112      1
   216    130      1
   216    235      1
   216    294      1
   216    343      1
   217    105      1
   217    152      1
   217    151      1
   217    262      1
   217    327      1
   218     70      1
   218     61      1
   218      1      1
   218    233      1
   218    340      1
   218    363      1
   219    195      1
   219    150      1
   219    190      1
   220    156      1
   220    192      1
   220    166      1
   221    155      1
   221     21      1
   222    205      1
   222    135      1
   222    123      1
   222    237      1
   222    263      1
   222    305      1
   222    322      1
   222    344      1
   223     79      1
   223    213      1
   224    174      1
   224    191      1
   225    203      1
   225     89      1
   225    332      1
   226     44      1
   226    116      1
   226    180      1
   227     27      1
   227     20      1
   227    284      1
   227    332      1
   228     83      1
   228     87      1
   228    101      1
   228    248      1
   229    168      1
   229     12      1
   230    115      1
   230    201      1
   230    255      1
   230    317      1
   231     85      1
   231     86      1
   231    152      1
   231    282      1
   231    337      1
   232    144      1
   232     16      1
   232     42      1
   232    336      1
   233    218      1
   233    106      1
   234     38      1
   234    211      1
   235    116      1
   235    210      1
   235    216      1
   235    252      1
   236    110      1
   236    151      1
   236    283      1
   236    395      1
   237     87      1
   237     26      1
   237    222      1
   238     24      1
   238    147      1
   239    154      1
   239     66      1
   240    206      1
   240     54      1
   241     25      1
   241    172      1
   241    300      1
   242    198      1
   242     34      1
   242    213      1
   242    266      1
   242    296      1
   243    127      1
   243     83      1
   244     58      1
   244     35      1
   245    122      1
   245    192      1
   246     84      1
   246     98      1
   246    159      1
   246    293      1
   247    173      1
   247    155      1
   247     31      1
   247    298      1
   248    228      1
   248    176      1
   248    328      1
   249    171      1
   249    130      1
   250     95      1
   250    170      1
   251     63      1
   251    128      1
   252    113      1
   252    104      1
   252    235      1
   253    123      1
   253    129      1
   253    359      1
   253    376      1
   254    104      1
   254    118      1
   254    370      1
   255    230      1
   255    101      1
   255    273      1
   255    369      1
   256     49      1
   256     89      1
   256    146      1
   256    338      1
   257    107      1
   257     78      1
   257    112      1
   257    258      1
   258    257      1
   258    124      1
   258    365      1
   259     84      1
   259     68      1
   259    264      1
   260    195      1
   260     76      1
   260    263      1
   261    136      1
   261    159      1
   261     87      1
   261    297      1
   262    217      1
   262     51      1
   262     73      1
   262    290      1
   262    349      1
   263    222      1
   263    260      1
   263     74      1
   264    259      1
   264    143      1
   264    104      1
   265     12      1
   265      4      1
   265    280      1
   266    188      1
   266    242      1
   266    203      1
   266    367      1
   267     95      1
   267     16      1
   267    309      1
   267    312      1
   268    127      1
   268    185      1
   269     99      1
   269     55      1
   269    308      1
   269    347      1
   270    189      1
   270     59      1
   270    346      1
   271    140      1
   271    130      1
   271    162      1
   272    132      1
   272     15      1
   272     26      1
   273    140      1
   273    255      1
   273    369      1
   274     18      1
   274     54      1
   274     56      1
   274    283      1
   274    389      1
   275     99      1
   275    156      1
   275     32      1
   275    336      1
   275    372      1
   276     68      1
   276      0      1
   276    382      1
   277    171      1
   277    121      1
   278    182      1
   278    166      1
   278     65      1
   278    298      1
   278    322      1
   279    135      1
   279    146      1
   279    302      1
   280     23      1
   280    265      1
   280    329      1
   280    330      1
   280    382      1
   281     47      1
   281     39      1
   281    358      1
   281    367      1
   282     64      1
   282    231      1
   283    236      1
   283    205      1
   283    274      1
   283    375      1
   284    227      1
   284    121      1
   284    320      1
   285    210      1
   285    174      1
   286     50      1
   286     83      1
   286     25      1
   287    215      1
   287    151      1
   287    196      1
   287    288      1
   288    287      1
   288     27      1
   288     19      1
   288    355      1
   289    190      1
   289    146      1
   290    262      1
   290      1      1
   291     73      1
   291    164      1
   291    373      1
   291    376      1
   292     14      1
   292    202      1
   292     98      1
   292    356      1
   293     78      1
   293    246      1
   293    301      1
   294     11      1
   294    216      1
   294     47      1
   294    295      1
   294    348      1
   295    157      1
   295    294      1
   296     17      1
   296    242      1
   296    198      1
   297     42      1
   297    261      1
   298    247      1
   298    278      1
   299    185      1
   299    155      1
   299    326      1
   299    364      1
   300    241      1
   300    120      1
   300    343      1
   301     45      1
   301    293      1
   302    279      1
   302     15      1
   302    340      1
   302    351      1
   302    355      1
   303    125      1
   303     23      1
   303    116      1
   303    366      1
   304    130      1
   304    211      1
   304    120      1
   305     14      1
   305    222      1
   306    122      1
   306    186      1
   306    351      1
   307    134      1
   307     73      1
   307    353      1
   308    171      1
   308    269      1
   308    334      1
   308    384      1
   308    395      1
   309     82      1
   309    267      1
   310    148      1
   310     85      1
   310    136      1
   311     71      1
   311     73      1
   311     54      1
   312    267      1
   312    102      1
   313     26      1
   313     41      1
   313    318      1
   313    331      1
   313    335      1
   313    342      1
   314     83      1
   314    165      1
   315     67      1
   315    148      1
   315    380      1
   316    181      1
   316    132      1
   317     93      1
   317    230      1
   317    147      1
   317    321      1
   317    371      1
   318    313      1
   318    167      1
   318    157      1
   319     51      1
   319     70      1
   319    379      1
   320     95      1
   320    284      1
   320    100      1
   321    112      1
   321    317      1
   321    176      1
   321    399      1
   322    207      1
   322    222      1
   322    278      1
   322    327      1
   323    178      1
   323    204      1
   323    357      1
   323    395      1
   324     30      1
   324    122      1
   324    385      1
   325     97      1
   325     56      1
   326    299      1
   326    205      1
   326    391      1
   327    217      1
   327    322      1
   327     25      1
   327    373      1
   328    248      1
   328     73      1
   328    361      1
   329     83      1
   329    280      1
   329    198      1
   329    345      1
   329    363      1
   330    280      1
   330     11      1
   330    382      1
   331    313      1
   331    127      1
   331     58      1
   331    347      1
   332    225      1
   332    227      1
   333    212      1
   333     93      1
   334    206      1
   334    308      1
   335    313      1
   335     83      1
   335    339      1
   336    232      1
   336    275      1
   336    338      1
   337    231      1
   337    189      1
   338    256      1
   338    336      1
   338    103      1
   338    389      1
   339    335      1
   339    101      1
   340    218      1
   340    302      1
   340     41      1
   341    152      1
   341    201      1
   341    180      1
   342    159      1
   342    313      1
   343    300      1
   343    216      1
   343    160      1
   344    174      1
   344    222      1
   344    182      1
   345    329      1
   345    201      1
   345     84      1
   346    270      1
   346     56      1
   346    380      1
   347    269      1
   347    331      1
   347     26      1
   348    294      1
   348     99      1
   348     84      1
   349     61      1
   349     82      1
   349    262      1
   350      7      1
   350    113      1
   351    302      1
   351    103      1
   351    306      1
   352    159      1
   352    177      1
   353    137      1
   353    307      1
   354     13      1
   354     28      1
   354    362      1
   355    288      1
   355    302      1
   356    159      1
   356    292      1
   356     84      1
   357    323      1
   357    166      1
   357     24      1
   358    168      1
   358    281      1
   358    386      1
   359    194      1
   359    253      1
   360     26      1
   360    136      1
   361    199      1
   361    328      1
   361    396      1
   362     67      1
   362    354      1
   363    218      1
   363     99      1
   363    329      1
   364    107      1
   364    299      1
   364    127      1
   365    258      1
   365     70      1
   366    181      1
   366    303      1
   367    266      1
   367     57      1
   367    281      1
   367    389      1
   368     54      1
   368     15      1
   369     13      1
   369    273      1
   369    255      1
   369    393      1
   370      0      1
   370    254      1
   371    317      1
   371    190      1
   372    275      1
   372     10      1
   372     18      1
   373    121      1
   373    291      1
   373    327      1
   374    130      1
   374     34      1
   374      7      1
   375    283      1
   375     69      1
   375    391      1
   376    253      1
   376      4      1
   376    291      1
   377     88      1
   377    113      1
   377    206      1
   377    397      1
   378    141      1
   378    213      1
   378    388      1
   379    319      1
   379     97      1
   380    315      1
   380    146      1
   380    346      1
   381     82      1
   381    125      1
   381    386      1
   382    330      1
   382    276      1
   382    280      1
   383    170      1
   383    201      1
   384    308      1
   384     55      1
   385    324      1
   385     12      1
   386    358      1
   386    381      1
   387      8      1
   387     41      1
   387    116      1
   388     20      1
   388     52      1
   388    378      1
   389    338      1
   389    274      1
   389    367      1
   390     12      1
   390    206      1
   391    326      1
   391    192      1
   391    375      1
   392     18      1
   392     35      1
   393    369      1
   393     57      1
   393    114      1
   394     63      1
   394      3      1
   394    137      1
   395    308      1
   395    323      1
   395    236      1
   396    191      1
   396    361      1
   397    377      1
   397    181      1
   398     27      1
   398    176      1
   398    204      1
   399    321      1
   399    123      1
