COORD_X_Y 200
  2.75697   1.87992
  2.79654    1.3015
 0.529279  0.705322
0.00832783  0.614771
  1.52276   2.48028
  1.04276   2.61724
  0.28574   2.40493
 0.883321   0.74343
  2.51107  0.730943
  1.37884  0.421201
  2.44614  0.380962
  1.18496    2.5738
 0.896049  0.109229
  2.64891    2.9944
 0.635334 0.0370525
  2.52167  0.158949
 0.403828   2.34035
  1.92233   0.69079
 0.888075   1.82294
0.0674851  0.780749
  2.45081   2.90234
  2.61645   2.03438
  2.29608   1.77044
  1.85192   1.85049
 0.819278   2.03841
   2.9524   1.11008
  2.80096    2.9135
  1.32976  0.831976
  2.58423    2.8803
  2.63106   1.45246
  2.98611  0.744894
 0.152281   1.09378
  1.78623   1.71317
 0.861395    1.5791
 0.756269   1.53079
  2.18686   1.86659
  1.09709  0.971767
  0.66157   0.65529
 0.647122  0.485715
  1.99557  0.770962
 0.711681   1.52043
 0.307378   2.23543
  2.59213  0.149672
  2.12899   0.55008
 0.763158  0.954227
 0.946074 0.0724128
0.00970153    0.3926
 0.137618   1.78707
 0.647691   1.42237
  2.40703   1.01872
  1.42402   2.77816
  2.18465  0.779096
 0.850084   1.37254
 0.342841  0.389354
  1.00308  0.357815
  2.94552      2.99
 0.452389  0.548276
  2.07018  0.858586
  2.73538 0.0472169
 0.964979   1.86785
  1.55964   0.61122
  1.68534   2.25502
  1.78253   2.82912
  2.75772   1.32125
  1.23149   1.06953
  1.43652   0.79587
  1.56486 0.0919329
   0.6694    2.3449
 0.200169   1.13152
   1.9567   1.57394
  2.99937   1.46727
  1.22218  0.967208
  2.65805   2.75535
 0.964859   2.26646
  1.39431 0.0595592
  2.31818   2.29274
  2.36058   2.40386
   1.8108 0.0565048
 0.380856   1.56727
  2.31229   2.05672
 0.571214    2.0649
  2.36329 0.0657937
  2.68976    1.8213
 0.529814   2.52628
   2.5383  0.207677
  2.90793   1.15927
  1.78796  0.891826
  1.26101  0.070584
 0.760616    1.3683
 0.466848    1.8815
 0.559442  0.164539
 0.816847   1.97965
  0.62095  0.704252
 0.451513  0.817664
  1.59006   2.33972
 0.658036  0.683285
  2.54578   2.54256
 0.485671   1.16924
 0.126861   2.13437
  1.02459   1.29886
 0.301354   1.17442
 0.866632   2.99234
  2.70157   0.30775
  2.74235   2.77826
  2.04262  0.300766
  1.74488    1.5734
  2.80378   2.81545
 0.821792  0.473913
  1.11742   2.87601
  1.64042  0.440741
   1.2004    2.7016
  2.73953   1.23088
 0.800689  0.310431
0.00165374   1.41731
   2.5916    2.6338
  1.34707  0.536539
  2.75605   1.44855
   2.2809   1.73846
  0.63778   1.42405
 0.919936  0.159452
 0.186587  0.266194
 0.353714   2.99367
  1.91627  0.358707
   1.7352  0.727831
   2.3078   1.88772
  1.06567      1.07
  1.06625   2.08075
 0.148992   0.70681
  1.71009  0.523821
 0.656509 0.00911667
  2.14497   1.83611
  2.26307  0.371415
  2.74032   0.15957
  2.88531  0.509436
  2.72363   2.93775
   2.8304    1.2082
  1.61756   2.60429
  1.24952   1.84685
  1.98123  0.274658
 0.246903   2.81517
 0.905205   1.79321
  1.20431   1.74208
  1.89284   2.80056
 0.324392   2.26372
  0.74078  0.216027
  1.48141   1.38479
  2.74583   1.70694
  2.30552   2.97996
 0.496843   1.00124
  1.07582   1.62909
  2.42316    1.6919
   2.4384    1.6895
  1.82363   1.16948
  1.96841  0.767685
  1.21371  0.706974
  1.99673   2.72995
 0.460107  0.194727
  1.47451   2.50459
  1.25346   1.64522
  1.15211   2.87105
 0.240253   1.28078
   1.5948  0.922898
  1.52309   0.32773
  1.31681 0.0133971
  1.78886   2.31284
0.0319395   2.16104
  1.01392   1.97727
 0.140975   1.14176
  2.88885  0.589888
  1.47101   2.29215
 0.142657  0.513917
  1.67756   1.23637
 0.735438   0.72979
  1.36665   1.05278
  1.69708   1.54659
 0.878366  0.219286
   2.1109  0.250865
  2.32196     1.576
   2.1629   2.92408
  1.61723   0.30688
 0.709665   2.12004
   1.9275  0.456878
  1.20287   2.46264
  2.69183   2.84845
   1.4911  0.384631
  1.64234   1.27767
  1.05054    1.6457
   2.3622 0.0204384
  1.98925   2.14817
   2.3133   2.54133
 0.608524  0.597409
  1.68589   2.10308
 0.545178   0.99004
  2.44834  0.992753
 0.469456   1.16665
  2.59103   2.90351
  1.32757   2.49703
  1.65674   2.15705
0.0423229   1.56562
  2.20032    1.9052
LINKS_SOURCE_DESTINATION_DISTANCE 988
     0      1      1
     0      4      1
     0      8      1
     0      9      1
     0     13      1
     0     22      1
     0     27      1
     0     29      1
     0     42      1
     0    125      1
     0    145      1
     0    160      1
     1      0      1
     1      2      1
     1      4      1
     1      6      1
     1      7      1
     1     14      1
     1     16      1
     1     43      1
     1     55      1
     1     72      1
     1     83      1
     2      1      1
     2      3      1
     2      5      1
     2     16      1
     2     17      1
     2     52      1
     2    126      1
     2    136      1
     2    186      1
     3      2      1
     3      4      1
     3      5      1
     3     13      1
     3     19      1
     3     22      1
     3     25      1
     3     27      1
     3     31      1
     3     36      1
     3     56      1
     3     84      1
     4      0      1
     4      1      1
     4      3      1
     4      5      1
     4      6      1
     4      7      1
     4      9      1
     4     10      1
     4     13      1
     4     28      1
     4     37      1
     4     70      1
     5      4      1
     5      3      1
     5      2      1
     5      8      1
     5     11      1
     5     15      1
     5     91      1
     6      4      1
     6      1      1
     6      8      1
     6     11      1
     6     12      1
     6     36      1
     6     38      1
     6     47      1
     6     52      1
     6     57      1
     6    102      1
     6    169      1
     6    193      1
     7      1      1
     7      4      1
     7      9      1
     7     10      1
     7     12      1
     7     59      1
     8      6      1
     8      0      1
     8      5      1
     8     11      1
     8     14      1
     8     35      1
     8     40      1
     8    111      1
     8    139      1
     9      4      1
     9      0      1
     9      7      1
     9     15      1
     9     51      1
     9     61      1
     9     91      1
     9    127      1
     9    147      1
     9    154      1
    10      4      1
    10      7      1
    10     20      1
    10     23      1
    10     45      1
    10     80      1
    10     85      1
    11      5      1
    11      6      1
    11      8      1
    11     12      1
    11     19      1
    11     21      1
    11     53      1
    11    126      1
    11    129      1
    11    131      1
    11    182      1
    12     11      1
    12      7      1
    12      6      1
    12     16      1
    12     23      1
    12     24      1
    12     39      1
    12     73      1
    12     97      1
    12    142      1
    12    143      1
    12    196      1
    13      4      1
    13      0      1
    13      3      1
    13     14      1
    13     17      1
    13     21      1
    13     42      1
    13     44      1
    13     58      1
    13    116      1
    13    145      1
    13    167      1
    14      1      1
    14      8      1
    14     13      1
    14     17      1
    14     18      1
    14     19      1
    14     25      1
    14     33      1
    14     56      1
    14     89      1
    14    195      1
    14    196      1
    15      5      1
    15      9      1
    15     20      1
    15     49      1
    15     89      1
    15    102      1
    15    130      1
    16     12      1
    16      1      1
    16      2      1
    16     26      1
    16     79      1
    16    122      1
    17     14      1
    17      2      1
    17     13      1
    17     18      1
    17     29      1
    17     42      1
    17     87      1
    17    115      1
    17    142      1
    18     17      1
    18     14      1
    18     27      1
    18     66      1
    18     83      1
    19      3      1
    19     14      1
    19     11      1
    19     34      1
    19     38      1
    19     77      1
    19     78      1
    19    128      1
    20     10      1
    20     15      1
    20     31      1
    20     46      1
    20     63      1
    20    124      1
    21     11      1
    21     13      1
    21     24      1
    21     32      1
    21     36      1
    21     40      1
    21     79      1
    21    105      1
    22      3      1
    22      0      1
    22     33      1
    22     41      1
    22     73      1
    23     10      1
    23     12      1
    23     26      1
    23     28      1
    23     60      1
    23    125      1
    24     21      1
    24     12      1
    24     28      1
    24     62      1
    24     74      1
    24     99      1
    24    107      1
    24    150      1
    25      3      1
    25     14      1
    25     30      1
    25     46      1
    25     57      1
    25     90      1
    25    115      1
    25    123      1
    26     16      1
    26     23      1
    26     30      1
    26     33      1
    26     35      1
    26     44      1
    26     45      1
    26     47      1
    26     91      1
    26     94      1
    26    131      1
    26    172      1
    27     18      1
    27      3      1
    27      0      1
    27     41      1
    27     73      1
    27    140      1
    27    144      1
    27    174      1
    27    190      1
    28     23      1
    28     24      1
    28      4      1
    28     37      1
    28     39      1
    28     51      1
    28     69      1
    28    116      1
    28    135      1
    29     17      1
    29      0      1
    29     31      1
    29     35      1
    29     54      1
    29     56      1
    29     61      1
    29     66      1
    29     67      1
    29    105      1
    29    137      1
    29    162      1
    30     25      1
    30     26      1
    30     95      1
    30    133      1
    31     20      1
    31      3      1
    31     29      1
    31     32      1
    31     34      1
    31     47      1
    31    101      1
    31    114      1
    32     21      1
    32     31      1
    32     39      1
    32     48      1
    32     72      1
    32     81      1
    32    135      1
    32    193      1
    33     22      1
    33     14      1
    33     26      1
    33     60      1
    33    115      1
    33    138      1
    34     19      1
    34     31      1
    34     40      1
    34     48      1
    34     86      1
    34    114      1
    34    182      1
    35      8      1
    35     26      1
    35     29      1
    36      6      1
    36      3      1
    36     21      1
    36     44      1
    36     62      1
    37      4      1
    37     28      1
    37     65      1
    37     74      1
    37     96      1
    37    103      1
    37    166      1
    37    190      1
    38     19      1
    38      6      1
    38     43      1
    38     74      1
    38    185      1
    39     28      1
    39     12      1
    39     32      1
    39    160      1
    40     34      1
    40     21      1
    40      8      1
    40     92      1
    40    118      1
    40    121      1
    41     27      1
    41     22      1
    41     51      1
    41     92      1
    42     17      1
    42     13      1
    42      0      1
    42     53      1
    42    124      1
    42    140      1
    42    173      1
    43     38      1
    43      1      1
    43     50      1
    43     55      1
    43     61      1
    43     65      1
    43     70      1
    43     93      1
    43    134      1
    44     36      1
    44     13      1
    44     26      1
    44     54      1
    44     55      1
    44     97      1
    44    192      1
    45     26      1
    45     10      1
    45     49      1
    45     68      1
    45    109      1
    45    157      1
    45    164      1
    45    183      1
    45    194      1
    46     20      1
    46     25      1
    46     53      1
    46     66      1
    46    100      1
    46    117      1
    46    148      1
    47      6      1
    47     26      1
    47     31      1
    47     48      1
    47     84      1
    47     88      1
    47     89      1
    47    117      1
    47    135      1
    48     32      1
    48     47      1
    48     34      1
    48     50      1
    48     70      1
    48     80      1
    48    151      1
    48    154      1
    48    171      1
    49     15      1
    49     45      1
    49     64      1
    49    161      1
    50     48      1
    50     43      1
    50     52      1
    50     63      1
    50    101      1
    50    120      1
    51     28      1
    51      9      1
    51     41      1
    51     58      1
    51     75      1
    51     79      1
    52     50      1
    52      2      1
    52      6      1
    52    110      1
    52    113      1
    52    140      1
    53     11      1
    53     42      1
    53     46      1
    53     64      1
    53     65      1
    53     71      1
    53    175      1
    53    177      1
    54     44      1
    54     29      1
    54     76      1
    54     82      1
    54    164      1
    55     44      1
    55     43      1
    55      1      1
    55     59      1
    55     67      1
    55    100      1
    55    105      1
    56     29      1
    56      3      1
    56     14      1
    56     72      1
    56     81      1
    56     85      1
    57     25      1
    57      6      1
    57     77      1
    57    110      1
    57    128      1
    57    165      1
    57    184      1
    58     51      1
    58     13      1
    58     60      1
    58     71      1
    58     90      1
    58    121      1
    58    148      1
    59      7      1
    59     55      1
    59     68      1
    59     69      1
    59    184      1
    60     23      1
    60     58      1
    60     33      1
    61     29      1
    61      9      1
    61     43      1
    61     81      1
    61    123      1
    61    163      1
    62     36      1
    62     24      1
    62    137      1
    63     50      1
    63     20      1
    63     98      1
    63    126      1
    63    163      1
    63    186      1
    63    187      1
    64     49      1
    64     53      1
    64     76      1
    64     87      1
    64    138      1
    65     43      1
    65     53      1
    65     37      1
    65     69      1
    65     75      1
    65    109      1
    65    153      1
    66     46      1
    66     18      1
    66     29      1
    66     97      1
    66    104      1
    66    187      1
    67     29      1
    67     55      1
    67    104      1
    67    117      1
    67    170      1
    68     45      1
    68     59      1
    68    119      1
    68    186      1
    69     59      1
    69     65      1
    69     28      1
    69    101      1
    69    108      1
    70      4      1
    70     48      1
    70     43      1
    70    127      1
    70    178      1
    71     53      1
    71     58      1
    71     86      1
    71    162      1
    71    194      1
    72     56      1
    72     32      1
    72      1      1
    72     92      1
    72     98      1
    72     99      1
    72    111      1
    72    162      1
    73     12      1
    73     22      1
    73     27      1
    73     75      1
    73     93      1
    73    130      1
    73    158      1
    74     24      1
    74     38      1
    74     37      1
    74     95      1
    74    149      1
    75     73      1
    75     65      1
    75     51      1
    75    128      1
    75    176      1
    76     64      1
    76     54      1
    76     77      1
    76     78      1
    76    120      1
    76    122      1
    76    179      1
    76    180      1
    77     57      1
    77     76      1
    77     19      1
    77     88      1
    77    143      1
    77    154      1
    78     19      1
    78     76      1
    79     21      1
    79     51      1
    79     16      1
    79    165      1
    80     48      1
    80     10      1
    80    133      1
    81     32      1
    81     61      1
    81     56      1
    81     82      1
    81     88      1
    81    107      1
    81    112      1
    81    131      1
    81    161      1
    82     54      1
    82     81      1
    82    188      1
    83      1      1
    83     18      1
    83    160      1
    83    180      1
    84     47      1
    84      3      1
    84     86      1
    84    112      1
    84    133      1
    84    150      1
    85     10      1
    85     56      1
    85    149      1
    85    159      1
    85    199      1
    86     34      1
    86     71      1
    86     84      1
    86    113      1
    86    118      1
    87     64      1
    87     17      1
    87     95      1
    87    100      1
    87    176      1
    88     77      1
    88     47      1
    88     81      1
    88    103      1
    89     47      1
    89     14      1
    89     15      1
    89     94      1
    89    114      1
    89    179      1
    90     25      1
    90     58      1
    90    106      1
    90    136      1
    90    196      1
    91      9      1
    91     26      1
    91      5      1
    91     96      1
    92     41      1
    92     72      1
    92     40      1
    92    106      1
    93     73      1
    93     43      1
    93    141      1
    94     89      1
    94     26      1
    94    106      1
    95     30      1
    95     87      1
    95     74      1
    95    104      1
    95    125      1
    96     37      1
    96     91      1
    96    108      1
    96    156      1
    97     12      1
    97     44      1
    97     66      1
    97    147      1
    97    155      1
    97    170      1
    98     72      1
    98     63      1
    98    171      1
    99     24      1
    99     72      1
    99    148      1
    99    168      1
    99    195      1
   100     87      1
   100     46      1
   100     55      1
   100    157      1
   100    158      1
   100    189      1
   100    191      1
   101     50      1
   101     69      1
   101     31      1
   101    119      1
   102      6      1
   102     15      1
   102    173      1
   103     37      1
   103     88      1
   104     66      1
   104     67      1
   104     95      1
   104    158      1
   105     29      1
   105     21      1
   105     55      1
   105    155      1
   106     90      1
   106     92      1
   106     94      1
   107     24      1
   107     81      1
   107    127      1
   107    134      1
   107    159      1
   108     69      1
   108     96      1
   108    144      1
   108    197      1
   109     65      1
   109     45      1
   109    199      1
   110     57      1
   110     52      1
   110    132      1
   111      8      1
   111     72      1
   111    177      1
   111    197      1
   112     81      1
   112     84      1
   113     52      1
   113     86      1
   114     31      1
   114     89      1
   114     34      1
   115     25      1
   115     33      1
   115     17      1
   115    134      1
   116     13      1
   116     28      1
   116    175      1
   117     67      1
   117     47      1
   117     46      1
   117    166      1
   118     40      1
   118     86      1
   118    166      1
   119     68      1
   119    101      1
   119    178      1
   119    181      1
   120     50      1
   120     76      1
   120    146      1
   120    172      1
   121     58      1
   121     40      1
   121    129      1
   122     16      1
   122     76      1
   122    187      1
   123     25      1
   123     61      1
   123    143      1
   123    152      1
   123    194      1
   124     42      1
   124     20      1
   124    141      1
   124    195      1
   125     95      1
   125      0      1
   125     23      1
   125    147      1
   126     63      1
   126      2      1
   126     11      1
   126    199      1
   127    107      1
   127      9      1
   127     70      1
   127    129      1
   127    139      1
   128     57      1
   128     75      1
   128     19      1
   128    141      1
   128    183      1
   129    121      1
   129     11      1
   129    127      1
   129    185      1
   130     73      1
   130     15      1
   130    170      1
   131     26      1
   131     81      1
   131     11      1
   131    132      1
   131    157      1
   131    198      1
   132    131      1
   132    110      1
   133     84      1
   133     30      1
   133     80      1
   133    169      1
   134    115      1
   134    107      1
   134     43      1
   134    151      1
   135     32      1
   135     28      1
   135     47      1
   136     90      1
   136      2      1
   136    178      1
   137     62      1
   137     29      1
   138     33      1
   138     64      1
   138    153      1
   138    189      1
   138    193      1
   139    127      1
   139      8      1
   139    152      1
   139    167      1
   140     42      1
   140     27      1
   140     52      1
   141    124      1
   141     93      1
   141    128      1
   142     12      1
   142     17      1
   142    146      1
   142    181      1
   143     12      1
   143    123      1
   143     77      1
   143    161      1
   143    188      1
   144     27      1
   144    108      1
   144    149      1
   144    183      1
   145      0      1
   145     13      1
   145    191      1
   146    142      1
   146    120      1
   146    150      1
   147    125      1
   147      9      1
   147     97      1
   148     99      1
   148     58      1
   148     46      1
   149    144      1
   149     85      1
   149     74      1
   149    198      1
   150    146      1
   150     84      1
   150     24      1
   151     48      1
   151    134      1
   151    156      1
   152    123      1
   152    139      1
   153    138      1
   153     65      1
   153    159      1
   154     77      1
   154      9      1
   154     48      1
   155    105      1
   155     97      1
   156     96      1
   156    151      1
   156    180      1
   157     45      1
   157    131      1
   157    100      1
   158    100      1
   158    104      1
   158     73      1
   159     85      1
   159    153      1
   159    107      1
   160     83      1
   160      0      1
   160     39      1
   160    168      1
   161     49      1
   161    143      1
   161     81      1
   161    176      1
   161    189      1
   162     72      1
   162     71      1
   162     29      1
   162    190      1
   163     61      1
   163     63      1
   163    171      1
   164     45      1
   164     54      1
   165     79      1
   165     57      1
   166    117      1
   166     37      1
   166    118      1
   167     13      1
   167    139      1
   167    169      1
   168     99      1
   168    160      1
   169    133      1
   169      6      1
   169    167      1
   170     67      1
   170     97      1
   170    130      1
   171    163      1
   171     98      1
   171     48      1
   171    177      1
   172    120      1
   172     26      1
   173     42      1
   173    102      1
   173    174      1
   174     27      1
   174    173      1
   175    116      1
   175     53      1
   176     87      1
   176    161      1
   176     75      1
   177    111      1
   177    171      1
   177     53      1
   178    119      1
   178     70      1
   178    136      1
   179     89      1
   179     76      1
   180     83      1
   180    156      1
   180     76      1
   180    198      1
   181    142      1
   181    119      1
   182     11      1
   182     34      1
   183    128      1
   183    144      1
   183     45      1
   184     59      1
   184     57      1
   185    129      1
   185     38      1
   186     63      1
   186     68      1
   186      2      1
   187     63      1
   187     66      1
   187    122      1
   187    191      1
   187    192      1
   188     82      1
   188    143      1
   189    161      1
   189    100      1
   189    138      1
   190     37      1
   190     27      1
   190    162      1
   191    145      1
   191    187      1
   191    100      1
   192    187      1
   192     44      1
   193      6      1
   193    138      1
   193     32      1
   194     45      1
   194    123      1
   194     71      1
   195    124      1
   195     14      1
   195     99      1
   196     14      1
   196     12      1
   196     90      1
   197    111      1
   197    108      1
   198    180      1
   198    149      1
   198    131      1
   199     85      1
   199    109      1
   199    126      1
