COORD_X_Y 200
  2.33895   2.36792
  2.61259   2.92815
  2.92826  0.185814
 0.116781  0.754399
  2.16159   1.93802
  2.84208  0.371135
  1.58612  0.263278
  1.24194   2.49922
  1.56684   2.38397
  2.43401    2.2197
  2.73522  0.281292
  1.58014   2.02239
 0.889999  0.214603
  2.36249  0.650589
 0.211048  0.935604
 0.411572   2.03389
 0.301957   1.15786
 0.729979   2.09823
  1.78306  0.317202
 0.415215   1.10494
      2.3   2.03729
 0.905281  0.611111
  1.60175   2.56932
  1.98154   1.99174
  2.02107   1.01946
  1.52714   1.21625
 0.497212   2.67341
  2.87304   2.21764
   1.0979   2.83555
  1.94281   1.11951
  0.99337   1.55788
  1.29204    1.2584
  1.69921   1.06416
  0.39554   2.53656
  2.81387   1.80518
  1.98832   2.85996
 0.277751    2.0894
  2.14216   2.76512
  2.89774  0.110436
  2.87262   2.50289
  2.64669  0.798172
  1.84747  0.934979
   2.5447   2.34825
  1.76298   1.61924
  1.90372   2.26129
  2.91755  0.181408
 0.349414 0.00506346
 0.660677  0.793852
0.0750126   0.34959
  1.92675   2.58383
  1.02473   2.00447
  2.14029   2.82843
  2.33235   2.08989
 0.116131 0.0651884
  2.56314  0.687575
 0.578207   2.53118
0.0734509   1.57571
 0.165335   1.47165
0.0916112   2.97776
  2.09984   1.27591
  0.89591    1.6821
  1.63709   1.47759
  2.81754  0.424046
  1.64659   1.04897
  1.83599  0.720244
 0.784203  0.191384
  2.66802   1.10772
  1.97534   2.20006
  1.74943   2.88329
 0.629442   1.58676
  2.52604  0.842725
  2.96602   1.89267
  1.51636  0.803335
  2.80481  0.176378
  1.16386    2.2407
  1.66773   2.01045
 0.322909   1.80368
 0.254612   0.39933
 0.401236   1.95328
  2.13375   1.16927
  1.45885   1.95067
 0.967325    1.7365
  1.41115   1.27039
 0.417944   1.49603
 0.174577    2.6932
  1.69014  0.209839
  2.33459   1.45864
  1.00906   1.11844
  2.60051   2.73157
  2.19617  0.699028
  2.44526   2.68619
  0.25026   2.60406
  2.48192   1.85403
 0.389792   2.26345
  0.22698  0.192716
  2.34999  0.703949
  2.38028   1.51834
 0.903593   0.18376
  1.18679  0.212057
  1.05217  0.861888
  2.11337   2.70616
  1.77978  0.227545
 0.691685  0.242799
  2.73142   2.99218
 0.382272   1.68814
  2.72789  0.634718
  2.74185   2.35173
  2.66289  0.328106
 0.929535   1.27942
  2.00386   2.71608
  2.92723  0.737224
  1.90562   2.77035
 0.239923   2.57376
 0.330395  0.882495
0.0552551   1.86626
  1.44785    1.4944
  2.22863    1.0867
   2.2808  0.928045
 0.761649  0.866681
 0.394671   2.95517
  1.09552   1.60241
  1.73741   1.49816
  2.71913   1.51081
   1.5588   2.54435
 0.779042   1.01992
  1.43382   1.26787
  2.61324  0.862746
 0.771581  0.642501
  1.34685   2.29302
  2.72981   2.87693
  2.15562  0.615915
  1.39295  0.501839
  1.79132   2.23183
  0.46973  0.420618
  1.63425 0.0908726
  1.10128   1.27294
  1.97828   2.53239
  2.35715   1.15704
 0.797053  0.227175
  2.93322  0.361997
  2.25078   1.94969
  1.09353   2.80347
  2.65367   1.13361
  2.62772   1.20308
  1.97251  0.314096
  1.14478  0.842417
  1.24408   1.13184
  2.79861   2.90185
  2.08766   2.76989
  2.22184   1.90897
 0.467703   2.63046
  1.44913  0.701421
    1.569    2.7513
  2.48665   2.65562
  2.66331   1.90804
 0.281296   1.51129
  1.66142   1.55015
  2.85454   2.75876
  2.50172   1.41766
 0.222756   2.37249
   1.1346   1.50554
   1.7175   2.35198
  2.94862  0.842721
   2.0699  0.598877
   2.6352   0.61457
  1.60816   2.81198
  1.76255   2.06073
  2.34873  0.777068
 0.557005   2.10458
 0.443771  0.655316
  1.71658  0.622307
 0.852052   2.51779
 0.370215   2.97699
   2.5057 0.0882511
  1.01862   1.25356
 0.582193   2.85068
  1.31324  0.413706
  1.41183    0.1494
  2.56706   1.91488
  1.99289   1.90636
  1.56503  0.341482
  0.67232   0.33898
  0.57871  0.058284
  1.62317    2.3001
  1.86423  0.693415
  1.78283  0.404456
 0.614522  0.769002
  2.75201   0.97052
 0.558714   1.38777
  1.74174  0.921971
  1.31929  0.481348
 0.889219   1.87887
  1.49526 0.0294977
 0.415096   1.62798
  2.75329   2.63703
0.0723434   1.82234
  1.91955   1.86209
  1.93686   2.98173
  1.76432   1.19862
  2.24453   2.40698
LINKS_SOURCE_DESTINATION_DISTANCE 954
     0      1      1
     0      3      1
     0      6      1
     0      7      1
     0      8      1
     0     21      1
     0     22      1
     0     31      1
     0     42      1
     0     57      1
     0    110      1
     0    128      1
     0    140      1
     0    163      1
     0    167      1
     1      0      1
     1      2      1
     1      4      1
     1      6      1
     1      9      1
     1     20      1
     1     22      1
     1     28      1
     1     87      1
     1    171      1
     2      1      1
     2      4      1
     2      5      1
     2      6      1
     2      8      1
     2     16      1
     2     23      1
     2     24      1
     2     26      1
     2     29      1
     2     31      1
     2     76      1
     2    102      1
     3      0      1
     3      5      1
     3     21      1
     3     49      1
     3     50      1
     3     66      1
     3     74      1
     3     82      1
     3     99      1
     3    106      1
     3    157      1
     3    194      1
     4      1      1
     4      2      1
     4      5      1
     4      9      1
     4     10      1
     4     11      1
     4     15      1
     4     18      1
     4     53      1
     4     64      1
     4     78      1
     4    125      1
     4    150      1
     5      3      1
     5      2      1
     5      4      1
     5      7      1
     5     11      1
     5     14      1
     5     17      1
     5     19      1
     5     37      1
     5     43      1
     5     52      1
     5     86      1
     5     96      1
     5    100      1
     6      2      1
     6      1      1
     6      0      1
     6      7      1
     6      9      1
     6     13      1
     6     36      1
     6     46      1
     6     48      1
     6     54      1
     7      6      1
     7      0      1
     7      5      1
     7      8      1
     7     17      1
     7     18      1
     7     30      1
     7    118      1
     7    145      1
     8      2      1
     8      0      1
     8      7      1
     8     17      1
     8     33      1
     8     72      1
     8    161      1
     9      6      1
     9      4      1
     9      1      1
     9     10      1
     9     12      1
     9     15      1
     9     24      1
     9     28      1
     9     29      1
     9     48      1
     9     49      1
     9     52      1
     9     59      1
     9     82      1
     9     89      1
     9     92      1
    10      4      1
    10      9      1
    10     11      1
    10     12      1
    10     47      1
    10     75      1
    10     86      1
    10    109      1
    10    137      1
    11      5      1
    11      4      1
    11     10      1
    11     13      1
    11     14      1
    11     16      1
    11     45      1
    11     50      1
    11     77      1
    11    105      1
    11    149      1
    12      9      1
    12     10      1
    12     13      1
    12     14      1
    12     26      1
    12     51      1
    12     80      1
    13     12      1
    13      6      1
    13     11      1
    13     20      1
    13     25      1
    13     39      1
    13     54      1
    13    142      1
    13    147      1
    14      5      1
    14     11      1
    14     12      1
    14     15      1
    14     19      1
    14     48      1
    14     51      1
    14     54      1
    15      4      1
    15      9      1
    15     14      1
    15     20      1
    15     32      1
    15     40      1
    15     46      1
    15     53      1
    15     67      1
    15    191      1
    16     11      1
    16      2      1
    16     21      1
    16     32      1
    16     43      1
    16     58      1
    16     68      1
    16     81      1
    17      8      1
    17      7      1
    17      5      1
    17     22      1
    17     30      1
    17     35      1
    17     56      1
    17     90      1
    17    129      1
    17    175      1
    18      7      1
    18      4      1
    18     19      1
    18     24      1
    18     34      1
    18     35      1
    18     38      1
    18    138      1
    19      5      1
    19     18      1
    19     14      1
    19     57      1
    19     68      1
    19     81      1
    19    104      1
    19    130      1
    20     15      1
    20      1      1
    20     13      1
    20     23      1
    20     38      1
    20     66      1
    20     95      1
    20    120      1
    20    175      1
    21      0      1
    21     16      1
    21      3      1
    21     27      1
    21     34      1
    21    107      1
    21    112      1
    22      0      1
    22      1      1
    22     17      1
    22     23      1
    22     25      1
    22     34      1
    22     40      1
    22     41      1
    22     44      1
    22     61      1
    22     98      1
    23     20      1
    23      2      1
    23     22      1
    23     44      1
    23     67      1
    23     89      1
    23    104      1
    23    178      1
    24      2      1
    24      9      1
    24     18      1
    24     31      1
    24    113      1
    24    141      1
    25     22      1
    25     13      1
    25    100      1
    26      2      1
    26     12      1
    26     27      1
    26     32      1
    26     42      1
    26     68      1
    26    106      1
    26    120      1
    26    132      1
    26    184      1
    27     21      1
    27     26      1
    27     28      1
    27     85      1
    27    115      1
    27    124      1
    27    143      1
    27    159      1
    27    192      1
    28      9      1
    28      1      1
    28     27      1
    28     41      1
    28     61      1
    28     94      1
    28    107      1
    28    151      1
    28    198      1
    29      2      1
    29      9      1
    29     36      1
    29     41      1
    29     59      1
    29     85      1
    30     17      1
    30      7      1
    30     58      1
    30    170      1
    30    187      1
    31     24      1
    31      0      1
    31      2      1
    31     45      1
    31     47      1
    31     65      1
    31    112      1
    31    118      1
    31    131      1
    31    139      1
    31    180      1
    32     15      1
    32     26      1
    32     16      1
    32     33      1
    32     36      1
    32     45      1
    32     83      1
    32     99      1
    32    101      1
    32    163      1
    32    176      1
    33      8      1
    33     32      1
    33     60      1
    33     63      1
    33    173      1
    34     21      1
    34     18      1
    34     22      1
    34     62      1
    34     80      1
    34     84      1
    34     93      1
    34     95      1
    34    106      1
    34    113      1
    35     18      1
    35     17      1
    35     37      1
    35     39      1
    35     71      1
    35     95      1
    36     29      1
    36     32      1
    36      6      1
    36     38      1
    36     97      1
    36    113      1
    36    114      1
    36    199      1
    37      5      1
    37     35      1
    37     56      1
    37     75      1
    37    133      1
    38     18      1
    38     36      1
    38     20      1
    38    175      1
    39     13      1
    39     35      1
    39     51      1
    39     96      1
    39    153      1
    40     22      1
    40     15      1
    40     46      1
    40     60      1
    40     74      1
    40     92      1
    40    187      1
    40    197      1
    41     28      1
    41     22      1
    41     29      1
    41     55      1
    41     58      1
    41     65      1
    41     71      1
    41    185      1
    42      0      1
    42     26      1
    42     76      1
    42     85      1
    43     16      1
    43      5      1
    43     69      1
    43     97      1
    43    123      1
    43    144      1
    44     23      1
    44     22      1
    44     50      1
    44     60      1
    44     70      1
    44    168      1
    45     11      1
    45     31      1
    45     32      1
    46     40      1
    46      6      1
    46     15      1
    46     91      1
    46    116      1
    46    153      1
    47     10      1
    47     31      1
    47     62      1
    47    117      1
    48      9      1
    48     14      1
    48      6      1
    48    103      1
    49      3      1
    49      9      1
    49     55      1
    49     83      1
    49     94      1
    50      3      1
    50     44      1
    50     11      1
    50     73      1
    50    112      1
    50    157      1
    51     39      1
    51     14      1
    51     12      1
    51     79      1
    51    147      1
    51    182      1
    51    186      1
    51    192      1
    52      5      1
    52      9      1
    52     57      1
    52     64      1
    52     79      1
    52    122      1
    52    190      1
    53      4      1
    53     15      1
    53     69      1
    53    119      1
    53    165      1
    53    178      1
    54      6      1
    54     13      1
    54     14      1
    54     63      1
    55     41      1
    55     49      1
    55     72      1
    55     77      1
    55     87      1
    56     17      1
    56     37      1
    56     67      1
    56     76      1
    56    169      1
    57     52      1
    57      0      1
    57     19      1
    57    166      1
    57    181      1
    58     41      1
    58     30      1
    58     16      1
    58     98      1
    58    105      1
    58    111      1
    58    134      1
    58    146      1
    58    183      1
    59      9      1
    59     29      1
    59    103      1
    59    166      1
    60     33      1
    60     44      1
    60     40      1
    60    101      1
    61     22      1
    61     28      1
    61     62      1
    61     73      1
    61    102      1
    61    137      1
    62     61      1
    62     47      1
    62     34      1
    62    122      1
    62    130      1
    62    136      1
    62    176      1
    63     33      1
    63     54      1
    63     80      1
    63    101      1
    63    146      1
    63    149      1
    64     52      1
    64      4      1
    64     70      1
    64     90      1
    64    108      1
    65     41      1
    65     31      1
    66     20      1
    66      3      1
    66    124      1
    66    183      1
    67     23      1
    67     15      1
    67     56      1
    68     26      1
    68     16      1
    68     19      1
    68     84      1
    68    115      1
    68    129      1
    68    143      1
    68    184      1
    69     53      1
    69     43      1
    69    161      1
    70     64      1
    70     44      1
    70     71      1
    70    108      1
    70    180      1
    70    199      1
    71     70      1
    71     41      1
    71     35      1
    71     82      1
    71    111      1
    71    136      1
    72     55      1
    72      8      1
    73     61      1
    73     50      1
    73     74      1
    73     78      1
    73     88      1
    73    168      1
    74     73      1
    74     40      1
    74      3      1
    74     89      1
    74    148      1
    74    154      1
    74    188      1
    74    192      1
    75     10      1
    75     37      1
    75    104      1
    75    171      1
    76     42      1
    76      2      1
    76     56      1
    76    136      1
    77     55      1
    77     11      1
    77     84      1
    78     73      1
    78      4      1
    78    105      1
    78    119      1
    79     52      1
    79     51      1
    79    117      1
    79    167      1
    80     63      1
    80     12      1
    80     34      1
    80     88      1
    80    127      1
    80    131      1
    80    158      1
    81     19      1
    81     16      1
    81     94      1
    81    111      1
    81    121      1
    82     71      1
    82      9      1
    82      3      1
    82     91      1
    83     49      1
    83     32      1
    83     99      1
    83    197      1
    84     34      1
    84     68      1
    84     77      1
    84    117      1
    85     42      1
    85     29      1
    85     27      1
    85    148      1
    85    182      1
    86      5      1
    86     10      1
    86    152      1
    87     55      1
    87      1      1
    88     73      1
    88     80      1
    88    107      1
    88    126      1
    88    128      1
    88    182      1
    88    190      1
    89      9      1
    89     74      1
    89     23      1
    89     93      1
    90     64      1
    90     17      1
    90    132      1
    90    135      1
    90    172      1
    91     46      1
    91     82      1
    91    125      1
    92      9      1
    92     40      1
    92    124      1
    92    174      1
    93     34      1
    93     89      1
    93    114      1
    93    116      1
    93    179      1
    94     49      1
    94     81      1
    94     28      1
    94    110      1
    94    116      1
    94    142      1
    95     20      1
    95     34      1
    95     35      1
    95    109      1
    96      5      1
    96     39      1
    96    139      1
    97     36      1
    97     43      1
    98     58      1
    98     22      1
    98    125      1
    98    140      1
    98    145      1
    98    162      1
    98    181      1
    98    186      1
    99     32      1
    99      3      1
    99     83      1
    99    123      1
   100      5      1
   100     25      1
   100    130      1
   100    145      1
   100    155      1
   101     32      1
   101     60      1
   101     63      1
   102      2      1
   102     61      1
   103     48      1
   103     59      1
   104     19      1
   104     75      1
   104     23      1
   104    152      1
   104    154      1
   104    156      1
   105     11      1
   105     58      1
   105     78      1
   106      3      1
   106     26      1
   106     34      1
   107     88      1
   107     21      1
   107     28      1
   108     64      1
   108     70      1
   108    134      1
   109     95      1
   109     10      1
   109    173      1
   110     94      1
   110      0      1
   111     71      1
   111     58      1
   111     81      1
   111    121      1
   111    127      1
   112     50      1
   112     31      1
   112     21      1
   112    120      1
   112    127      1
   112    135      1
   113     36      1
   113     24      1
   113     34      1
   113    194      1
   114     36      1
   114     93      1
   114    122      1
   114    152      1
   115     68      1
   115     27      1
   115    141      1
   115    169      1
   116     93      1
   116     94      1
   116     46      1
   117     84      1
   117     47      1
   117     79      1
   118     31      1
   118      7      1
   119     78      1
   119     53      1
   120     26      1
   120    112      1
   120     20      1
   121     81      1
   121    111      1
   121    123      1
   122     62      1
   122    114      1
   122     52      1
   122    137      1
   122    176      1
   122    189      1
   123     43      1
   123     99      1
   123    121      1
   123    146      1
   124     66      1
   124     27      1
   124     92      1
   124    126      1
   124    133      1
   124    139      1
   124    160      1
   124    164      1
   125      4      1
   125     98      1
   125     91      1
   125    159      1
   126    124      1
   126     88      1
   126    158      1
   126    162      1
   127    111      1
   127     80      1
   127    112      1
   127    138      1
   127    170      1
   128     88      1
   128      0      1
   128    156      1
   128    177      1
   129     17      1
   129     68      1
   129    165      1
   130     62      1
   130    100      1
   130     19      1
   130    172      1
   131     80      1
   131     31      1
   132     26      1
   132     90      1
   132    164      1
   133    124      1
   133     37      1
   133    187      1
   134     58      1
   134    108      1
   134    160      1
   135    112      1
   135     90      1
   135    179      1
   135    198      1
   136     62      1
   136     71      1
   136     76      1
   136    150      1
   137    122      1
   137     10      1
   137     61      1
   138    127      1
   138     18      1
   139     31      1
   139     96      1
   139    124      1
   140     98      1
   140      0      1
   141     24      1
   141    115      1
   141    185      1
   142     13      1
   142     94      1
   143     27      1
   143     68      1
   143    144      1
   143    155      1
   144     43      1
   144    143      1
   145    100      1
   145      7      1
   145     98      1
   145    151      1
   146     63      1
   146     58      1
   146    123      1
   146    195      1
   147     51      1
   147     13      1
   147    195      1
   148     85      1
   148     74      1
   149     63      1
   149     11      1
   149    170      1
   149    188      1
   149    189      1
   150      4      1
   150    136      1
   151     28      1
   151    145      1
   152    104      1
   152    114      1
   152     86      1
   152    171      1
   153     39      1
   153     46      1
   153    161      1
   154     74      1
   154    104      1
   155    143      1
   155    100      1
   156    128      1
   156    104      1
   157      3      1
   157     50      1
   158     80      1
   158    126      1
   159     27      1
   159    125      1
   159    164      1
   159    196      1
   160    134      1
   160    124      1
   161    153      1
   161     69      1
   161      8      1
   162    126      1
   162     98      1
   163      0      1
   163     32      1
   163    177      1
   164    124      1
   164    159      1
   164    132      1
   165     53      1
   165    129      1
   166     57      1
   166     59      1
   167     79      1
   167      0      1
   167    174      1
   167    179      1
   167    199      1
   168     44      1
   168     73      1
   169     56      1
   169    115      1
   170    127      1
   170    149      1
   170     30      1
   171     75      1
   171    152      1
   171      1      1
   171    197      1
   172    130      1
   172     90      1
   173     33      1
   173    109      1
   174    167      1
   174     92      1
   174    184      1
   174    196      1
   175     17      1
   175     20      1
   175     38      1
   175    193      1
   176    122      1
   176     32      1
   176     62      1
   177    163      1
   177    128      1
   178     23      1
   178     53      1
   179    135      1
   179     93      1
   179    167      1
   180     70      1
   180     31      1
   181     57      1
   181     98      1
   182     88      1
   182     85      1
   182     51      1
   183     58      1
   183     66      1
   184     26      1
   184     68      1
   184    174      1
   185    141      1
   185     41      1
   186     51      1
   186     98      1
   187     40      1
   187    133      1
   187     30      1
   188    149      1
   188     74      1
   188    191      1
   189    122      1
   189    149      1
   189    193      1
   190     52      1
   190     88      1
   191     15      1
   191    188      1
   192     27      1
   192     74      1
   192     51      1
   193    189      1
   193    175      1
   194    113      1
   194      3      1
   195    146      1
   195    147      1
   196    159      1
   196    174      1
   197     40      1
   197     83      1
   197    171      1
   198    135      1
   198     28      1
   199     70      1
   199    167      1
   199     36      1
