COORD_X_Y 100
  1.44597   2.37619
  2.15733   1.89242
  1.31575   2.45973
0.0896395   1.96175
    2.474   1.66641
  1.68666 0.0459892
   2.4424  0.129149
  2.96959  0.109955
 0.751553   2.96993
 0.417585   1.23385
 0.700378   2.14736
  1.44434   1.03051
  2.77483    1.8826
  1.68189  0.542654
  2.61526   1.35483
 0.157307 0.000410601
  1.95094   1.81775
 0.832684   1.10186
  2.74516  0.323079
  2.35833   1.10785
   1.0505  0.594639
  1.91903   2.85669
  2.80909  0.119147
  1.67631  0.875261
0.0898948  0.995769
 0.744599   1.45564
 0.346846   2.67927
   2.1323   2.83833
  0.77757    2.9152
  2.57026  0.230895
 0.983408   2.34575
   1.4696   2.28696
 0.914021   2.48207
 0.380363   2.14838
  1.71643   2.43238
 0.614781  0.031546
  2.70367   2.08895
  2.71864   2.65328
  2.66989   2.36176
  2.22005   1.69898
  2.93146  0.792689
  2.11877   2.03903
  2.76873  0.683944
  1.74212  0.775863
 0.662239   2.71972
  1.18466 0.0829198
  1.37203   2.99404
  1.09341   2.72615
  2.87407   1.33669
 0.459913   2.82805
  1.84714  0.612156
  1.22748   2.03505
  2.25283  0.270596
  2.12778   2.29204
   1.7982 0.0918911
 0.979094  0.916476
  0.33688   2.84601
  1.62889   2.02544
  2.18605   1.06529
  2.02561  0.303254
  1.85512   2.71594
  2.92737  0.482704
  2.29406  0.617172
  1.39264  0.126318
  1.78681   1.52631
 0.646386   1.89174
 0.189341   1.24597
  2.05737    2.4934
 0.123074  0.895385
 0.217318  0.776006
  2.95268  0.784525
  2.92683   1.07484
  2.88317   1.12935
   1.1529  0.361993
  1.97811   0.55719
 0.157186   2.94797
  1.25993  0.330701
  1.22145   0.98862
  1.49988  0.519454
  2.68399   2.14035
  2.19544   2.09672
  1.29078   2.69058
  1.06667   1.30437
  1.29835   2.50412
   1.0957   2.03553
  1.94153   1.49128
  1.79729   2.86812
  1.60503   2.04844
 0.278164  0.148813
  1.60387   2.83783
  1.08715    1.8944
 0.394553   2.94379
 0.233338   2.80741
  2.00346   2.61627
 0.309433  0.282036
  2.49286   2.71494
  2.47563   2.33997
  2.70314   1.75004
  1.32001    2.1758
  2.04295   1.20482
LINKS_SOURCE_DESTINATION_DISTANCE 494
     0      1      1
     0      3      1
     0      4      1
     0      5      1
     0     10      1
     0     11      1
     0     13      1
     0     14      1
     0     17      1
     0     25      1
     0     27      1
     0     28      1
     0     29      1
     0     42      1
     1      0      1
     1      2      1
     1      4      1
     1      5      1
     1      6      1
     1      8      1
     1     10      1
     1     14      1
     1     17      1
     1     18      1
     1     19      1
     1     21      1
     1     23      1
     1     52      1
     1     76      1
     1     83      1
     1     98      1
     2      1      1
     2      4      1
     2     13      1
     2     19      1
     2     26      1
     2     50      1
     2     62      1
     3      0      1
     3      7      1
     3      8      1
     3     12      1
     3     16      1
     3     28      1
     3     31      1
     3     34      1
     3     92      1
     4      1      1
     4      2      1
     4      0      1
     4      5      1
     4      6      1
     4      7      1
     4      9      1
     4     11      1
     4     22      1
     4     29      1
     4     32      1
     4     37      1
     4     43      1
     4     59      1
     5      0      1
     5      1      1
     5      4      1
     5      6      1
     5     12      1
     5     20      1
     5     45      1
     5     91      1
     6      5      1
     6      4      1
     6      1      1
     6     14      1
     6     15      1
     6     20      1
     6     34      1
     6     48      1
     6     62      1
     6     63      1
     7      3      1
     7      4      1
     7      8      1
     7     10      1
     7     13      1
     7     50      1
     7     80      1
     7     96      1
     8      1      1
     8      3      1
     8      7      1
     8      9      1
     8     16      1
     8     18      1
     8     22      1
     8     32      1
     8     35      1
     8     48      1
     8     58      1
     9      4      1
     9      8      1
     9     12      1
     9     15      1
     9     21      1
     9     38      1
     9     63      1
     9     87      1
     9     94      1
    10      0      1
    10      1      1
    10      7      1
    10     67      1
    11      0      1
    11      4      1
    11     61      1
    11     70      1
    12      3      1
    12      9      1
    12      5      1
    12     25      1
    12     30      1
    12     38      1
    12     41      1
    13      7      1
    13      2      1
    13      0      1
    13     18      1
    13     35      1
    13     37      1
    13     77      1
    13     91      1
    14      0      1
    14      1      1
    14      6      1
    14     16      1
    14     22      1
    14     23      1
    14     33      1
    14     69      1
    14     83      1
    14     93      1
    15      6      1
    15      9      1
    15     68      1
    16      8      1
    16     14      1
    16      3      1
    16     19      1
    16     28      1
    16     33      1
    16     38      1
    16     44      1
    16     47      1
    16     65      1
    16     97      1
    17      0      1
    17      1      1
    17     24      1
    17     25      1
    17     44      1
    17     68      1
    17     80      1
    17     95      1
    18      8      1
    18      1      1
    18     13      1
    18     31      1
    18     36      1
    18     77      1
    18     90      1
    19     16      1
    19      1      1
    19      2      1
    19     20      1
    19     27      1
    19     31      1
    19     33      1
    19     39      1
    19     78      1
    20      5      1
    20     19      1
    20      6      1
    20     26      1
    20     64      1
    21      9      1
    21      1      1
    21     51      1
    21     74      1
    21     95      1
    22     14      1
    22      4      1
    22      8      1
    22     24      1
    22     36      1
    22     40      1
    22     46      1
    22     53      1
    22     83      1
    23      1      1
    23     14      1
    23     27      1
    23     30      1
    23     55      1
    23     59      1
    24     17      1
    24     22      1
    24     44      1
    24     52      1
    24     73      1
    25     17      1
    25      0      1
    25     12      1
    25     52      1
    26     20      1
    26      2      1
    26     34      1
    26     47      1
    26     55      1
    26     78      1
    26     85      1
    27      0      1
    27     19      1
    27     23      1
    27     30      1
    27     35      1
    27     57      1
    28      3      1
    28      0      1
    28     16      1
    28     43      1
    28     51      1
    28     65      1
    29      0      1
    29      4      1
    30     27      1
    30     23      1
    30     12      1
    30     60      1
    30     66      1
    30     74      1
    30     89      1
    31      3      1
    31     18      1
    31     19      1
    31     69      1
    31     92      1
    32      8      1
    32      4      1
    32     89      1
    33     14      1
    33     16      1
    33     19      1
    33     47      1
    33     49      1
    33     72      1
    34     26      1
    34      3      1
    34      6      1
    34     37      1
    34     67      1
    34     76      1
    35     27      1
    35      8      1
    35     13      1
    35     36      1
    35     41      1
    36     22      1
    36     35      1
    36     18      1
    36     39      1
    36     42      1
    36     49      1
    36     53      1
    36     71      1
    37      4      1
    37     13      1
    37     34      1
    37     40      1
    37     70      1
    38     12      1
    38     16      1
    38      9      1
    39     36      1
    39     19      1
    39     42      1
    39     46      1
    40     22      1
    40     37      1
    40     84      1
    40     93      1
    40     97      1
    41     12      1
    41     35      1
    41     43      1
    41     64      1
    41     77      1
    42     39      1
    42     36      1
    42      0      1
    42     45      1
    42     87      1
    42     88      1
    43     41      1
    43      4      1
    43     28      1
    43     51      1
    43     54      1
    43     56      1
    43     75      1
    43     96      1
    44     17      1
    44     16      1
    44     24      1
    44     65      1
    44     76      1
    45      5      1
    45     42      1
    45     75      1
    45     86      1
    46     22      1
    46     39      1
    46     58      1
    46     61      1
    46     90      1
    47     33      1
    47     26      1
    47     16      1
    47     56      1
    47     85      1
    48      8      1
    48      6      1
    49     33      1
    49     36      1
    49     50      1
    49     60      1
    50     49      1
    50      7      1
    50      2      1
    50     68      1
    50     70      1
    51     43      1
    51     28      1
    51     21      1
    51     53      1
    51     54      1
    51     63      1
    51     93      1
    52     24      1
    52     25      1
    52      1      1
    52     57      1
    52     86      1
    53     22      1
    53     51      1
    53     36      1
    53     59      1
    54     43      1
    54     51      1
    54     61      1
    54     62      1
    55     23      1
    55     26      1
    55     66      1
    55     79      1
    56     47      1
    56     43      1
    57     52      1
    57     27      1
    57     88      1
    57     99      1
    58     46      1
    58      8      1
    59     53      1
    59     23      1
    59      4      1
    59     72      1
    60     30      1
    60     49      1
    60     72      1
    61     11      1
    61     46      1
    61     54      1
    61     79      1
    61     81      1
    62     54      1
    62      2      1
    62      6      1
    62     73      1
    63      6      1
    63     51      1
    63      9      1
    64     41      1
    64     20      1
    64     81      1
    65     16      1
    65     44      1
    65     28      1
    65     71      1
    65     73      1
    65     82      1
    66     30      1
    66     55      1
    67     34      1
    67     10      1
    67     90      1
    68     17      1
    68     15      1
    68     50      1
    69     14      1
    69     31      1
    69     81      1
    70     11      1
    70     37      1
    70     50      1
    71     36      1
    71     65      1
    72     60      1
    72     59      1
    72     33      1
    72     84      1
    73     62      1
    73     24      1
    73     65      1
    73     84      1
    74     21      1
    74     30      1
    75     43      1
    75     45      1
    75     82      1
    75     86      1
    76     44      1
    76     34      1
    76      1      1
    77     41      1
    77     13      1
    77     18      1
    78     26      1
    78     19      1
    79     55      1
    79     61      1
    80     17      1
    80      7      1
    81     64      1
    81     61      1
    81     69      1
    81     94      1
    82     65      1
    82     75      1
    83     22      1
    83     14      1
    83      1      1
    83     96      1
    84     40      1
    84     73      1
    84     72      1
    84     92      1
    85     47      1
    85     26      1
    86     52      1
    86     45      1
    86     75      1
    87      9      1
    87     42      1
    88     57      1
    88     42      1
    88     97      1
    88     98      1
    89     30      1
    89     32      1
    90     18      1
    90     46      1
    90     67      1
    90     99      1
    91     13      1
    91      5      1
    92     84      1
    92      3      1
    92     31      1
    93     51      1
    93     14      1
    93     40      1
    94     81      1
    94      9      1
    95     21      1
    95     17      1
    96     83      1
    96      7      1
    96     43      1
    97     40      1
    97     16      1
    97     88      1
    98     88      1
    98      1      1
    99     57      1
    99     90      1
