COORD_X_Y 400
 0.696509  0.740531
  2.12383  0.297386
  2.99711   1.95998
0.0852059   2.37246
 0.549353   1.65789
  1.51627   2.13873
  1.64677    1.9348
  2.83342   2.69119
  1.52898   2.73672
  2.18907   2.96128
  2.31488  0.314158
  1.45489   1.37652
  1.43679  0.324206
 0.466636   1.45852
 0.344776   1.96308
  1.72235   2.70813
  2.08599  0.904138
  1.47896   2.46124
  0.78668  0.193922
  1.46202  0.245818
 0.604862  0.851872
  2.03296    1.1849
  1.70371   2.55594
  1.80225   1.67738
  0.70892   2.16331
  1.44694   1.98171
 0.399948  0.475191
  2.74608   2.76078
 0.291032   2.42244
 0.923043   2.70173
 0.755325   2.05281
 0.521738  0.445819
 0.311707  0.418535
 0.233675  0.992264
  1.57588  0.495593
 0.188464   2.67291
  2.86903   0.80349
   2.7027   1.41883
  2.76289    2.0156
 0.201821   1.51529
0.0705424   2.27217
  1.33407   1.93784
  1.73189   1.23192
  1.68981   2.39985
0.000179436  0.350909
 0.708564    2.1609
  2.24137  0.756082
 0.637909   1.95672
  1.20519   2.01267
  0.49333  0.449212
  1.38394   1.14558
 0.585959   2.63259
 0.748775  0.289014
 0.753233   1.92879
  2.62641  0.437789
  1.95624   1.97277
 0.623398  0.700691
 0.935946   2.34195
  2.83103   2.39364
  2.03296 0.00313184
0.00972839   2.23908
  1.74206   1.75756
  2.85275   1.63278
 0.589855   1.97042
  1.59098   1.32998
  1.82102  0.846814
  1.15946   1.06905
 0.266686   1.97416
 0.364324   2.03938
  2.38111  0.474845
  2.99229 0.0428539
  1.71317   2.79539
 0.684395   2.83107
  1.79731   2.15747
  1.91834   1.14919
 0.298691   2.46144
 0.336602    1.7694
  2.29775  0.951578
  2.35186   2.87218
  2.00771  0.369173
  2.79295   1.19752
  1.87813   0.54702
   2.5815   1.98149
  1.81957  0.543204
  1.94375  0.873891
  1.55684   2.53153
   1.8199   2.97373
0.0712814  0.519717
  1.54315  0.454479
  1.07222  0.217739
  1.69771  0.533909
  2.64216   2.67346
  2.38971    2.8274
  0.37282   1.85526
  2.76264   2.02033
 0.171896  0.698152
 0.257285  0.136317
  0.15413   1.98323
 0.553285  0.369129
 0.594248   1.78135
  0.58994   2.93051
  1.96768  0.155481
 0.614762   2.56425
  2.71586  0.501701
  1.41504   1.30265
  2.99207   2.42101
 0.803018  0.740804
  2.83273   1.38123
  1.13091   2.38543
0.0975133   2.82892
 0.716722   2.49893
 0.655577  0.405732
  1.63865   2.63978
  2.99427  0.176083
  1.85093   1.19455
  1.43904   2.10633
  2.88752   1.66854
  1.03266  0.697312
  2.89063   2.18197
 0.196878   1.61682
  1.29609  0.466253
 0.317386   1.08765
  1.55922   1.85197
  2.85798  0.568208
  0.45005   2.73055
   2.7342  0.232099
   1.6241  0.171027
  2.00177   2.65651
  2.04444   2.58822
   2.7651  0.530139
 0.958071  0.322581
 0.340406  0.561564
  2.12753   2.27317
  1.71997  0.486557
  1.91934  0.165052
  2.44543  0.218972
 0.944323   2.85169
 0.483062   1.03374
 0.763937   2.25719
  2.24711  0.894799
 0.110864   1.23638
  2.67324  0.174903
  1.38052  0.513686
  1.16152   1.31581
  2.53985   1.81526
  1.54932   1.46405
 0.205319    2.4176
 0.539991   2.82707
  1.48037   1.48169
  1.78638  0.746184
 0.996544   2.99284
 0.992529    2.2639
  1.47614   1.55529
  2.92816   1.33872
 0.740578  0.585903
0.0687221   2.93142
  2.47642    0.7027
   2.0697    1.4297
  2.70876    2.2243
 0.731181  0.233665
  0.56736  0.232781
   1.8083   2.62899
  2.32782  0.829448
 0.627867   2.94564
  1.17398   1.36709
0.0972206   1.30993
 0.219327   0.50726
  1.02244  0.157828
 0.529884 0.0853118
  2.96211   1.88706
 0.929193   2.68647
  2.47738   1.66135
  2.28045   1.89505
  2.82523   1.18364
  2.73921   1.99507
  1.43183  0.351445
   1.5435  0.299895
  2.15106   1.79554
 0.903467   1.63731
  2.11412 0.0322142
   2.3271  0.772237
  1.13224   2.19689
  1.64678  0.633102
 0.344849 0.0403202
 0.421304   1.39396
 0.527172   2.65261
 0.671516   1.81149
 0.588584   1.18021
 0.770966 0.0680167
  1.90833   2.77466
  2.45686   1.63372
  2.39231   0.69006
  1.01425  0.385976
  2.27352   1.97206
  1.32851   1.73068
 0.627255   1.83278
 0.863338  0.301428
 0.165705   1.32677
 0.483853   2.42428
 0.634531   1.68978
 0.198358   2.19021
  2.11434   1.41692
  1.94583   1.35995
 0.058487    1.9713
  2.09353   1.69349
  1.34882   1.88181
  1.98076  0.708836
 0.420421  0.264072
  1.47437 0.0906598
  2.61656   2.03157
 0.655176  0.135463
  1.58426   2.63549
 0.379493   2.93703
 0.349242  0.560984
 0.124923   1.94529
 0.668434   2.16412
  2.66364  0.731517
  1.76236  0.842576
 0.154611    0.1312
   1.0848   2.41667
  1.09566  0.192608
  0.17254    2.7749
  2.02341   2.84281
 0.929547   2.83465
  1.26171  0.873381
  2.32925  0.441612
    2.694   2.22274
   2.3395  0.243094
   1.9931   2.88007
  1.18929  0.463105
 0.375163   2.90455
  1.31284  0.897897
  1.30537   1.59863
  2.48723   2.11849
  1.61305   2.96003
  1.98063  0.387714
  1.63882   1.13937
  1.92276   2.04082
  2.90839   0.60263
 0.684574   2.79578
   2.2718  0.624562
 0.434654  0.940267
  1.08427   2.00026
 0.103416   2.03863
 0.655756   1.57036
  0.78047   1.87643
  2.55655  0.910083
  2.97959   2.23107
  1.10028 0.0104299
  2.59868   2.58264
 0.850992   1.74785
  1.97087   2.69665
 0.964466   1.20514
 0.878184   2.43379
  2.56063  0.675864
  2.04974   2.79161
 0.762561   2.68495
  1.75274  0.044187
  1.85049  0.558141
   2.5785  0.447995
  2.52179   2.28791
  2.73471   1.83472
  2.06557   1.83557
  2.41751   2.26533
 0.429226  0.541311
 0.217876    1.7857
  1.37753  0.889734
 0.598632   2.49901
 0.990865  0.520404
 0.508609   2.02092
   1.8657  0.689493
  1.48367   2.46328
  1.90511   2.09486
  1.59009   1.19135
 0.224406   1.92366
  1.41882  0.943464
  2.20958   2.13526
  1.81899  0.292368
  2.01266    2.9679
 0.936686   1.40922
  0.43578   1.96478
  2.38465    2.9935
  2.23722   2.43209
 0.339826 0.0657165
  2.83942   1.26759
  2.35715    1.3431
  1.54182   2.86613
  1.74218    1.3203
 0.779441   1.20384
  2.44121   1.77314
 0.114496  0.334468
  1.58079   2.00373
  1.60116   2.07862
 0.831275  0.328109
 0.732716    1.8516
   2.4696  0.652859
  1.45698   1.41313
  2.05403  0.576625
   1.3915   1.62285
  1.31128    1.3925
  2.89789  0.870737
  1.89284   2.10226
  1.39309   2.10045
 0.125762   0.11173
     1.61  0.480935
 0.711128   1.83256
  1.96865   2.07492
  1.08199   2.19237
  1.93853   1.70905
  1.26195  0.456916
  2.76517   1.51773
 0.310672   2.47367
  1.15432  0.584711
  1.01217  0.968073
 0.872685   2.26075
 0.510403  0.934551
 0.516224    1.2803
 0.454903   1.43321
  0.29458  0.111001
 0.580399   1.52593
  1.53928   2.60016
  1.52791   2.53227
  1.61122   1.35527
  2.24615   1.57056
 0.933415   2.54054
  2.58807   1.60839
  1.92469  0.487907
 0.304065   1.23981
  1.12447  0.394796
   2.4082 0.0529792
  2.72009   1.14105
  2.69807   1.72861
  1.56247    2.0198
   2.2429 0.0332015
 0.347581  0.672691
  2.53494   1.49499
  1.75247    2.3118
  2.81686  0.180101
 0.773024  0.503185
0.0327676   0.10257
 0.500942  0.745787
 0.750558   1.91144
   1.3001   1.74978
  2.49664  0.494454
  2.13456   2.40978
  2.17103  0.488367
 0.911034  0.415143
 0.223345  0.539042
  2.64008   1.46813
  2.06382   2.48878
  2.96371   2.19895
  2.48334   2.70945
  2.49966   2.56933
  1.70911   2.61474
0.0492468  0.563946
   2.5476   2.99688
  2.38782   2.57832
  2.84459   2.81555
 0.305669  0.268639
  1.70791  0.406918
0.0973184   0.87826
0.0339386   1.42657
 0.522889   2.35578
0.0935048   2.25817
  2.81767   2.93296
 0.903599   1.47055
  2.76301   1.99828
  2.71727  0.678493
  1.38144   2.62102
0.0497559  0.498566
  2.03811  0.643134
    1.207  0.612936
   2.7378   1.68692
 0.294399   2.85067
  1.89665   1.52833
 0.254143   2.42851
 0.763577   2.05097
0.0971258   2.38598
  1.40387  0.266849
  2.93042   1.63554
  1.42568   2.30961
 0.479915   1.77749
  1.00923   1.99048
  0.51264   1.89896
  2.46853   1.08955
  2.49945  0.700891
  0.50464  0.514199
 0.847524  0.103272
 0.472189   2.99328
  2.57317  0.328665
  1.07658  0.845765
  2.73814  0.865435
 0.694642   1.77233
 0.430514 0.0974198
  1.44096   2.37021
 0.761354  0.561685
  2.88637   2.18565
  1.32572   1.04193
  1.83346   2.99152
  1.63241   1.77828
LINKS_SOURCE_DESTINATION_DISTANCE 2018
     0      1      1
     0      2      1
     0      4      1
     0      5      1
     0      6      1
     0      7      1
     0     11      1
     0     25      1
     0     27      1
     0     37      1
     0     53      1
     0     55      1
     0    125      1
     0    128      1
     0    333      1
     1      0      1
     1      4      1
     1      5      1
     1      6      1
     1     14      1
     1     19      1
     1     20      1
     1     29      1
     1    156      1
     1    301      1
     2      0      1
     2      3      1
     2      4      1
     2      5      1
     2      7      1
     2     13      1
     2     15      1
     2     17      1
     2     18      1
     2     20      1
     2     47      1
     2     56      1
     2     70      1
     2     86      1
     3      2      1
     3     11      1
     3     16      1
     3     29      1
     3     32      1
     3     34      1
     3     35      1
     3     37      1
     3     41      1
     3     54      1
     3     62      1
     3    111      1
     3    128      1
     3    178      1
     3    316      1
     4      1      1
     4      2      1
     4      0      1
     4      6      1
     4      7      1
     4      8      1
     4     11      1
     4     25      1
     4     26      1
     4     28      1
     4     31      1
     4     32      1
     4     35      1
     4     83      1
     4     99      1
     4    105      1
     4    233      1
     4    330      1
     5      1      1
     5      0      1
     5      2      1
     5     24      1
     5     49      1
     5    126      1
     5    329      1
     5    363      1
     6      0      1
     6      1      1
     6      4      1
     6      9      1
     6     10      1
     6     21      1
     6     23      1
     6     43      1
     6     45      1
     6     52      1
     6     95      1
     6    104      1
     6    114      1
     6    253      1
     6    259      1
     7      0      1
     7      2      1
     7      4      1
     7      8      1
     7      9      1
     7     10      1
     7     12      1
     7     18      1
     7     19      1
     7     40      1
     7     63      1
     7    129      1
     8      7      1
     8      4      1
     8      9      1
     8     16      1
     8     51      1
     8     89      1
     8    105      1
     8    115      1
     8    180      1
     8    239      1
     9      8      1
     9      7      1
     9      6      1
     9     13      1
     9     19      1
     9     23      1
     9     37      1
     9    108      1
     9    278      1
     9    310      1
     9    334      1
    10      7      1
    10      6      1
    10     26      1
    10     31      1
    10     51      1
    10     73      1
    10     77      1
    10     81      1
    10    104      1
    10    107      1
    10    247      1
    10    255      1
    10    333      1
    11      0      1
    11      3      1
    11      4      1
    11     12      1
    11     15      1
    11     46      1
    11     64      1
    11     73      1
    11     74      1
    11     75      1
    11     78      1
    11     89      1
    11     93      1
    11    108      1
    11    149      1
    11    289      1
    11    294      1
    11    366      1
    12     11      1
    12      7      1
    12     13      1
    12     22      1
    12     23      1
    12     28      1
    12     56      1
    12    204      1
    12    256      1
    12    317      1
    12    343      1
    13     12      1
    13      2      1
    13      9      1
    13     14      1
    13     46      1
    13     52      1
    13     98      1
    13    214      1
    13    248      1
    13    283      1
    13    385      1
    14     13      1
    14      1      1
    14     18      1
    14     22      1
    14     25      1
    14     27      1
    14     42      1
    14     49      1
    14     50      1
    14     98      1
    14    216      1
    14    232      1
    14    292      1
    15     11      1
    15      2      1
    15     16      1
    15     17      1
    15     38      1
    15     45      1
    15     53      1
    15    113      1
    15    377      1
    16     15      1
    16      8      1
    16      3      1
    16     24      1
    16     43      1
    16     62      1
    16    149      1
    16    219      1
    17     15      1
    17      2      1
    17     21      1
    17     44      1
    17     53      1
    17     64      1
    17    103      1
    17    145      1
    17    360      1
    17    368      1
    18     14      1
    18      7      1
    18      2      1
    18     20      1
    18     21      1
    18     41      1
    18     46      1
    18     99      1
    18    140      1
    18    245      1
    18    358      1
    18    362      1
    19      1      1
    19      9      1
    19      7      1
    19     44      1
    19     52      1
    19    120      1
    20      2      1
    20     18      1
    20      1      1
    20     22      1
    20     28      1
    20     30      1
    20     36      1
    20     66      1
    20    115      1
    20    177      1
    21     17      1
    21      6      1
    21     18      1
    21     38      1
    21     69      1
    21     76      1
    21    107      1
    21    121      1
    21    192      1
    21    204      1
    21    224      1
    21    269      1
    21    382      1
    22     20      1
    22     14      1
    22     12      1
    22     30      1
    22     42      1
    22     97      1
    22    238      1
    23     12      1
    23      9      1
    23      6      1
    23     24      1
    23     66      1
    23     81      1
    23    215      1
    23    393      1
    24     23      1
    24     16      1
    24      5      1
    24     27      1
    24     29      1
    24     44      1
    24     58      1
    24     95      1
    24    130      1
    24    197      1
    24    208      1
    24    213      1
    24    242      1
    25      0      1
    25      4      1
    25     14      1
    25     32      1
    25     33      1
    25     50      1
    25     63      1
    25    178      1
    25    357      1
    26     10      1
    26      4      1
    26     36      1
    26     72      1
    26    102      1
    26    122      1
    26    182      1
    26    184      1
    26    209      1
    26    222      1
    27     24      1
    27      0      1
    27     14      1
    27     60      1
    27     93      1
    27     94      1
    27    152      1
    27    265      1
    28      4      1
    28     12      1
    28     20      1
    28    118      1
    28    131      1
    28    138      1
    28    247      1
    28    274      1
    29      3      1
    29      1      1
    29     24      1
    29     33      1
    29     38      1
    29     39      1
    29     87      1
    29    126      1
    29    166      1
    29    262      1
    30     22      1
    30     20      1
    30     94      1
    30    114      1
    30    121      1
    30    127      1
    30    133      1
    30    161      1
    30    167      1
    30    198      1
    30    217      1
    30    238      1
    30    264      1
    31      4      1
    31     10      1
    31     49      1
    31     68      1
    31     85      1
    31    102      1
    31    139      1
    31    158      1
    31    210      1
    31    276      1
    31    302      1
    32      4      1
    32      3      1
    32     25      1
    32     34      1
    32     39      1
    32    115      1
    32    163      1
    32    280      1
    32    313      1
    32    354      1
    33     29      1
    33     25      1
    33     35      1
    33     54      1
    33     60      1
    33     75      1
    33    100      1
    33    193      1
    33    196      1
    34     32      1
    34      3      1
    34     48      1
    34     71      1
    34     79      1
    34    217      1
    35     33      1
    35      3      1
    35      4      1
    35     90      1
    35    124      1
    35    159      1
    35    161      1
    35    290      1
    35    323      1
    35    346      1
    35    359      1
    36     20      1
    36     26      1
    36     51      1
    36    134      1
    36    251      1
    36    284      1
    37      9      1
    37      3      1
    37      0      1
    37     71      1
    37     77      1
    37     88      1
    37    164      1
    37    167      1
    37    173      1
    37    287      1
    38     15      1
    38     29      1
    38     21      1
    38     42      1
    38     98      1
    38    105      1
    38    137      1
    38    243      1
    38    345      1
    39     29      1
    39     32      1
    39     40      1
    39     41      1
    39     60      1
    39     69      1
    39     82      1
    39     92      1
    39    142      1
    39    188      1
    39    261      1
    40      7      1
    40     39      1
    40     45      1
    40     58      1
    40    355      1
    41     39      1
    41      3      1
    41     18      1
    41     50      1
    41     61      1
    41     82      1
    41     90      1
    41    106      1
    41    159      1
    41    256      1
    41    295      1
    41    306      1
    42     14      1
    42     38      1
    42     22      1
    42     48      1
    42     85      1
    42    157      1
    43      6      1
    43     16      1
    43     47      1
    43     64      1
    43     79      1
    43    162      1
    43    173      1
    43    201      1
    43    202      1
    43    206      1
    44     24      1
    44     19      1
    44     17      1
    44     85      1
    44    165      1
    44    297      1
    44    304      1
    44    347      1
    44    365      1
    45     15      1
    45     40      1
    45      6      1
    45     67      1
    45    257      1
    45    349      1
    46     13      1
    46     11      1
    46     18      1
    46     55      1
    46     99      1
    46    168      1
    46    206      1
    46    381      1
    46    396      1
    47     43      1
    47      2      1
    47     57      1
    47    103      1
    47    118      1
    47    122      1
    47    123      1
    47    135      1
    47    247      1
    48     42      1
    48     34      1
    48     61      1
    48     71      1
    48     74      1
    48     80      1
    48    130      1
    48    164      1
    48    326      1
    49     14      1
    49      5      1
    49     31      1
    49     65      1
    49     70      1
    49     75      1
    49    141      1
    49    162      1
    50     14      1
    50     25      1
    50     41      1
    50    138      1
    51     36      1
    51     10      1
    51      8      1
    51     57      1
    51     90      1
    51    112      1
    51    157      1
    51    170      1
    51    202      1
    51    208      1
    51    224      1
    51    309      1
    52     19      1
    52     13      1
    52      6      1
    52     59      1
    52     65      1
    52    151      1
    52    153      1
    52    258      1
    52    272      1
    52    299      1
    53     15      1
    53      0      1
    53     17      1
    53    102      1
    53    113      1
    53    185      1
    53    188      1
    53    269      1
    53    314      1
    54      3      1
    54     33      1
    54    129      1
    54    322      1
    54    386      1
    55     46      1
    55      0      1
    55     59      1
    55    340      1
    56     12      1
    56      2      1
    56     69      1
    56     77      1
    56    117      1
    56    192      1
    57     51      1
    57     47      1
    57     59      1
    57    106      1
    57    223      1
    57    276      1
    58     24      1
    58     40      1
    58     72      1
    58     74      1
    58     82      1
    58     88      1
    58    132      1
    58    155      1
    59     57      1
    59     55      1
    59     52      1
    59     68      1
    59     91      1
    59     96      1
    59    134      1
    59    154      1
    59    312      1
    59    341      1
    59    363      1
    60     27      1
    60     33      1
    60     39      1
    60     67      1
    60     76      1
    60     78      1
    60    109      1
    60    119      1
    60    124      1
    60    141      1
    60    207      1
    60    258      1
    60    267      1
    60    283      1
    60    296      1
    61     48      1
    61     41      1
    61    128      1
    61    175      1
    61    263      1
    62      3      1
    62     16      1
    62     80      1
    62    101      1
    62    109      1
    62    147      1
    62    155      1
    63     25      1
    63      7      1
    63    248      1
    63    253      1
    63    276      1
    63    281      1
    64     17      1
    64     43      1
    64     11      1
    64    103      1
    64    372      1
    64    382      1
    64    383      1
    65     52      1
    65     49      1
    65    130      1
    65    151      1
    66     23      1
    66     20      1
    66    195      1
    66    198      1
    66    240      1
    66    279      1
    66    348      1
    67     60      1
    67     45      1
    67     89      1
    67    308      1
    67    320      1
    68     31      1
    68     59      1
    68     73      1
    68     92      1
    68    108      1
    68    275      1
    68    318      1
    69     56      1
    69     21      1
    69     39      1
    69     84      1
    69     86      1
    69     87      1
    69    184      1
    69    258      1
    69    286      1
    70     49      1
    70      2      1
    70     97      1
    70    152      1
    71     48      1
    71     34      1
    71     37      1
    71     96      1
    71    109      1
    71    116      1
    71    225      1
    71    244      1
    71    298      1
    71    330      1
    72     26      1
    72     58      1
    72     91      1
    72     94      1
    72    118      1
    72    150      1
    72    179      1
    73     11      1
    73     68      1
    73     10      1
    73    226      1
    74     58      1
    74     11      1
    74     48      1
    74    124      1
    74    147      1
    74    194      1
    74    220      1
    75     11      1
    75     33      1
    75     49      1
    75    101      1
    75    117      1
    75    185      1
    75    213      1
    75    239      1
    75    245      1
    75    246      1
    75    266      1
    75    282      1
    76     60      1
    76     21      1
    76    156      1
    76    176      1
    76    196      1
    76    268      1
    77     10      1
    77     56      1
    77     37      1
    77    149      1
    77    193      1
    77    205      1
    77    338      1
    77    354      1
    78     60      1
    78     11      1
    78    133      1
    78    184      1
    78    212      1
    78    332      1
    79     34      1
    79     43      1
    79     83      1
    79    172      1
    79    233      1
    80     48      1
    80     62      1
    80    120      1
    81     23      1
    81     10      1
    81    237      1
    82     58      1
    82     39      1
    82     41      1
    82     88      1
    82    137      1
    83      4      1
    83     79      1
    83     84      1
    83    113      1
    83    139      1
    83    153      1
    83    190      1
    83    393      1
    84     83      1
    84     69      1
    84    185      1
    84    259      1
    85     31      1
    85     42      1
    85     44      1
    85    125      1
    85    199      1
    85    252      1
    85    266      1
    85    288      1
    86      2      1
    86     69      1
    86    167      1
    86    170      1
    86    294      1
    86    352      1
    87     69      1
    87     29      1
    87    106      1
    87    181      1
    87    210      1
    88     58      1
    88     82      1
    88     37      1
    88    111      1
    88    286      1
    88    323      1
    89      8      1
    89     11      1
    89     67      1
    89    132      1
    89    223      1
    89    275      1
    89    375      1
    90     41      1
    90     35      1
    90     51      1
    90     95      1
    90    235      1
    90    240      1
    90    390      1
    91     59      1
    91     72      1
    91    100      1
    91    111      1
    91    143      1
    91    221      1
    91    261      1
    91    298      1
    91    305      1
    92     39      1
    92     68      1
    92    199      1
    92    236      1
    93     11      1
    93     27      1
    93    134      1
    93    140      1
    93    205      1
    93    234      1
    94     72      1
    94     27      1
    94     30      1
    94     97      1
    94    125      1
    94    129      1
    94    138      1
    94    165      1
    94    169      1
    94    181      1
    94    306      1
    94    310      1
    95     24      1
    95     90      1
    95      6      1
    95    190      1
    95    305      1
    95    321      1
    96     71      1
    96     59      1
    96    154      1
    96    160      1
    96    176      1
    96    200      1
    96    357      1
    97     94      1
    97     70      1
    97     22      1
    97    100      1
    97    264      1
    97    380      1
    98     14      1
    98     38      1
    98     13      1
    98    150      1
    98    180      1
    98    346      1
    98    347      1
    98    379      1
    99     46      1
    99      4      1
    99     18      1
    99    148      1
    99    190      1
    99    200      1
    99    300      1
   100     33      1
   100     91      1
   100     97      1
   100    169      1
   100    293      1
   100    298      1
   101     75      1
   101     62      1
   101    110      1
   101    126      1
   101    139      1
   101    171      1
   101    189      1
   101    381      1
   102     26      1
   102     31      1
   102     53      1
   103     47      1
   103     17      1
   103     64      1
   103    110      1
   103    228      1
   103    312      1
   104      6      1
   104     10      1
   104    135      1
   104    146      1
   104    160      1
   104    179      1
   104    212      1
   104    215      1
   104    307      1
   104    366      1
   105      4      1
   105     38      1
   105      8      1
   105    112      1
   105    222      1
   105    299      1
   106     57      1
   106     87      1
   106     41      1
   106    112      1
   106    119      1
   106    146      1
   106    224      1
   106    229      1
   106    307      1
   106    332      1
   107     21      1
   107     10      1
   107    120      1
   107    142      1
   107    143      1
   107    194      1
   107    282      1
   108      9      1
   108     11      1
   108     68      1
   108    133      1
   108    146      1
   108    221      1
   108    255      1
   108    274      1
   109     60      1
   109     71      1
   109     62      1
   109    119      1
   109    121      1
   109    177      1
   109    231      1
   109    367      1
   110    103      1
   110    101      1
   110    116      1
   110    158      1
   110    279      1
   111      3      1
   111     91      1
   111     88      1
   111    164      1
   111    308      1
   112     51      1
   112    106      1
   112    105      1
   112    234      1
   113     53      1
   113     83      1
   113     15      1
   113    220      1
   114      6      1
   114     30      1
   114    186      1
   114    218      1
   114    282      1
   114    372      1
   115      8      1
   115     32      1
   115     20      1
   115    144      1
   115    297      1
   115    301      1
   115    359      1
   116     71      1
   116    110      1
   116    162      1
   116    187      1
   117     56      1
   117     75      1
   117    127      1
   117    143      1
   118     28      1
   118     47      1
   118     72      1
   118    155      1
   118    166      1
   118    168      1
   118    217      1
   118    225      1
   119    109      1
   119     60      1
   119    106      1
   119    131      1
   119    145      1
   119    349      1
   120     19      1
   120    107      1
   120     80      1
   120    232      1
   120    284      1
   121    109      1
   121     21      1
   121     30      1
   121    123      1
   121    267      1
   122     26      1
   122     47      1
   122    395      1
   123     47      1
   123    121      1
   123    137      1
   123    187      1
   123    284      1
   124     60      1
   124     74      1
   124     35      1
   124    172      1
   125      0      1
   125     94      1
   125     85      1
   125    154      1
   126     29      1
   126    101      1
   126      5      1
   126    141      1
   126    219      1
   127    117      1
   127     30      1
   128      0      1
   128     61      1
   128      3      1
   128    136      1
   128    157      1
   128    230      1
   128    281      1
   129     54      1
   129      7      1
   129     94      1
   129    136      1
   129    158      1
   129    191      1
   129    199      1
   129    353      1
   130     24      1
   130     65      1
   130     48      1
   130    228      1
   130    285      1
   130    339      1
   130    359      1
   130    367      1
   131    119      1
   131     28      1
   131    176      1
   131    189      1
   131    227      1
   131    235      1
   132     58      1
   132     89      1
   132    203      1
   132    301      1
   133     30      1
   133    108      1
   133     78      1
   134     36      1
   134     93      1
   134     59      1
   134    200      1
   134    293      1
   134    342      1
   135     47      1
   135    104      1
   135    175      1
   135    283      1
   135    336      1
   135    337      1
   135    384      1
   136    129      1
   136    128      1
   136    231      1
   137    123      1
   137     82      1
   137     38      1
   138     94      1
   138     50      1
   138     28      1
   138    148      1
   138    171      1
   138    344      1
   139    101      1
   139     31      1
   139     83      1
   139    153      1
   140     93      1
   140     18      1
   140    214      1
   140    399      1
   141     60      1
   141    126      1
   141     49      1
   141    174      1
   141    216      1
   141    226      1
   141    278      1
   141    315      1
   142     39      1
   142    107      1
   142    144      1
   142    322      1
   142    334      1
   143    117      1
   143     91      1
   143    107      1
   143    235      1
   143    361      1
   144    115      1
   144    142      1
   144    216      1
   144    264      1
   145    119      1
   145     17      1
   145    150      1
   145    177      1
   145    313      1
   146    104      1
   146    106      1
   146    108      1
   146    175      1
   146    183      1
   146    387      1
   147     74      1
   147     62      1
   147    242      1
   148     99      1
   148    138      1
   148    255      1
   148    373      1
   149     77      1
   149     11      1
   149     16      1
   149    152      1
   149    181      1
   149    220      1
   149    304      1
   150    145      1
   150     72      1
   150     98      1
   150    182      1
   150    233      1
   150    291      1
   151     52      1
   151     65      1
   151    257      1
   151    351      1
   152     70      1
   152    149      1
   152     27      1
   152    271      1
   152    281      1
   152    385      1
   153     83      1
   153     52      1
   153    139      1
   154    125      1
   154     59      1
   154     96      1
   154    191      1
   154    215      1
   154    262      1
   155     62      1
   155     58      1
   155    118      1
   155    183      1
   155    186      1
   155    198      1
   155    211      1
   155    341      1
   156      1      1
   156     76      1
   156    174      1
   156    290      1
   157     51      1
   157     42      1
   157    128      1
   157    203      1
   157    207      1
   157    391      1
   158    129      1
   158    110      1
   158     31      1
   158    300      1
   158    353      1
   159     35      1
   159     41      1
   159    241      1
   159    278      1
   159    290      1
   159    363      1
   160    104      1
   160     96      1
   160    163      1
   160    277      1
   160    319      1
   161     30      1
   161     35      1
   161    195      1
   161    344      1
   162    116      1
   162     43      1
   162     49      1
   162    208      1
   162    251      1
   162    263      1
   163    160      1
   163     32      1
   163    209      1
   163    249      1
   164     37      1
   164    111      1
   164     48      1
   164    270      1
   165     44      1
   165     94      1
   165    197      1
   165    309      1
   166     29      1
   166    118      1
   167     37      1
   167     30      1
   167     86      1
   167    172      1
   167    280      1
   167    318      1
   167    345      1
   168    118      1
   168     46      1
   168    193      1
   168    237      1
   169     94      1
   169    100      1
   169    229      1
   170     51      1
   170     86      1
   171    138      1
   171    101      1
   172    124      1
   172    167      1
   172     79      1
   172    232      1
   172    364      1
   173     37      1
   173     43      1
   173    260      1
   174    141      1
   174    156      1
   174    194      1
   175    146      1
   175     61      1
   175    135      1
   176    131      1
   176     96      1
   176     76      1
   177    109      1
   177     20      1
   177    145      1
   178     25      1
   178      3      1
   178    231      1
   178    275      1
   178    331      1
   179    104      1
   179     72      1
   179    180      1
   179    388      1
   180     98      1
   180      8      1
   180    179      1
   180    189      1
   180    265      1
   180    342      1
   180    350      1
   181    149      1
   181     94      1
   181     87      1
   182     26      1
   182    150      1
   183    155      1
   183    146      1
   183    295      1
   184     69      1
   184     78      1
   184     26      1
   184    211      1
   184    219      1
   184    259      1
   184    268      1
   185     75      1
   185     53      1
   185     84      1
   185    226      1
   186    114      1
   186    155      1
   187    123      1
   187    116      1
   188     39      1
   188     53      1
   188    230      1
   188    398      1
   189    131      1
   189    180      1
   189    101      1
   189    249      1
   189    362      1
   190     99      1
   190     83      1
   190     95      1
   190    211      1
   191    129      1
   191    154      1
   191    234      1
   191    368      1
   191    374      1
   192     21      1
   192     56      1
   192    205      1
   192    218      1
   192    254      1
   193     33      1
   193    168      1
   193     77      1
   193    201      1
   194    107      1
   194     74      1
   194    174      1
   194    271      1
   195     66      1
   195    161      1
   195    250      1
   195    382      1
   196     76      1
   196     33      1
   196    204      1
   197    165      1
   197     24      1
   197    312      1
   198    155      1
   198     30      1
   198     66      1
   199     92      1
   199     85      1
   199    129      1
   199    203      1
   199    280      1
   200    134      1
   200     96      1
   200     99      1
   200    335      1
   200    375      1
   201    193      1
   201     43      1
   201    325      1
   202     51      1
   202     43      1
   202    209      1
   202    331      1
   203    157      1
   203    199      1
   203    132      1
   204     12      1
   204     21      1
   204    196      1
   204    270      1
   205     77      1
   205     93      1
   205    192      1
   205    292      1
   206     43      1
   206     46      1
   207    157      1
   207     60      1
   207    329      1
   208    162      1
   208     51      1
   208     24      1
   208    243      1
   209     26      1
   209    163      1
   209    202      1
   209    227      1
   209    322      1
   210     87      1
   210     31      1
   211    190      1
   211    184      1
   211    155      1
   212    104      1
   212     78      1
   212    254      1
   213     24      1
   213     75      1
   213    214      1
   213    223      1
   213    269      1
   213    294      1
   213    303      1
   213    351      1
   214    140      1
   214     13      1
   214    213      1
   214    244      1
   214    273      1
   215     23      1
   215    104      1
   215    154      1
   215    327      1
   216    141      1
   216     14      1
   216    144      1
   217     30      1
   217     34      1
   217    118      1
   217    222      1
   217    250      1
   217    286      1
   217    387      1
   218    114      1
   218    192      1
   219     16      1
   219    184      1
   219    126      1
   219    316      1
   220    149      1
   220    113      1
   220     74      1
   220    315      1
   221     91      1
   221    108      1
   221    366      1
   222     26      1
   222    217      1
   222    105      1
   222    344      1
   223    213      1
   223     89      1
   223     57      1
   224     51      1
   224     21      1
   224    106      1
   224    246      1
   225    118      1
   225     71      1
   225    279      1
   226    141      1
   226    185      1
   226     73      1
   226    302      1
   227    131      1
   227    209      1
   227    228      1
   227    273      1
   227    337      1
   227    373      1
   228    103      1
   228    130      1
   228    227      1
   228    338      1
   229    169      1
   229    106      1
   229    241      1
   229    314      1
   230    188      1
   230    128      1
   230    236      1
   230    310      1
   230    384      1
   231    109      1
   231    178      1
   231    136      1
   231    243      1
   232    172      1
   232     14      1
   232    120      1
   232    256      1
   232    356      1
   233    150      1
   233     79      1
   233      4      1
   234     93      1
   234    191      1
   234    112      1
   234    242      1
   234    272      1
   234    311      1
   235    143      1
   235    131      1
   235     90      1
   235    288      1
   235    395      1
   236    230      1
   236     92      1
   236    260      1
   236    305      1
   237     81      1
   237    168      1
   237    244      1
   238     30      1
   238     22      1
   239      8      1
   239     75      1
   239    293      1
   240     90      1
   240     66      1
   240    374      1
   241    159      1
   241    229      1
   241    272      1
   241    338      1
   242    234      1
   242     24      1
   242    147      1
   242    252      1
   242    309      1
   242    348      1
   243    231      1
   243     38      1
   243    208      1
   243    379      1
   244    237      1
   244    214      1
   244     71      1
   245     18      1
   245     75      1
   245    253      1
   245    392      1
   246     75      1
   246    224      1
   246    387      1
   247     28      1
   247     47      1
   247     10      1
   247    252      1
   247    291      1
   247    325      1
   247    327      1
   248     13      1
   248     63      1
   249    163      1
   249    189      1
   249    364      1
   250    195      1
   250    217      1
   250    317      1
   250    383      1
   251    162      1
   251     36      1
   252     85      1
   252    242      1
   252    247      1
   252    365      1
   253     63      1
   253      6      1
   253    245      1
   253    289      1
   253    323      1
   254    192      1
   254    212      1
   254    277      1
   255    108      1
   255    148      1
   255     10      1
   256     12      1
   256    232      1
   256     41      1
   256    353      1
   257    151      1
   257     45      1
   258     69      1
   258     52      1
   258     60      1
   259     84      1
   259    184      1
   259      6      1
   259    285      1
   259    311      1
   260    236      1
   260    173      1
   260    396      1
   261     91      1
   261     39      1
   261    327      1
   262     29      1
   262    154      1
   263    162      1
   263     61      1
   264     30      1
   264    144      1
   264     97      1
   264    277      1
   265    180      1
   265     27      1
   265    270      1
   266     85      1
   266     75      1
   267     60      1
   267    121      1
   268     76      1
   268    184      1
   268    336      1
   269    213      1
   269     53      1
   269     21      1
   269    319      1
   270    164      1
   270    265      1
   270    204      1
   270    316      1
   270    389      1
   271    152      1
   271    194      1
   271    318      1
   271    336      1
   272     52      1
   272    241      1
   272    234      1
   272    324      1
   272    389      1
   273    214      1
   273    227      1
   274     28      1
   274    108      1
   275     68      1
   275     89      1
   275    178      1
   276     31      1
   276     57      1
   276     63      1
   277    264      1
   277    160      1
   277    254      1
   277    296      1
   277    326      1
   277    335      1
   278      9      1
   278    141      1
   278    159      1
   278    320      1
   278    376      1
   279     66      1
   279    225      1
   279    110      1
   280    199      1
   280    167      1
   280     32      1
   281    128      1
   281     63      1
   281    152      1
   281    287      1
   281    302      1
   282     75      1
   282    114      1
   282    107      1
   283     60      1
   283    135      1
   283     13      1
   283    337      1
   283    388      1
   284     36      1
   284    120      1
   284    123      1
   284    368      1
   284    378      1
   285    130      1
   285    259      1
   285    394      1
   286     88      1
   286    217      1
   286     69      1
   286    328      1
   286    346      1
   287     37      1
   287    281      1
   287    296      1
   288     85      1
   288    235      1
   288    292      1
   288    340      1
   288    369      1
   289     11      1
   289    253      1
   289    303      1
   290     35      1
   290    156      1
   290    159      1
   290    304      1
   291    150      1
   291    247      1
   291    377      1
   292    288      1
   292     14      1
   292    205      1
   292    307      1
   292    328      1
   292    355      1
   293    239      1
   293    100      1
   293    134      1
   293    349      1
   293    356      1
   294     86      1
   294    213      1
   294     11      1
   295     41      1
   295    183      1
   295    321      1
   296    287      1
   296    277      1
   296     60      1
   296    339      1
   297    115      1
   297     44      1
   297    299      1
   297    358      1
   298     91      1
   298    100      1
   298     71      1
   298    313      1
   298    339      1
   298    376      1
   299    105      1
   299    297      1
   299     52      1
   299    334      1
   300     99      1
   300    158      1
   300    350      1
   301    132      1
   301      1      1
   301    115      1
   301    308      1
   301    330      1
   302    281      1
   302     31      1
   302    226      1
   303    213      1
   303    289      1
   303    315      1
   304    149      1
   304     44      1
   304    290      1
   305     95      1
   305     91      1
   305    236      1
   305    320      1
   306     94      1
   306     41      1
   306    348      1
   307    292      1
   307    104      1
   307    106      1
   308    301      1
   308    111      1
   308     67      1
   308    319      1
   308    369      1
   308    386      1
   309    165      1
   309    242      1
   309     51      1
   309    389      1
   310     94      1
   310    230      1
   310      9      1
   311    259      1
   311    234      1
   311    369      1
   312    103      1
   312    197      1
   312     59      1
   312    394      1
   313    298      1
   313    145      1
   313     32      1
   313    324      1
   313    365      1
   314    229      1
   314     53      1
   315    141      1
   315    220      1
   315    303      1
   315    358      1
   315    364      1
   316    219      1
   316      3      1
   316    270      1
   317    250      1
   317     12      1
   317    340      1
   317    343      1
   318    271      1
   318    167      1
   318     68      1
   319    308      1
   319    269      1
   319    160      1
   320    305      1
   320     67      1
   320    278      1
   321    295      1
   321     95      1
   322    209      1
   322    142      1
   322     54      1
   322    342      1
   322    361      1
   323     88      1
   323     35      1
   323    253      1
   324    313      1
   324    272      1
   325    201      1
   325    247      1
   326     48      1
   326    277      1
   327    261      1
   327    247      1
   327    215      1
   328    286      1
   328    292      1
   329    207      1
   329      5      1
   329    333      1
   329    379      1
   330    301      1
   330     71      1
   330      4      1
   331    178      1
   331    202      1
   332    106      1
   332     78      1
   333    329      1
   333      0      1
   333     10      1
   334    299      1
   334    142      1
   334      9      1
   335    200      1
   335    277      1
   336    135      1
   336    271      1
   336    268      1
   337    227      1
   337    283      1
   337    135      1
   338    241      1
   338     77      1
   338    228      1
   338    360      1
   338    399      1
   339    130      1
   339    296      1
   339    298      1
   339    392      1
   340    288      1
   340    317      1
   340     55      1
   340    372      1
   341    155      1
   341     59      1
   342    322      1
   342    134      1
   342    180      1
   343     12      1
   343    317      1
   343    360      1
   344    138      1
   344    222      1
   344    161      1
   344    354      1
   345     38      1
   345    167      1
   346     35      1
   346     98      1
   346    286      1
   347     98      1
   347     44      1
   347    362      1
   347    371      1
   347    378      1
   347    399      1
   348    306      1
   348     66      1
   348    242      1
   349     45      1
   349    293      1
   349    119      1
   349    352      1
   350    180      1
   350    300      1
   351    213      1
   351    151      1
   352     86      1
   352    349      1
   353    158      1
   353    129      1
   353    256      1
   353    398      1
   354     77      1
   354     32      1
   354    344      1
   354    370      1
   355     40      1
   355    292      1
   356    293      1
   356    232      1
   356    370      1
   357     25      1
   357     96      1
   358     18      1
   358    297      1
   358    315      1
   359     35      1
   359    130      1
   359    115      1
   360     17      1
   360    338      1
   360    343      1
   360    371      1
   361    143      1
   361    322      1
   362    189      1
   362    347      1
   362     18      1
   362    370      1
   363    159      1
   363      5      1
   363     59      1
   364    315      1
   364    249      1
   364    172      1
   365     44      1
   365    313      1
   365    252      1
   366     11      1
   366    221      1
   366    104      1
   367    130      1
   367    109      1
   368     17      1
   368    191      1
   368    284      1
   368    378      1
   369    288      1
   369    311      1
   369    308      1
   370    356      1
   370    362      1
   370    354      1
   371    360      1
   371    347      1
   372    340      1
   372     64      1
   372    114      1
   372    373      1
   372    391      1
   373    372      1
   373    227      1
   373    148      1
   374    191      1
   374    240      1
   375    200      1
   375     89      1
   376    298      1
   376    278      1
   377    291      1
   377     15      1
   377    397      1
   378    347      1
   378    368      1
   378    284      1
   378    380      1
   379    329      1
   379     98      1
   379    243      1
   380    378      1
   380     97      1
   380    397      1
   381    101      1
   381     46      1
   382     64      1
   382    195      1
   382     21      1
   383    250      1
   383     64      1
   383    390      1
   384    135      1
   384    230      1
   385    152      1
   385     13      1
   386    308      1
   386     54      1
   387    146      1
   387    246      1
   387    217      1
   388    283      1
   388    179      1
   389    272      1
   389    309      1
   389    270      1
   390    383      1
   390     90      1
   391    372      1
   391    157      1
   392    245      1
   392    339      1
   392    393      1
   393     83      1
   393    392      1
   393     23      1
   394    285      1
   394    312      1
   395    235      1
   395    122      1
   396     46      1
   396    260      1
   397    380      1
   397    377      1
   398    188      1
   398    353      1
   399    338      1
   399    347      1
   399    140      1
