COORD_X_Y 300
  1.25004  0.165674
 0.310838   2.59885
  2.05418  0.573665
 0.239313   2.90447
 0.405664 0.0657091
  1.86717  0.124705
 0.684048   1.07244
  2.84596  0.905144
  2.89078  0.278435
  2.74512 0.0869018
  2.32542   2.24244
  2.64148   1.82648
  2.99016  0.307582
 0.356062  0.773246
  1.01072 0.0126483
 0.381123  0.952675
  0.98861   2.47353
   1.1084  0.533033
    2.221   2.99855
  2.92238   1.90961
 0.717226   2.76986
  2.64948  0.113398
   1.3888   2.51688
0.0438381   2.04182
  1.70067   1.76618
 0.075784   2.24288
  2.07469   1.15925
0.0664655   2.90961
 0.286064   2.85698
 0.222588   1.59575
  2.09642    2.3813
 0.582193   1.17271
 0.938479 0.0919236
  2.23811   1.31104
  1.57624   1.30987
  1.53917   2.42639
 0.898957  0.760779
 0.253751   1.73293
  1.46917   1.49044
  1.53735   1.33422
  0.60204  0.490096
 0.760947   2.15294
  2.27144  0.979883
 0.682291  0.635836
  1.68965   2.70279
  2.75315  0.293574
  1.54995  0.273672
 0.447158   1.56314
0.0340353   1.88935
  2.85437  0.132165
 0.505101  0.936417
 0.518324   0.76864
  1.96887   1.15137
  2.90715  0.944325
 0.228956   2.54441
 0.825888   2.72531
  1.16078   2.65491
 0.656948  0.140968
  1.89912   2.34944
  2.64964   1.62542
 0.589514  0.340516
 0.221735   1.95377
  1.50284   2.12681
 0.605733   2.18865
  1.46678  0.781673
 0.630627   1.28577
  2.00003   1.94719
  1.75329  0.268167
   1.3494   2.83948
  1.89352   2.02182
 0.291436   2.72509
  2.00075  0.663685
  1.75729   2.59125
    2.368  0.917667
  1.51224   1.01769
 0.437467   2.60834
 0.894539  0.357997
  1.24106   1.18442
  2.52845  0.429669
  2.82325   2.99672
  2.53871   0.96846
  2.46499   1.27474
  1.75098  0.242758
 0.578282  0.975316
 0.298908   1.26088
  1.71313 0.0724721
  2.35482   2.77078
   2.5955   2.75861
 0.355473   2.04092
   2.6132  0.797696
 0.608083   2.55263
 0.891549  0.659186
  0.86126   2.73043
  2.36538   2.81598
  1.30504  0.898266
  1.35426   1.03475
  1.38394  0.530197
 0.391323   1.36132
  1.36835   2.18577
   1.4419   1.45035
  2.76503   1.87755
  1.98368    1.8506
  2.28028   2.18926
  2.40574   1.34427
  2.29968   2.78682
  1.20236   2.69041
0.0620903    2.8306
  2.72113   1.80714
  2.46174  0.616562
 0.378223   2.73415
 0.216031   2.29305
  1.14742   1.41146
  1.51178  0.138099
 0.346421   2.28485
  2.70468    2.9125
 0.396405   2.91197
  0.40434   1.30356
   2.9957   2.44107
  2.96112    1.8335
  0.37143  0.555641
  1.44324  0.597356
  1.52225   1.19817
  2.99766  0.652742
  2.83031  0.252201
  1.09325   2.01722
  2.59347   1.30068
 0.192398   0.66313
 0.379137   1.44704
  1.91251   1.61204
   2.9266   2.66168
  1.92088   2.31832
  1.87914   2.98585
  1.12628   2.06134
  1.46135   2.27434
  1.49619   2.21758
  2.15624   1.69771
  2.70901   2.50351
  2.11995   2.55988
  2.47962  0.792027
 0.448718  0.331152
  2.78094   2.29475
  1.75451  0.896034
  2.50657   2.12603
  1.77823   1.73157
 0.133485   1.12286
 0.400276   1.29427
 0.560933   0.23866
  2.86417   2.58465
 0.962303  0.887399
 0.448504  0.967509
  1.89704  0.617886
  2.91728   2.16251
 0.584534  0.304206
 0.968101   1.86471
  2.68478   2.53869
 0.673181  0.194063
  2.00275   2.35229
  2.86489   1.40632
  2.41334    1.4372
  1.37366   2.38139
 0.885075   2.94301
 0.284077   2.38221
 0.911086   1.51781
0.0442352   1.21975
  1.79333  0.498231
 0.891845   2.42016
  1.92876  0.635814
  1.45707   2.26062
  1.70281   2.19533
  1.01135   1.95574
  1.49843    1.5067
  2.18541   1.58965
 0.298495  0.636971
 0.992434   2.49553
 0.914499  0.223623
 0.148549   2.71372
  2.68788  0.838237
 0.486583   1.62166
 0.267518   1.52768
  1.85481   2.43168
  2.20521  0.343649
  1.12578   2.11884
 0.970521  0.411853
  1.82671   2.97043
  2.03462  0.213817
  2.60264  0.506222
 0.963842  0.323085
  1.15124  0.971965
  2.82341    2.5541
  1.15479  0.989468
0.0154034  0.244384
 0.526896   2.35671
  1.02347   1.08272
    2.406   2.49626
 0.622852    1.1885
 0.574106  0.130541
 0.476078  0.346702
 0.357575   1.75618
  1.73749   2.21509
 0.215378   1.82591
  2.14232  0.864957
  1.49758   1.91817
 0.180564   1.89452
 0.267128   2.15218
   2.7097  0.374076
  1.83506   1.44025
  1.13083  0.836935
  1.22714   1.58506
 0.571473   2.91779
  2.81123  0.189482
  1.94262   1.74647
  1.10906   1.95295
  2.39754   2.88603
 0.457285  0.805139
  0.98163   1.93432
 0.304915  0.578237
  2.96939   2.94544
  1.33197   2.77242
 0.218923  0.484333
  2.41753   1.14675
  1.76431   2.04766
  2.35907   1.80971
  1.49487   2.54947
 0.263401   1.67617
  2.62373   1.01341
  2.75653  0.230296
  2.30471  0.303443
  1.15191  0.537306
 0.482973   1.13781
 0.437763   1.18274
  1.69154   2.73242
  1.85992   2.18773
  2.03021   1.43936
 0.986964  0.762199
  2.38428 0.0139087
 0.515833   2.45241
 0.136179   2.84085
  1.53773   2.50658
   2.7558   1.18421
  0.64759   1.09937
 0.573079   2.46454
  1.20839   2.85171
  0.29238  0.128867
 0.416837   2.80702
 0.171496   2.12696
  2.67145    1.9385
  1.87253   2.04297
  2.49465   2.19792
  1.68108   1.62777
  1.88919  0.482139
  2.34511  0.989787
  2.19228   1.31496
 0.444673 0.0730083
  1.07546   1.54338
  2.13422   1.46811
   2.7287    2.6966
  2.32848   2.29924
 0.803856   0.39925
  1.39239   1.91091
  2.18584   2.94845
   2.6678  0.746643
  1.03297   1.69124
  2.87638   1.79605
  1.82537   1.01485
  0.81702   2.37152
  1.09548   1.76984
  1.15981   2.07254
  1.90663   0.97617
  1.04245   1.31767
  2.01284   1.24261
 0.168254   2.49429
  2.53131   2.14747
 0.823241  0.969207
  2.28977   2.40659
 0.419801   2.79523
 0.500127   1.90085
  2.49422  0.618004
  2.22743   2.39627
 0.899273   1.38931
   1.3997  0.778915
0.0557717   1.14167
  0.48717   1.79512
0.0273902    2.2334
  2.36175    1.0701
  2.35277   2.36302
  2.54871  0.975896
  1.64985   1.87857
 0.901983    2.2725
  2.40561   2.30329
  1.96242   1.79975
  1.68876   1.51733
 0.167397   1.90648
 0.275529  0.100377
0.0287967  0.272233
 0.441477    0.7282
 0.808293   1.30122
  2.41486  0.106683
  0.70292   0.36709
 0.939581  0.442194
  2.47184   2.62715
LINKS_SOURCE_DESTINATION_DISTANCE 1504
     0      1      1
     0      2      1
     0      3      1
     0      4      1
     0      5      1
     0      7      1
     0      8      1
     0      9      1
     0     14      1
     0     15      1
     0     18      1
     0     21      1
     0     68      1
     0    108      1
     0    116      1
     0    125      1
     0    157      1
     0    240      1
     0    284      1
     1      0      1
     1      6      1
     1      8      1
     1     10      1
     1     11      1
     1     23      1
     1     28      1
     1     31      1
     1     33      1
     1     35      1
     1     82      1
     1    102      1
     1    181      1
     1    234      1
     1    259      1
     2      0      1
     2      4      1
     2     10      1
     2     11      1
     2     14      1
     2     24      1
     2     26      1
     2    107      1
     2    134      1
     2    291      1
     3      0      1
     3      5      1
     3      6      1
     3      7      1
     3      9      1
     3     12      1
     3     15      1
     3     18      1
     3     20      1
     3     23      1
     3     38      1
     3     41      1
     3     87      1
     3    104      1
     4      2      1
     4      0      1
     4      5      1
     4      6      1
     4     10      1
     4     16      1
     4     26      1
     4    155      1
     5      3      1
     5      0      1
     5      4      1
     5      7      1
     5     54      1
     5     63      1
     5     75      1
     5     86      1
     5    129      1
     5    144      1
     5    151      1
     5    153      1
     5    206      1
     6      4      1
     6      3      1
     6      1      1
     6      8      1
     6     19      1
     6     21      1
     6     68      1
     6     87      1
     6    172      1
     6    188      1
     7      3      1
     7      0      1
     7      5      1
     7     32      1
     7     47      1
     7     52      1
     7     61      1
     7     65      1
     7     69      1
     7     72      1
     7     90      1
     7    178      1
     7    289      1
     8      6      1
     8      1      1
     8      0      1
     8      9      1
     8     13      1
     8     20      1
     8     56      1
     8     57      1
     8     85      1
     8     97      1
     8    148      1
     8    155      1
     9      0      1
     9      3      1
     9      8      1
     9     17      1
     9     22      1
     9     30      1
     9     49      1
     9     51      1
     9     62      1
     9     65      1
     9     78      1
     9     80      1
     9    131      1
    10      4      1
    10      1      1
    10      2      1
    10     11      1
    10     16      1
    10     19      1
    10     46      1
    10    162      1
    10    254      1
    11      2      1
    11      1      1
    11     10      1
    11     12      1
    11     13      1
    11     15      1
    11     29      1
    11     30      1
    11     61      1
    11     82      1
    11    111      1
    11    122      1
    11    221      1
    11    237      1
    12      3      1
    12     11      1
    12     28      1
    12     29      1
    12    148      1
    13      8      1
    13     11      1
    13     17      1
    13     18      1
    13    109      1
    13    274      1
    13    287      1
    14      0      1
    14      2      1
    14     36      1
    14     40      1
    14     67      1
    14     77      1
    14     87      1
    14     91      1
    14    115      1
    14    119      1
    14    169      1
    15      0      1
    15      3      1
    15     11      1
    15     25      1
    15     35      1
    15     55      1
    15     57      1
    15    117      1
    15    161      1
    15    183      1
    15    189      1
    15    207      1
    16      4      1
    16     10      1
    16     21      1
    16     22      1
    16     35      1
    16     44      1
    16     47      1
    16     50      1
    16     92      1
    16    257      1
    17      9      1
    17     13      1
    17     23      1
    17     34      1
    17     51      1
    17     93      1
    17    115      1
    17    116      1
    17    128      1
    18      0      1
    18     13      1
    18      3      1
    18     22      1
    18     27      1
    18     31      1
    18     33      1
    18     39      1
    18     76      1
    18     89      1
    18     98      1
    19      6      1
    19     10      1
    19     67      1
    20      3      1
    20      8      1
    20     39      1
    20     40      1
    20     56      1
    20     58      1
    20    120      1
    20    131      1
    21      0      1
    21      6      1
    21     16      1
    21     24      1
    21     47      1
    21     66      1
    21     98      1
    21    199      1
    22     18      1
    22      9      1
    22     16      1
    22     25      1
    22     36      1
    22     42      1
    22     53      1
    22     75      1
    22     91      1
    22    168      1
    22    179      1
    22    218      1
    22    253      1
    23     17      1
    23      3      1
    23      1      1
    23     28      1
    23     66      1
    23     88      1
    23    253      1
    23    296      1
    24     21      1
    24      2      1
    24     30      1
    24     44      1
    24     93      1
    24    195      1
    25     22      1
    25     15      1
    25     27      1
    25     37      1
    25     45      1
    25     58      1
    25     81      1
    25    144      1
    25    154      1
    25    227      1
    26      2      1
    26      4      1
    26     32      1
    26     38      1
    26     45      1
    26     71      1
    26     75      1
    26     90      1
    26    226      1
    26    279      1
    27     25      1
    27     18      1
    27    156      1
    27    175      1
    27    231      1
    27    239      1
    28     12      1
    28     23      1
    28      1      1
    28     70      1
    28    150      1
    28    223      1
    28    254      1
    28    260      1
    29     12      1
    29     11      1
    29     33      1
    29     41      1
    29     43      1
    29     48      1
    29    133      1
    29    219      1
    29    232      1
    29    255      1
    30     11      1
    30      9      1
    30     24      1
    30     40      1
    30     46      1
    30     55      1
    30     92      1
    30    143      1
    30    246      1
    31      1      1
    31     18      1
    31     34      1
    31     37      1
    31     43      1
    31     59      1
    31     63      1
    31     78      1
    31     91      1
    32      7      1
    32     26      1
    32     36      1
    32     42      1
    32     43      1
    32    121      1
    32    135      1
    32    249      1
    33      1      1
    33     18      1
    33     29      1
    33     41      1
    33     44      1
    33     48      1
    33    104      1
    33    113      1
    33    142      1
    34     17      1
    34     31      1
    34     39      1
    34     54      1
    34     89      1
    34    151      1
    34    239      1
    34    280      1
    35      1      1
    35     16      1
    35     15      1
    35     66      1
    35     74      1
    35    178      1
    35    187      1
    36     14      1
    36     32      1
    36     22      1
    36     48      1
    36     49      1
    36     71      1
    36     96      1
    36    233      1
    37     25      1
    37     31      1
    37     49      1
    37     64      1
    37     88      1
    37    148      1
    37    246      1
    38     26      1
    38      3      1
    38     84      1
    38    120      1
    38    185      1
    38    209      1
    38    218      1
    39     20      1
    39     34      1
    39     18      1
    39     46      1
    39     57      1
    39    130      1
    39    275      1
    40     14      1
    40     20      1
    40     30      1
    40     53      1
    40     70      1
    40     72      1
    40     82      1
    40     94      1
    40    117      1
    40    136      1
    40    196      1
    40    204      1
    40    243      1
    40    255      1
    40    288      1
    41     29      1
    41     33      1
    41      3      1
    41     69      1
    41     73      1
    41    109      1
    41    115      1
    42     22      1
    42     32      1
    42     50      1
    42     76      1
    42     86      1
    42    197      1
    42    244      1
    42    248      1
    43     31      1
    43     32      1
    43     29      1
    43     88      1
    43    104      1
    43    112      1
    43    192      1
    43    211      1
    43    215      1
    43    240      1
    44     33      1
    44     24      1
    44     16      1
    44     69      1
    44    265      1
    45     25      1
    45     26      1
    45    105      1
    45    114      1
    45    146      1
    45    166      1
    45    208      1
    45    255      1
    45    265      1
    46     30      1
    46     39      1
    46     10      1
    46     53      1
    46     59      1
    46    149      1
    47      7      1
    47     21      1
    47     16      1
    47     51      1
    47     85      1
    47    154      1
    48     36      1
    48     29      1
    48     33      1
    48     52      1
    48     94      1
    48    118      1
    48    140      1
    48    149      1
    48    270      1
    49     37      1
    49     36      1
    49      9      1
    49     56      1
    49     60      1
    49     71      1
    49     72      1
    49     98      1
    49    113      1
    49    177      1
    49    298      1
    50     16      1
    50     42      1
    50    124      1
    50    176      1
    50    223      1
    50    226      1
    51     47      1
    51      9      1
    51     17      1
    51    123      1
    51    265      1
    51    297      1
    52      7      1
    52     48      1
    52    106      1
    52    132      1
    52    157      1
    52    158      1
    52    170      1
    52    238      1
    52    263      1
    53     22      1
    53     40      1
    53     46      1
    53     64      1
    53     86      1
    53     96      1
    53     99      1
    53    114      1
    53    273      1
    54     34      1
    54      5      1
    54     74      1
    54     76      1
    54     77      1
    54     95      1
    54    151      1
    54    176      1
    54    181      1
    55     15      1
    55     30      1
    55     67      1
    55    111      1
    55    203      1
    55    206      1
    55    282      1
    56     20      1
    56      8      1
    56     49      1
    56     61      1
    56    100      1
    56    123      1
    56    154      1
    56    174      1
    56    225      1
    56    284      1
    57      8      1
    57     15      1
    57     39      1
    57     62      1
    57    106      1
    57    173      1
    57    178      1
    57    276      1
    58     20      1
    58     25      1
    58     70      1
    58    108      1
    58    119      1
    58    127      1
    58    202      1
    59     46      1
    59     31      1
    59     60      1
    60     59      1
    60     49      1
    60     79      1
    60     81      1
    60    290      1
    61     11      1
    61      7      1
    61     56      1
    61     90      1
    61    106      1
    61    125      1
    61    138      1
    61    297      1
    62     57      1
    62      9      1
    62     83      1
    62     95      1
    62    121      1
    62    200      1
    62    278      1
    62    297      1
    63      5      1
    63     31      1
    63     80      1
    63    179      1
    63    238      1
    64     37      1
    64     53      1
    64    145      1
    64    164      1
    64    211      1
    65      7      1
    65      9      1
    65     79      1
    65    111      1
    65    163      1
    66     35      1
    66     21      1
    66     23      1
    67     19      1
    67     14      1
    67     55      1
    67    137      1
    67    233      1
    67    291      1
    68      6      1
    68      0      1
    68     80      1
    68     84      1
    68    110      1
    68    253      1
    69     41      1
    69     44      1
    69      7      1
    69     73      1
    69     74      1
    69    127      1
    69    193      1
    69    262      1
    70     40      1
    70     58      1
    70     28      1
    70    119      1
    70    153      1
    70    166      1
    70    269      1
    70    273      1
    71     36      1
    71     49      1
    71     26      1
    71    202      1
    72     49      1
    72     40      1
    72      7      1
    72     92      1
    72     97      1
    72    127      1
    72    141      1
    73     41      1
    73     69      1
    73     81      1
    73    100      1
    73    232      1
    74     69      1
    74     35      1
    74     54      1
    74     77      1
    74    122      1
    74    130      1
    74    152      1
    74    161      1
    74    264      1
    75     22      1
    75     26      1
    75      5      1
    75    128      1
    75    137      1
    76     42      1
    76     18      1
    76     54      1
    76    212      1
    76    246      1
    77     74      1
    77     14      1
    77     54      1
    78      9      1
    78     31      1
    78     83      1
    79     60      1
    79     65      1
    79    182      1
    80      9      1
    80     63      1
    80     68      1
    80    101      1
    80    117      1
    81     60      1
    81     25      1
    81     73      1
    81    213      1
    81    292      1
    82     11      1
    82      1      1
    82     40      1
    82    135      1
    82    182      1
    83     62      1
    83     78      1
    83    138      1
    83    140      1
    83    194      1
    83    220      1
    84     38      1
    84     68      1
    84    109      1
    84    128      1
    84    139      1
    84    152      1
    84    160      1
    84    180      1
    84    200      1
    85      8      1
    85     47      1
    85    182      1
    85    242      1
    85    256      1
    86      5      1
    86     53      1
    86     42      1
    87     14      1
    87      6      1
    87      3      1
    87     89      1
    87    101      1
    87    118      1
    87    150      1
    87    225      1
    87    249      1
    87    264      1
    87    295      1
    88     23      1
    88     37      1
    88     43      1
    88     94      1
    88    103      1
    88    196      1
    88    201      1
    88    215      1
    89     87      1
    89     18      1
    89     34      1
    89    113      1
    89    120      1
    89    274      1
    90      7      1
    90     26      1
    90     61      1
    90     95      1
    90    186      1
    91     14      1
    91     22      1
    91     31      1
    91     97      1
    91    146      1
    91    173      1
    91    224      1
    91    280      1
    92     72      1
    92     30      1
    92     16      1
    92    121      1
    92    131      1
    92    188      1
    92    191      1
    93     24      1
    93     17      1
    93    102      1
    93    216      1
    93    257      1
    94     88      1
    94     48      1
    94     40      1
    94    103      1
    94    124      1
    95     62      1
    95     90      1
    95     54      1
    95    101      1
    95    190      1
    96     36      1
    96     53      1
    96    118      1
    97     91      1
    97     72      1
    97      8      1
    97    123      1
    97    210      1
    97    217      1
    97    240      1
    97    257      1
    98     18      1
    98     49      1
    98     21      1
    98     99      1
    98    107      1
    98    114      1
    98    214      1
    98    245      1
    99     98      1
    99     53      1
    99    143      1
    99    258      1
   100     73      1
   100     56      1
   100    137      1
   101     95      1
   101     80      1
   101     87      1
   101    112      1
   101    146      1
   102     93      1
   102      1      1
   102    141      1
   103     94      1
   103     88      1
   103    105      1
   103    108      1
   103    134      1
   103    139      1
   103    287      1
   104      3      1
   104     33      1
   104     43      1
   104    107      1
   104    175      1
   104    181      1
   104    293      1
   105    103      1
   105     45      1
   105    212      1
   106     61      1
   106     52      1
   106     57      1
   106    285      1
   107      2      1
   107     98      1
   107    104      1
   107    157      1
   107    184      1
   107    284      1
   108     58      1
   108      0      1
   108    103      1
   108    110      1
   108    126      1
   109     41      1
   109     84      1
   109     13      1
   109    140      1
   109    166      1
   110    108      1
   110     68      1
   111     65      1
   111     55      1
   111     11      1
   111    202      1
   111    220      1
   111    222      1
   112    101      1
   112     43      1
   112    138      1
   112    183      1
   113     89      1
   113     49      1
   113     33      1
   113    124      1
   113    129      1
   113    228      1
   114     45      1
   114     98      1
   114     53      1
   114    126      1
   114    163      1
   114    193      1
   114    261      1
   115     17      1
   115     41      1
   115     14      1
   115    133      1
   115    167      1
   115    209      1
   116      0      1
   116     17      1
   116    183      1
   116    200      1
   116    210      1
   116    250      1
   116    281      1
   117     40      1
   117     15      1
   117     80      1
   117    229      1
   117    270      1
   118     48      1
   118     87      1
   118     96      1
   118    217      1
   119     70      1
   119     58      1
   119     14      1
   119    156      1
   120     89      1
   120     38      1
   120     20      1
   120    125      1
   120    132      1
   120    145      1
   120    147      1
   120    162      1
   120    167      1
   121     62      1
   121     92      1
   121     32      1
   121    139      1
   121    243      1
   122     74      1
   122     11      1
   122    156      1
   122    191      1
   122    203      1
   122    250      1
   122    266      1
   122    267      1
   123     56      1
   123     97      1
   123     51      1
   123    142      1
   123    168      1
   123    249      1
   124    113      1
   124     94      1
   124     50      1
   124    169      1
   124    231      1
   124    268      1
   125      0      1
   125     61      1
   125    120      1
   125    180      1
   125    184      1
   125    204      1
   125    256      1
   125    276      1
   126    114      1
   126    108      1
   126    298      1
   127     72      1
   127     69      1
   127     58      1
   127    235      1
   128     75      1
   128     84      1
   128     17      1
   128    174      1
   129      5      1
   129    113      1
   129    271      1
   129    280      1
   130     39      1
   130     74      1
   131      9      1
   131     20      1
   131     92      1
   131    147      1
   131    177      1
   131    198      1
   131    290      1
   132    120      1
   132     52      1
   132    207      1
   132    232      1
   132    283      1
   133     29      1
   133    115      1
   133    136      1
   133    171      1
   134    103      1
   134      2      1
   135     32      1
   135     82      1
   135    228      1
   136     40      1
   136    133      1
   136    159      1
   137     67      1
   137    100      1
   137     75      1
   137    229      1
   138     83      1
   138    112      1
   138     61      1
   139    103      1
   139     84      1
   139    121      1
   140     48      1
   140     83      1
   140    109      1
   140    171      1
   140    187      1
   141    102      1
   141     72      1
   141    206      1
   142     33      1
   142    123      1
   142    160      1
   142    164      1
   142    195      1
   142    267      1
   143     99      1
   143     30      1
   143    197      1
   143    211      1
   144      5      1
   144     25      1
   144    145      1
   144    266      1
   145    120      1
   145     64      1
   145    144      1
   145    294      1
   146    101      1
   146     91      1
   146     45      1
   146    195      1
   146    268      1
   147    131      1
   147    120      1
   147    159      1
   147    160      1
   147    186      1
   147    187      1
   147    221      1
   147    251      1
   147    271      1
   148      8      1
   148     12      1
   148     37      1
   148    231      1
   149     48      1
   149     46      1
   149    278      1
   149    288      1
   150     87      1
   150     28      1
   150    165      1
   150    245      1
   150    272      1
   150    277      1
   151     34      1
   151     54      1
   151      5      1
   151    179      1
   151    198      1
   151    241      1
   152     74      1
   152     84      1
   152    158      1
   152    222      1
   152    251      1
   152    279      1
   153     70      1
   153      5      1
   153    176      1
   153    258      1
   153    259      1
   154     47      1
   154     56      1
   154     25      1
   154    180      1
   154    264      1
   155      4      1
   155      8      1
   156    119      1
   156    122      1
   156     27      1
   156    208      1
   157      0      1
   157     52      1
   157    107      1
   157    190      1
   158     52      1
   158    152      1
   159    136      1
   159    147      1
   159    194      1
   159    247      1
   160    142      1
   160     84      1
   160    147      1
   160    260      1
   161     74      1
   161     15      1
   161    271      1
   161    285      1
   162     10      1
   162    120      1
   162    165      1
   162    170      1
   162    189      1
   162    227      1
   163    114      1
   163     65      1
   163    172      1
   164     64      1
   164    142      1
   165    150      1
   165    162      1
   166     70      1
   166     45      1
   166    109      1
   166    205      1
   167    120      1
   167    115      1
   167    207      1
   167    241      1
   168    123      1
   168     22      1
   168    244      1
   168    263      1
   169    124      1
   169     14      1
   169    186      1
   170     52      1
   170    162      1
   170    220      1
   170    233      1
   170    236      1
   170    282      1
   171    133      1
   171    140      1
   171    199      1
   171    204      1
   172    163      1
   172      6      1
   172    193      1
   172    201      1
   172    213      1
   172    234      1
   173     91      1
   173     57      1
   173    174      1
   173    205      1
   174    128      1
   174    173      1
   174     56      1
   174    227      1
   174    274      1
   175     27      1
   175    104      1
   176     50      1
   176    153      1
   176     54      1
   177    131      1
   177     49      1
   177    203      1
   177    214      1
   178     35      1
   178     57      1
   178      7      1
   178    201      1
   179     63      1
   179    151      1
   179     22      1
   179    185      1
   180    125      1
   180    154      1
   180     84      1
   180    219      1
   180    229      1
   181      1      1
   181    104      1
   181     54      1
   182     79      1
   182     85      1
   182     82      1
   183     15      1
   183    116      1
   183    112      1
   183    230      1
   184    107      1
   184    125      1
   185    179      1
   185     38      1
   185    216      1
   186     90      1
   186    169      1
   186    147      1
   186    261      1
   187    147      1
   187    140      1
   187     35      1
   187    190      1
   187    215      1
   188      6      1
   188     92      1
   188    261      1
   189     15      1
   189    162      1
   189    192      1
   190     95      1
   190    157      1
   190    187      1
   190    230      1
   191     92      1
   191    122      1
   191    205      1
   191    237      1
   191    254      1
   191    272      1
   192     43      1
   192    189      1
   193    172      1
   193    114      1
   193     69      1
   194     83      1
   194    159      1
   195    146      1
   195     24      1
   195    142      1
   195    294      1
   196     40      1
   196     88      1
   197    143      1
   197     42      1
   197    225      1
   198    151      1
   198    131      1
   199     21      1
   199    171      1
   199    248      1
   200     84      1
   200    116      1
   200     62      1
   200    213      1
   200    218      1
   200    224      1
   200    275      1
   201    178      1
   201     88      1
   201    172      1
   202     71      1
   202    111      1
   202     58      1
   203    122      1
   203     55      1
   203    177      1
   204     40      1
   204    171      1
   204    125      1
   204    252      1
   205    173      1
   205    166      1
   205    191      1
   206    141      1
   206      5      1
   206     55      1
   207    167      1
   207     15      1
   207    132      1
   208     45      1
   208    156      1
   208    221      1
   209    115      1
   209     38      1
   210    116      1
   210     97      1
   210    244      1
   210    277      1
   211     64      1
   211    143      1
   211     43      1
   211    273      1
   211    286      1
   212    105      1
   212     76      1
   212    287      1
   213    172      1
   213    200      1
   213     81      1
   214    177      1
   214     98      1
   214    262      1
   214    263      1
   215    187      1
   215     43      1
   215     88      1
   216    185      1
   216     93      1
   217     97      1
   217    118      1
   218     38      1
   218     22      1
   218    200      1
   218    236      1
   219    180      1
   219     29      1
   219    242      1
   219    299      1
   220    170      1
   220    111      1
   220     83      1
   221     11      1
   221    208      1
   221    147      1
   221    283      1
   222    111      1
   222    152      1
   223     28      1
   223     50      1
   224     91      1
   224    200      1
   225    197      1
   225     87      1
   225     56      1
   225    290      1
   225    299      1
   226     50      1
   226     26      1
   226    238      1
   227    174      1
   227     25      1
   227    162      1
   227    235      1
   228    135      1
   228    113      1
   228    295      1
   229    117      1
   229    137      1
   229    180      1
   230    183      1
   230    190      1
   231    148      1
   231     27      1
   231    124      1
   231    247      1
   231    272      1
   232     73      1
   232     29      1
   232    132      1
   233     67      1
   233     36      1
   233    170      1
   233    252      1
   234    172      1
   234      1      1
   235    127      1
   235    227      1
   236    218      1
   236    170      1
   237     11      1
   237    191      1
   237    292      1
   238     52      1
   238    226      1
   238     63      1
   239     27      1
   239     34      1
   240     97      1
   240     43      1
   240      0      1
   241    151      1
   241    167      1
   242    219      1
   242     85      1
   242    281      1
   243     40      1
   243    121      1
   243    247      1
   244    210      1
   244     42      1
   244    168      1
   245    150      1
   245     98      1
   245    252      1
   246     37      1
   246     76      1
   246     30      1
   246    275      1
   247    231      1
   247    243      1
   247    159      1
   248     42      1
   248    199      1
   248    266      1
   248    269      1
   249     32      1
   249    123      1
   249     87      1
   250    122      1
   250    116      1
   251    152      1
   251    147      1
   251    294      1
   252    245      1
   252    233      1
   252    204      1
   253     23      1
   253     22      1
   253     68      1
   254    191      1
   254     28      1
   254     10      1
   254    296      1
   255     40      1
   255     29      1
   255     45      1
   256     85      1
   256    125      1
   256    279      1
   257     93      1
   257     16      1
   257     97      1
   258     99      1
   258    153      1
   258    289      1
   259    153      1
   259      1      1
   260    160      1
   260     28      1
   261    188      1
   261    186      1
   261    114      1
   262    214      1
   262     69      1
   262    286      1
   263    214      1
   263     52      1
   263    168      1
   264     87      1
   264     74      1
   264    154      1
   264    267      1
   265     45      1
   265     51      1
   265     44      1
   266    144      1
   266    122      1
   266    248      1
   267    264      1
   267    142      1
   267    122      1
   267    293      1
   268    124      1
   268    146      1
   269    248      1
   269     70      1
   269    286      1
   270     48      1
   270    117      1
   271    129      1
   271    161      1
   271    147      1
   272    191      1
   272    231      1
   272    150      1
   272    292      1
   273     70      1
   273    211      1
   273     53      1
   274    174      1
   274     13      1
   274     89      1
   275    246      1
   275     39      1
   275    200      1
   276     57      1
   276    125      1
   277    210      1
   277    150      1
   278     62      1
   278    149      1
   279    152      1
   279     26      1
   279    256      1
   279    281      1
   280     34      1
   280    129      1
   280     91      1
   281    116      1
   281    279      1
   281    242      1
   282    170      1
   282     55      1
   283    132      1
   283    221      1
   284    107      1
   284     56      1
   284      0      1
   285    106      1
   285    161      1
   286    269      1
   286    262      1
   286    211      1
   286    289      1
   286    298      1
   287     13      1
   287    212      1
   287    103      1
   288    149      1
   288     40      1
   289    286      1
   289    258      1
   289      7      1
   290    225      1
   290     60      1
   290    131      1
   291     67      1
   291      2      1
   292    272      1
   292    237      1
   292     81      1
   292    293      1
   293    104      1
   293    292      1
   293    267      1
   294    195      1
   294    145      1
   294    251      1
   295    228      1
   295     87      1
   296     23      1
   296    254      1
   297     61      1
   297     62      1
   297     51      1
   298     49      1
   298    286      1
   298    126      1
   299    219      1
   299    225      1
