COORD_X_Y 300
 0.445621  0.726395
  2.31825   2.04692
  2.57621  0.480519
  1.41916  0.595408
  1.67368   1.08083
  2.82678   1.49054
   2.0049   1.29609
  1.72525   1.81402
  2.39333  0.553551
  2.40955   2.84717
  2.30251   1.95999
 0.105067   2.60743
  2.50738   1.40671
  1.01865   2.20444
 0.355372   2.42658
  1.44413   2.25149
  2.78102  0.549034
  1.40551   1.17633
  1.72389   2.42969
  1.69172   2.60771
  1.72537   2.53326
  1.91168  0.767578
 0.238232   2.34767
  2.43476   2.51982
   2.4042   1.40635
  2.46506   2.51773
    1.719   2.01792
  2.98453  0.609811
 0.640049   2.45391
  2.88077   1.81878
  2.41565  0.801363
  2.76562   2.06619
  2.39004   1.97952
  2.05521   2.04406
  2.44466   1.18492
  1.68761  0.139074
   2.9378  0.879387
  2.81447   2.93757
  1.86463   1.08053
  1.06012   2.80006
  1.61925  0.305274
 0.276822   2.44868
  0.41132   2.15066
 0.428331   2.42658
 0.882723   2.18471
  1.00414   2.92732
  2.86121  0.499007
  2.15457    1.3715
  1.07864  0.448289
  2.02611   2.07694
  2.53056   1.53636
  1.51734  0.325029
  2.26891   2.09726
  2.63201  0.141819
  0.03243   2.41456
  1.93989   2.96082
 0.462839   1.37399
  2.30608   1.92639
 0.678532   2.79553
 0.425689   1.59594
   2.6303   1.96766
  1.71778   2.75554
   1.7503   2.93721
  2.95617   1.70872
  1.30715   1.90796
  1.53363  0.449862
  2.29709   1.40804
  2.36596   1.41738
  1.69718  0.258566
  0.49451   2.16518
 0.184206     1.935
0.000428173   1.55938
 0.726424    2.9208
 0.301676   1.47222
  1.61606   1.32154
 0.884238   2.97827
  2.12395   2.99639
  1.25094  0.863276
 0.263961   1.57551
 0.441999  0.571965
  2.60222  0.428479
  2.86342  0.502664
 0.780955  0.461491
  2.56312   1.24661
  1.67659   1.30554
  1.40457   0.36267
   1.9671   1.93292
  2.07307   0.57752
 0.997649  0.579198
   1.9067   2.34055
  1.90607   1.35285
   2.2418  0.156267
  2.84246   1.84592
  2.63063   1.91556
  1.14677   1.00682
  2.35337   2.89514
 0.590341  0.212092
   1.5562   1.18469
  1.35468   2.93146
    1.137   2.51487
 0.549536   2.22649
 0.569374   2.77789
  1.99054   2.93599
 0.369049   1.69493
  1.30548  0.456427
  2.45966   1.32395
 0.178653  0.410828
  2.34314    2.2951
  1.28649   1.07284
 0.663645   2.57201
  2.63544   1.99809
 0.339133   2.96387
  2.60004  0.506295
0.0614185   2.87405
  2.08566   0.55572
  0.21058  0.321483
 0.372417   2.35293
  0.24505  0.690246
 0.432931   1.88497
  2.38136  0.416675
  2.26914   2.04111
  1.75322   2.57063
  2.20005  0.267689
  1.97718   2.90769
   1.9835  0.385657
  1.18555   1.10903
 0.764241   1.39055
  2.84284  0.127005
  2.73019  0.442551
  2.08328    2.3223
  2.13954   1.69395
  1.17916   1.46631
 0.862267    1.3912
 0.927873    1.6663
 0.494231   2.83771
 0.864077   2.44906
  2.13284   1.07768
   2.9048   1.49944
 0.989968  0.161057
  1.79504  0.331779
 0.479339   1.70513
  1.22321   2.09932
  1.42829   2.05451
  1.90176  0.886637
  2.39519   2.25071
   1.3643   1.34433
 0.943557    1.5234
 0.132756   1.39591
  1.57815   2.01931
  2.47248    1.5188
  1.05567  0.193135
0.0768919  0.992025
  2.04409  0.772074
 0.992898   2.76266
  2.62179  0.675056
  2.14124   2.36664
  1.17201  0.520751
 0.504575   1.54526
 0.612867   2.51767
 0.818168   2.16184
  2.75244  0.270656
0.0503196   2.68179
 0.319382  0.426656
 0.427814   1.18001
  2.17924   2.24432
  2.74031   2.24406
 0.527975   2.04294
 0.271433    1.2084
 0.138693    1.7692
 0.512381  0.861123
  2.80784   1.29238
  1.08107  0.835479
 0.173143   1.94413
  2.86937  0.266628
 0.949929   2.74349
  2.51434   1.24523
 0.430957   1.84205
  1.46543    1.7751
  1.99095   1.50892
 0.539867   0.33234
   2.4242  0.626462
 0.464668   1.69092
  2.20265   2.63596
  1.38631  0.370029
  2.89563   2.76061
  2.91525   1.63433
  1.60319  0.978217
  2.48765   2.85607
  1.58703  0.205421
  2.37562   1.46629
 0.330759   1.29527
 0.983444   0.53434
  2.87738  0.240125
 0.830656   2.69881
0.0176985    2.5769
  1.98759    1.4172
 0.915498   2.62632
 0.518962   2.86939
  1.19487   2.56679
  2.82996   2.05738
 0.396079   1.49996
  1.17195   2.66058
   1.8758     1.695
  1.67045   2.43801
  2.73482  0.877066
  1.15694    0.1035
  0.91112   1.53011
 0.771424   2.44842
    2.885  0.394238
 0.147145  0.246602
   0.2923   1.88634
   2.0538    2.5487
  1.38868 0.0423966
  1.17222  0.897423
  1.81619   2.82442
  1.01503   2.75512
 0.221214   2.95697
 0.204173   2.39131
  1.14518   2.45922
    0.602    1.9876
  2.43369    2.5363
  1.17589   2.68925
 0.861256   1.57969
  2.78652   1.77631
 0.484165  0.376092
 0.936853  0.184812
  1.04505  0.281007
  1.65196   1.63773
 0.298594   2.69155
  2.60775   2.46656
 0.894486   1.34529
  2.38106   1.68874
  1.85487  0.553566
  2.83223  0.873754
  1.38241   1.52432
  2.42336   1.12001
 0.336077   1.19644
 0.192374  0.412825
  1.70925  0.767865
   2.8797  0.955541
  2.52143    2.5263
 0.247484   1.23093
  2.55481   2.66426
  2.91731   2.70013
  2.59584   1.19721
 0.559569   2.87508
  1.36814  0.359134
  2.09954   2.98242
 0.823781  0.974631
  1.90878   0.70116
  2.96082  0.441767
   2.1497   2.13151
  1.03847  0.533762
  1.93875   2.86686
  2.05178   2.55475
  1.54067    2.7723
  2.04589  0.435712
   1.9525   1.41826
   2.5023   2.79144
  2.00193   2.39754
  1.25168   2.63844
  2.34014   1.49733
  2.73129   1.54325
 0.589246  0.636402
0.0624843   1.58981
  1.20899    2.9283
 0.868102   2.36328
 0.642699  0.910426
  1.69213   1.08481
  1.05416  0.424195
  2.63421 0.0573967
    0.283    1.8586
 0.765914   2.36046
  1.45648   2.68618
   1.0085  0.194613
  2.81029   1.54558
   1.6539   2.53468
  1.21252    2.4935
  2.92633   1.07019
 0.244694   2.55481
   2.3772   2.98551
  2.20404   1.15826
  2.72116   2.86374
  1.45791   2.03386
  1.03971   1.81987
  2.52742   1.09897
  1.86426  0.663068
  2.09795   1.11956
  2.13315   1.30882
  1.77676  0.549729
  2.81996   2.02936
  2.82279  0.389687
  1.63176   0.11473
  1.52292   1.61291
  1.38285  0.496139
  1.49386  0.955943
  1.72077    2.9642
  2.73185   1.99545
   1.9274   2.82968
  1.08803    1.6127
LINKS_SOURCE_DESTINATION_DISTANCE 1476
     0      1      1
     0      4      1
     0      5      1
     0      6      1
     0      8      1
     0     10      1
     0     12      1
     0     14      1
     0     32      1
     0     36      1
     0     37      1
     0     53      1
     0     61      1
     0     62      1
     0     76      1
     0     80      1
     0     82      1
     0     97      1
     0    167      1
     1      0      1
     1      2      1
     1      3      1
     1      4      1
     1     56      1
     1     72      1
     1     86      1
     1    179      1
     1    234      1
     2      1      1
     2      5      1
     2      9      1
     2     13      1
     2     23      1
     2     25      1
     2     42      1
     2     82      1
     2    173      1
     2    177      1
     3      1      1
     3      6      1
     3      7      1
     3      8      1
     3     10      1
     3     13      1
     3     14      1
     3     97      1
     3    110      1
     3    133      1
     3    229      1
     4      0      1
     4      1      1
     4      6      1
     4      7      1
     4      9      1
     4     11      1
     4     12      1
     4     14      1
     4     24      1
     4     46      1
     4    152      1
     5      0      1
     5      2      1
     5      7      1
     5      8      1
     5     12      1
     5     36      1
     5     52      1
     5     74      1
     5    287      1
     6      3      1
     6      0      1
     6      4      1
     6     15      1
     6     21      1
     6     26      1
     6     67      1
     6     69      1
     6     80      1
     6     97      1
     6    195      1
     6    277      1
     7      5      1
     7      4      1
     7      3      1
     7     11      1
     7     20      1
     7     33      1
     7     45      1
     7     85      1
     8      5      1
     8      0      1
     8      3      1
     8     13      1
     8     17      1
     8     24      1
     8     34      1
     8    179      1
     9      2      1
     9      4      1
     9     15      1
     9     16      1
     9     18      1
     9     20      1
     9     28      1
     9     50      1
     9     77      1
     9    184      1
     9    191      1
     9    240      1
    10      0      1
    10      3      1
    10     16      1
    10     19      1
    10     34      1
    10     51      1
    10     67      1
    10     70      1
    10     72      1
    10    208      1
    10    250      1
    11      4      1
    11      7      1
    11     22      1
    11     23      1
    11     25      1
    11     28      1
    11     32      1
    11     33      1
    11     35      1
    11     42      1
    11     49      1
    11     84      1
    11    146      1
    11    171      1
    11    189      1
    11    215      1
    12      4      1
    12      5      1
    12      0      1
    12     18      1
    12     32      1
    12     38      1
    12     85      1
    12    154      1
    12    262      1
    12    296      1
    13      8      1
    13      2      1
    13      3      1
    13     15      1
    13     17      1
    13     63      1
    13     65      1
    14      4      1
    14      3      1
    14      0      1
    14     20      1
    14     29      1
    14     47      1
    14     53      1
    14     58      1
    14     81      1
    14     86      1
    14     88      1
    14    143      1
    14    282      1
    14    295      1
    15     13      1
    15      9      1
    15      6      1
    15     29      1
    15     31      1
    15     92      1
    15    143      1
    15    169      1
    16     10      1
    16      9      1
    16     47      1
    16     55      1
    16     89      1
    16    112      1
    16    151      1
    16    176      1
    16    277      1
    16    288      1
    17     13      1
    17      8      1
    17     18      1
    17     19      1
    17     25      1
    17     27      1
    17     55      1
    17    263      1
    18     12      1
    18     17      1
    18      9      1
    18     27      1
    18     36      1
    18     51      1
    18     54      1
    18     58      1
    18    163      1
    18    172      1
    18    175      1
    19     10      1
    19     17      1
    19     39      1
    19     48      1
    19     55      1
    19     96      1
    19    141      1
    20      7      1
    20     14      1
    20      9      1
    20     21      1
    20     22      1
    20     31      1
    20     38      1
    20     45      1
    20     49      1
    20    134      1
    20    188      1
    20    258      1
    21      6      1
    21     20      1
    21     23      1
    21     29      1
    21     37      1
    21     44      1
    21     47      1
    21    101      1
    21    118      1
    21    156      1
    21    213      1
    22     11      1
    22     20      1
    22     24      1
    22     35      1
    22     46      1
    22     62      1
    22     74      1
    22    104      1
    22    124      1
    22    261      1
    23      2      1
    23     21      1
    23     11      1
    23     26      1
    23     63      1
    23     95      1
    23     96      1
    23    128      1
    23    142      1
    23    201      1
    24     22      1
    24      4      1
    24      8      1
    24     39      1
    24     69      1
    24     73      1
    24     94      1
    24    209      1
    25     17      1
    25     11      1
    25      2      1
    25     30      1
    25     93      1
    25     99      1
    25    123      1
    25    124      1
    25    187      1
    26     23      1
    26      6      1
    26     33      1
    26     57      1
    26    107      1
    27     18      1
    27     17      1
    27     30      1
    27     54      1
    27     75      1
    27    153      1
    27    264      1
    28      9      1
    28     11      1
    28     44      1
    28     48      1
    28     83      1
    29     14      1
    29     21      1
    29     15      1
    29     40      1
    29     52      1
    29     53      1
    29     66      1
    29    152      1
    29    235      1
    30     27      1
    30     25      1
    30     35      1
    30     78      1
    30     94      1
    30     99      1
    30    216      1
    31     15      1
    31     20      1
    31     91      1
    31    170      1
    32     12      1
    32      0      1
    32     11      1
    32     40      1
    32     43      1
    32     93      1
    32    105      1
    32    122      1
    32    126      1
    32    158      1
    32    275      1
    33     26      1
    33      7      1
    33     11      1
    33     43      1
    33    240      1
    34      8      1
    34     10      1
    34     41      1
    34     54      1
    34     78      1
    34     82      1
    34     90      1
    34    117      1
    34    165      1
    34    253      1
    35     11      1
    35     30      1
    35     22      1
    35    141      1
    35    147      1
    35    197      1
    36      5      1
    36      0      1
    36     18      1
    36     50      1
    36     59      1
    36     78      1
    36    101      1
    36    230      1
    36    282      1
    36    299      1
    37     21      1
    37      0      1
    37     41      1
    37     44      1
    37     68      1
    37    138      1
    37    194      1
    37    251      1
    37    293      1
    38     20      1
    38     12      1
    38     56      1
    38     64      1
    38    111      1
    38    158      1
    39     24      1
    39     19      1
    39     70      1
    39     76      1
    39    102      1
    39    145      1
    39    231      1
    39    242      1
    39    255      1
    40     32      1
    40     29      1
    40     72      1
    40     98      1
    40    111      1
    40    119      1
    41     37      1
    41     34      1
    41     87      1
    41     93      1
    41    121      1
    42     11      1
    42      2      1
    42     68      1
    42     71      1
    42     77      1
    42    142      1
    42    202      1
    42    223      1
    42    246      1
    43     33      1
    43     32      1
    43     61      1
    43    155      1
    43    183      1
    43    226      1
    44     21      1
    44     37      1
    44     28      1
    44     59      1
    44     60      1
    44     71      1
    44     74      1
    44    128      1
    44    181      1
    45      7      1
    45     20      1
    45     79      1
    45    242      1
    45    255      1
    46      4      1
    46     22      1
    46    147      1
    46    256      1
    46    299      1
    47     21      1
    47     14      1
    47     16      1
    47     58      1
    47     87      1
    47    136      1
    47    160      1
    47    171      1
    47    181      1
    47    192      1
    47    288      1
    48     19      1
    48     28      1
    48     64      1
    48     73      1
    49     11      1
    49     20      1
    49     62      1
    49     64      1
    49    132      1
    49    185      1
    49    191      1
    49    283      1
    50     36      1
    50      9      1
    50    168      1
    50    236      1
    50    252      1
    51     10      1
    51     18      1
    51     60      1
    51     61      1
    51     65      1
    51    269      1
    51    272      1
    52     29      1
    52      5      1
    52    114      1
    52    117      1
    53     29      1
    53     14      1
    53      0      1
    53    102      1
    53    155      1
    53    159      1
    53    185      1
    54     18      1
    54     34      1
    54     27      1
    54    113      1
    54    118      1
    54    150      1
    54    173      1
    54    222      1
    55     19      1
    55     16      1
    55     17      1
    55     57      1
    55     63      1
    55     70      1
    55    103      1
    55    129      1
    55    134      1
    55    142      1
    55    193      1
    55    203      1
    56      1      1
    56     38      1
    56     79      1
    56     92      1
    56    116      1
    56    159      1
    56    189      1
    56    192      1
    56    217      1
    57     55      1
    57     26      1
    57    123      1
    57    140      1
    57    187      1
    57    204      1
    58     18      1
    58     14      1
    58     47      1
    58     66      1
    58     90      1
    58    100      1
    58    138      1
    58    141      1
    58    150      1
    58    166      1
    58    190      1
    58    262      1
    59     36      1
    59     44      1
    59     91      1
    59    144      1
    59    204      1
    59    215      1
    60     44      1
    60     51      1
    60     90      1
    60     94      1
    60    115      1
    60    290      1
    61     51      1
    61     43      1
    61      0      1
    62      0      1
    62     49      1
    62     22      1
    62    117      1
    62    180      1
    63     13      1
    63     55      1
    63     23      1
    63     65      1
    63     75      1
    63     96      1
    63    105      1
    63    169      1
    63    170      1
    63    188      1
    63    219      1
    63    295      1
    64     38      1
    64     49      1
    64     48      1
    64     81      1
    64     85      1
    64    125      1
    64    218      1
    64    227      1
    65     13      1
    65     51      1
    65     63      1
    65     69      1
    65    110      1
    66     29      1
    66     58      1
    66     95      1
    66    149      1
    66    196      1
    66    198      1
    67     10      1
    67      6      1
    67     88      1
    67    148      1
    67    158      1
    67    195      1
    67    219      1
    68     42      1
    68     37      1
    69     24      1
    69     65      1
    69      6      1
    69     95      1
    69    122      1
    70     10      1
    70     55      1
    70     39      1
    70     98      1
    70    101      1
    70    213      1
    71     44      1
    71     42      1
    71    120      1
    71    203      1
    71    209      1
    72      1      1
    72     10      1
    72     40      1
    72    125      1
    72    207      1
    72    249      1
    72    255      1
    73     48      1
    73     24      1
    73     77      1
    73    106      1
    73    129      1
    73    163      1
    74     44      1
    74     22      1
    74      5      1
    74     83      1
    74     87      1
    74    235      1
    75     63      1
    75     27      1
    75    218      1
    75    251      1
    76      0      1
    76     39      1
    76    109      1
    77     73      1
    77      9      1
    77     42      1
    77    108      1
    77    172      1
    77    200      1
    78     30      1
    78     36      1
    78     34      1
    78     81      1
    78    145      1
    78    186      1
    79     56      1
    79     45      1
    79    134      1
    79    240      1
    80      0      1
    80      6      1
    80    203      1
    81     78      1
    81     14      1
    81     64      1
    81     84      1
    81    100      1
    81    109      1
    81    114      1
    81    136      1
    82      0      1
    82     34      1
    82      2      1
    82    104      1
    82    121      1
    82    122      1
    82    125      1
    82    139      1
    82    144      1
    82    152      1
    82    155      1
    82    164      1
    82    166      1
    83     28      1
    83     74      1
    83     91      1
    84     81      1
    84     11      1
    85     12      1
    85     64      1
    85      7      1
    85     89      1
    86     14      1
    86      1      1
    86    115      1
    86    205      1
    86    207      1
    86    225      1
    86    281      1
    87     47      1
    87     74      1
    87     41      1
    87    107      1
    87    112      1
    87    151      1
    87    199      1
    88     14      1
    88     67      1
    88    179      1
    88    198      1
    89     85      1
    89     16      1
    89    119      1
    89    153      1
    89    233      1
    90     60      1
    90     58      1
    90     34      1
    90    118      1
    90    120      1
    91     59      1
    91     83      1
    91     31      1
    91    120      1
    92     56      1
    92     15      1
    92    208      1
    93     25      1
    93     32      1
    93     41      1
    94     30      1
    94     60      1
    94     24      1
    94    109      1
    94    180      1
    94    280      1
    95     69      1
    95     66      1
    95     23      1
    95    110      1
    95    135      1
    95    281      1
    96     19      1
    96     23      1
    96     63      1
    96     98      1
    96    174      1
    96    235      1
    97      6      1
    97      0      1
    97      3      1
    97    113      1
    97    130      1
    97    224      1
    98     70      1
    98     96      1
    98     40      1
    98    157      1
    98    194      1
    98    196      1
    98    247      1
    98    284      1
    99     25      1
    99     30      1
    99    113      1
    99    126      1
    99    147      1
   100     58      1
   100     81      1
   100    103      1
   101     70      1
   101     36      1
   101     21      1
   101    106      1
   101    130      1
   101    198      1
   102     53      1
   102     39      1
   102    132      1
   102    271      1
   103    100      1
   103     55      1
   103    104      1
   103    131      1
   103    148      1
   103    284      1
   104     82      1
   104    103      1
   104     22      1
   104    116      1
   104    162      1
   104    230      1
   105     32      1
   105     63      1
   105    160      1
   105    238      1
   105    246      1
   106    101      1
   106     73      1
   106    108      1
   106    168      1
   106    273      1
   107     26      1
   107     87      1
   108     77      1
   108    106      1
   108    293      1
   109     81      1
   109     76      1
   109     94      1
   109    162      1
   109    174      1
   110      3      1
   110     95      1
   110     65      1
   110    194      1
   110    202      1
   111     38      1
   111     40      1
   111    223      1
   111    233      1
   111    249      1
   112     87      1
   112     16      1
   112    250      1
   113     99      1
   113     97      1
   113     54      1
   113    133      1
   113    161      1
   114     52      1
   114     81      1
   114    126      1
   114    200      1
   114    201      1
   114    205      1
   114    229      1
   114    234      1
   115     60      1
   115     86      1
   115    140      1
   115    167      1
   115    239      1
   115    247      1
   116    104      1
   116     56      1
   116    127      1
   116    146      1
   116    191      1
   116    245      1
   117     62      1
   117     34      1
   117     52      1
   118     54      1
   118     90      1
   118     21      1
   118    119      1
   118    127      1
   118    205      1
   118    213      1
   119     89      1
   119    118      1
   119     40      1
   119    129      1
   119    135      1
   119    137      1
   119    182      1
   119    293      1
   119    294      1
   120     91      1
   120     90      1
   120     71      1
   120    150      1
   120    154      1
   120    178      1
   120    217      1
   120    248      1
   121     41      1
   121     82      1
   121    190      1
   121    206      1
   121    239      1
   121    260      1
   121    264      1
   121    291      1
   122     82      1
   122     69      1
   122     32      1
   122    139      1
   122    268      1
   123     25      1
   123     57      1
   124     22      1
   124     25      1
   124    131      1
   125     72      1
   125     82      1
   125     64      1
   125    182      1
   125    193      1
   125    233      1
   125    274      1
   125    280      1
   126    114      1
   126     32      1
   126     99      1
   126    140      1
   127    118      1
   127    116      1
   127    212      1
   127    224      1
   127    272      1
   127    279      1
   128     23      1
   128     44      1
   128    171      1
   128    268      1
   129     73      1
   129    119      1
   129     55      1
   129    163      1
   129    259      1
   129    273      1
   130     97      1
   130    101      1
   130    175      1
   130    199      1
   130    200      1
   130    289      1
   131    103      1
   131    124      1
   131    148      1
   131    151      1
   131    238      1
   132    102      1
   132     49      1
   132    156      1
   132    178      1
   132    182      1
   133      3      1
   133    113      1
   134     55      1
   134     79      1
   134     20      1
   134    137      1
   134    190      1
   134    241      1
   134    251      1
   135    119      1
   135     95      1
   135    184      1
   135    188      1
   135    211      1
   136     47      1
   136     81      1
   137    134      1
   137    119      1
   138     37      1
   138     58      1
   138    157      1
   138    161      1
   138    298      1
   139     82      1
   139    122      1
   139    170      1
   140    115      1
   140    126      1
   140     57      1
   140    181      1
   140    269      1
   141     58      1
   141     19      1
   141     35      1
   141    153      1
   141    165      1
   142     42      1
   142     55      1
   142     23      1
   143     15      1
   143     14      1
   143    154      1
   143    220      1
   143    264      1
   144     59      1
   144     82      1
   144    149      1
   144    156      1
   144    206      1
   145     39      1
   145     78      1
   145    210      1
   145    212      1
   145    297      1
   146     11      1
   146    116      1
   146    172      1
   147     35      1
   147     99      1
   147     46      1
   147    169      1
   147    221      1
   148    103      1
   148     67      1
   148    131      1
   148    248      1
   148    279      1
   148    294      1
   149     66      1
   149    144      1
   150     58      1
   150     54      1
   150    120      1
   150    162      1
   150    259      1
   150    274      1
   151     16      1
   151    131      1
   151     87      1
   151    176      1
   151    185      1
   151    207      1
   151    214      1
   151    237      1
   152     82      1
   152      4      1
   152     29      1
   152    272      1
   152    275      1
   153     89      1
   153    141      1
   153     27      1
   153    218      1
   154     12      1
   154    120      1
   154    143      1
   154    225      1
   154    250      1
   154    271      1
   154    285      1
   155     82      1
   155     53      1
   155     43      1
   155    266      1
   156     21      1
   156    132      1
   156    144      1
   156    165      1
   156    247      1
   156    254      1
   156    256      1
   157     98      1
   157    138      1
   157    164      1
   157    204      1
   158     67      1
   158     32      1
   158     38      1
   158    298      1
   159     56      1
   159     53      1
   159    214      1
   159    231      1
   160    105      1
   160     47      1
   160    228      1
   160    298      1
   161    138      1
   161    113      1
   161    267      1
   162    104      1
   162    150      1
   162    109      1
   162    223      1
   162    253      1
   163     73      1
   163    129      1
   163     18      1
   164     82      1
   164    157      1
   164    211      1
   165    156      1
   165    141      1
   165     34      1
   165    226      1
   166     82      1
   166     58      1
   166    189      1
   167    115      1
   167      0      1
   167    177      1
   167    222      1
   168    106      1
   168     50      1
   168    193      1
   168    245      1
   169     63      1
   169    147      1
   169     15      1
   170     63      1
   170    139      1
   170     31      1
   170    186      1
   170    263      1
   171    128      1
   171     11      1
   171     47      1
   172    146      1
   172     77      1
   172     18      1
   173     54      1
   173      2      1
   173    195      1
   173    266      1
   174    109      1
   174     96      1
   175    130      1
   175     18      1
   175    177      1
   176    151      1
   176     16      1
   176    183      1
   176    241      1
   177      2      1
   177    167      1
   177    175      1
   177    257      1
   178    120      1
   178    132      1
   179      8      1
   179      1      1
   179     88      1
   180     94      1
   180     62      1
   181     47      1
   181     44      1
   181    140      1
   181    221      1
   182    119      1
   182    132      1
   182    125      1
   182    253      1
   183     43      1
   183    176      1
   183    249      1
   183    263      1
   184      9      1
   184    135      1
   184    210      1
   184    241      1
   185     53      1
   185    151      1
   185     49      1
   186    170      1
   186     78      1
   186    202      1
   187     57      1
   187     25      1
   187    260      1
   188     63      1
   188    135      1
   188     20      1
   188    243      1
   188    297      1
   189    166      1
   189     56      1
   189     11      1
   190     58      1
   190    121      1
   190    134      1
   190    228      1
   191      9      1
   191    116      1
   191     49      1
   191    244      1
   192     56      1
   192     47      1
   193     55      1
   193    125      1
   193    168      1
   193    252      1
   194    110      1
   194     37      1
   194     98      1
   194    197      1
   194    265      1
   195     67      1
   195      6      1
   195    173      1
   196     98      1
   196     66      1
   196    215      1
   196    227      1
   196    270      1
   196    290      1
   197    194      1
   197     35      1
   198     88      1
   198     66      1
   198    101      1
   198    216      1
   199     87      1
   199    130      1
   199    237      1
   199    244      1
   200    114      1
   200     77      1
   200    130      1
   201    114      1
   201     23      1
   202    186      1
   202     42      1
   202    110      1
   202    283      1
   203     71      1
   203     55      1
   203     80      1
   204     57      1
   204    157      1
   204     59      1
   205    114      1
   205     86      1
   205    118      1
   205    211      1
   206    121      1
   206    144      1
   206    243      1
   206    276      1
   207     72      1
   207    151      1
   207     86      1
   208     92      1
   208     10      1
   208    243      1
   208    284      1
   209     24      1
   209     71      1
   209    210      1
   209    224      1
   209    296      1
   210    184      1
   210    209      1
   210    145      1
   210    214      1
   210    232      1
   211    205      1
   211    135      1
   211    164      1
   211    278      1
   212    127      1
   212    145      1
   212    288      1
   213     21      1
   213     70      1
   213    118      1
   213    220      1
   214    159      1
   214    151      1
   214    210      1
   215    196      1
   215     11      1
   215     59      1
   215    294      1
   216    198      1
   216     30      1
   216    222      1
   217     56      1
   217    120      1
   217    237      1
   218     75      1
   218    153      1
   218     64      1
   219     67      1
   219     63      1
   219    225      1
   219    246      1
   220    143      1
   220    213      1
   220    285      1
   221    147      1
   221    181      1
   221    265      1
   221    286      1
   222    167      1
   222    216      1
   222     54      1
   223    111      1
   223     42      1
   223    162      1
   223    270      1
   224    127      1
   224    209      1
   224     97      1
   224    254      1
   225     86      1
   225    219      1
   225    154      1
   225    265      1
   226    165      1
   226     43      1
   226    236      1
   227    196      1
   227     64      1
   228    190      1
   228    160      1
   228    232      1
   229    114      1
   229      3      1
   229    242      1
   230    104      1
   230     36      1
   231     39      1
   231    159      1
   232    210      1
   232    228      1
   232    256      1
   232    267      1
   233    111      1
   233    125      1
   233     89      1
   233    287      1
   234    114      1
   234      1      1
   235     29      1
   235     74      1
   235     96      1
   235    280      1
   236     50      1
   236    226      1
   237    217      1
   237    199      1
   237    151      1
   237    261      1
   238    131      1
   238    105      1
   239    115      1
   239    121      1
   240      9      1
   240     33      1
   240     79      1
   241    134      1
   241    184      1
   241    176      1
   241    244      1
   241    248      1
   242     39      1
   242     45      1
   242    229      1
   242    257      1
   242    279      1
   242    285      1
   243    206      1
   243    208      1
   243    188      1
   244    241      1
   244    199      1
   244    191      1
   244    276      1
   245    116      1
   245    168      1
   246    219      1
   246    105      1
   246     42      1
   247    115      1
   247    156      1
   247     98      1
   247    258      1
   248    241      1
   248    148      1
   248    120      1
   249    111      1
   249    183      1
   249     72      1
   249    267      1
   249    282      1
   249    291      1
   249    292      1
   250     10      1
   250    154      1
   250    112      1
   251     75      1
   251     37      1
   251    134      1
   252     50      1
   252    193      1
   253    162      1
   253    182      1
   253     34      1
   253    275      1
   254    224      1
   254    156      1
   254    274      1
   255     39      1
   255     45      1
   255     72      1
   256    232      1
   256     46      1
   256    156      1
   257    177      1
   257    242      1
   257    289      1
   258    247      1
   258     20      1
   259    129      1
   259    150      1
   260    187      1
   260    121      1
   260    278      1
   261    237      1
   261     22      1
   262     58      1
   262     12      1
   263    170      1
   263    183      1
   263     17      1
   264     27      1
   264    143      1
   264    121      1
   264    292      1
   265    225      1
   265    194      1
   265    221      1
   265    286      1
   266    155      1
   266    173      1
   267    161      1
   267    249      1
   267    232      1
   268    122      1
   268    128      1
   269    140      1
   269     51      1
   270    223      1
   270    196      1
   271    102      1
   271    154      1
   272    127      1
   272     51      1
   272    152      1
   273    129      1
   273    106      1
   274    254      1
   274    150      1
   274    125      1
   275    253      1
   275    152      1
   275     32      1
   276    206      1
   276    244      1
   277      6      1
   277     16      1
   278    211      1
   278    260      1
   279    148      1
   279    242      1
   279    127      1
   280     94      1
   280    235      1
   280    125      1
   281     95      1
   281     86      1
   282     36      1
   282    249      1
   282     14      1
   283    202      1
   283     49      1
   284    208      1
   284     98      1
   284    103      1
   285    220      1
   285    154      1
   285    242      1
   286    265      1
   286    221      1
   287      5      1
   287    233      1
   288     16      1
   288    212      1
   288     47      1
   289    130      1
   289    257      1
   289    291      1
   290     60      1
   290    196      1
   291    289      1
   291    121      1
   291    249      1
   292    249      1
   292    264      1
   293     37      1
   293    108      1
   293    119      1
   294    119      1
   294    148      1
   294    215      1
   295     63      1
   295     14      1
   296     12      1
   296    209      1
   297    145      1
   297    188      1
   298    160      1
   298    158      1
   298    138      1
   299     46      1
   299     36      1
