COORD_X_Y 300
  2.74589    1.2786
  2.35243 0.0203606
  1.28034    1.3135
0.0915708  0.326669
  2.59025   2.73362
 0.869874   0.79575
  1.87339  0.913079
  2.43971   1.57905
   2.0562   2.58373
 0.232561   2.43423
  2.90233  0.623945
  1.58474   1.14604
  2.39258   1.06724
  2.68585  0.288222
  1.84036   1.47357
  2.74178   2.46568
 0.910273   2.20661
  1.65351   2.65574
 0.388573  0.549734
   2.2303   1.14829
 0.575433  0.885325
 0.078517   1.82053
 0.374847   2.19896
  1.34672    2.9146
  2.71405  0.399829
  2.76206  0.923393
  1.33525   2.12394
 0.168903   1.18842
 0.487762   1.00562
 0.247295   1.48516
  2.12025   1.73877
  2.34875  0.723969
 0.774587  0.430355
  1.17936   2.68727
  2.82687   1.08016
  1.08345   1.74011
  1.34234   1.13749
  2.57189   1.21177
 0.306762   0.15912
 0.603912   0.71831
  2.00689   1.91514
  2.50241  0.700867
 0.413629   2.32507
  2.04962   1.06828
 0.810917  0.981585
  1.82841   2.07495
   2.1439  0.790688
 0.117163  0.126309
 0.657664  0.310301
 0.643867   2.48936
   1.7922   2.55457
  1.87961   1.23377
  2.82862   1.07334
  2.40871   2.79221
 0.382362   2.30042
0.0918963   1.62357
  1.46818   1.90964
 0.945042   2.16954
  2.21343  0.579055
  1.34697   0.78357
  1.02818   1.83262
  2.00519    2.9895
  2.20772   2.88708
  2.71665   1.04918
  2.44453  0.296881
  2.35782  0.126812
 0.190539    1.6643
 0.518691   0.71309
  1.30477  0.983756
  2.17053   2.69752
 0.263175   2.67788
  2.09526   2.16466
 0.685879   2.92936
  1.92796   1.61495
  1.76204   1.65601
  2.72711    2.8276
 0.914805   1.34185
  1.78461    1.4636
  0.62397   1.02761
  0.86854  0.259014
  2.65381   2.59812
 0.244546   2.70027
 0.492321   1.28731
  2.72538   2.25132
  1.92626  0.725526
  1.63254   1.75866
   1.3306   2.97573
  2.97854  0.753563
  0.42312   1.21412
 0.564754   2.67425
 0.270674   2.27651
  2.07648  0.636241
 0.120996  0.713614
 0.550891  0.010038
  1.25854   2.08064
  2.22052   2.86942
  1.18588  0.311304
  1.99793   1.80771
  2.94712  0.264656
 0.612048   2.02634
  1.26266  0.486575
  2.21222   2.69505
  1.48238  0.707838
  1.60989   2.34654
   2.6608   2.54641
   1.6434   2.92732
 0.438337   2.61411
0.0928755  0.783428
   2.3804   1.16909
  2.76662   1.06338
  2.63983  0.951901
  2.34848   2.04549
  1.95628   1.66799
 0.946013    1.1902
 0.787297   1.43473
 0.444761  0.235712
 0.488165   2.41778
  1.26895   1.50378
  2.25238    1.1585
 0.754123   1.61013
 0.795883   2.31009
  1.87344   1.12625
   1.3046   1.54091
 0.779143   2.57452
  2.18143   2.52209
  2.47346   1.35915
  1.48155  0.326688
 0.721637   1.94608
  2.21493   2.25942
  2.75646   1.74911
  2.94664  0.810428
  2.06664   1.99309
  1.37725   2.69844
 0.541051   2.57654
  1.57524   1.25828
  2.84004    2.8144
  2.46053  0.143354
  2.45947   1.27805
  1.18248    2.1319
 0.473431   1.49718
  2.64018  0.701389
 0.253211  0.203835
  2.18116   2.12533
 0.666467   2.07619
 0.013535   2.34398
    1.112   2.87913
  1.71052   1.54361
  2.13603   2.03463
  1.23641  0.957447
0.0139506   1.31807
  2.62339   2.21632
  2.38312  0.416852
  1.51205   2.86967
  1.38287  0.918541
 0.759829  0.277334
  2.50294   1.67207
  1.04798   1.22897
   2.7908   2.25705
  1.99045   2.70405
  1.76588   1.77023
  0.88174  0.901979
 0.388695  0.357997
  2.28267   1.04438
 0.947294   1.52496
  1.34598   2.05721
  0.30098  0.550977
 0.787622  0.665001
  2.37594   1.83142
  2.07513   1.52229
  2.55392   2.61235
 0.515615    2.6222
 0.373192   1.45818
  2.90108  0.855955
  2.82965   2.49349
 0.661963   2.17077
  2.59373   1.29558
  2.73559  0.132682
  1.69815    2.1261
  1.40176   1.67667
  1.89545   1.49413
  1.65025    1.9986
 0.757016   1.09717
  1.65059   2.45688
 0.270127   2.91317
  1.57032  0.295232
  2.79089  0.482231
 0.169634   2.96761
 0.293759   2.86162
 0.811818  0.423908
  2.35232   1.98781
  2.78901   1.24722
  1.19715   1.06486
 0.206251   1.03594
 0.781426   1.18979
 0.677071   1.01615
  2.61913  0.914839
  0.73799  0.999779
 0.859823 0.0932154
  1.43228   2.70798
  2.50084    1.3969
  1.13293   2.70422
  1.95101   2.86541
0.0514019   2.59891
  1.75933   2.10147
 0.852493   2.58762
  1.08884   2.36115
0.0212773  0.150561
  1.84197    2.2292
 0.980301   2.88925
 0.827435   1.55938
  2.63622  0.549365
 0.672039   1.89286
  2.75209   1.23685
  2.16132   2.36206
  1.66713  0.704708
  1.06009   1.48399
  2.86733  0.971695
 0.127894    1.5736
 0.689372   2.15965
  2.77381   1.88594
  2.53299  0.366832
  2.72079  0.876903
  2.24152   2.89702
  2.51552  0.341994
  1.75425   1.07762
  1.84477   0.64625
 0.774195   2.89555
 0.858413 0.0738993
  2.90428   2.08571
  1.16963     1.013
  1.54422   1.71275
  2.29103    1.4426
 0.368433   1.92742
  1.17144   1.74734
  1.37957   1.49364
 0.424382   2.62939
  2.00827   2.95374
  2.67771   1.58904
 0.876767   1.28168
  1.35654  0.213078
  2.24449   1.93817
 0.714163   2.36158
   2.3284   1.33172
  1.42276 0.0814473
   2.6762   1.60893
  1.00193   1.57584
  1.49976    1.0465
   2.5818   2.58126
  2.40007  0.242227
  2.20494  0.207971
  2.45902   2.28612
  1.50079   1.31281
 0.402759    0.5309
   2.1197   1.28339
  2.96426   2.47575
 0.589475   2.37235
  1.57645  0.103788
 0.218382   1.31473
 0.851447   2.55918
  2.96842  0.529229
 0.793721  0.775867
 0.166872   1.53288
 0.389157  0.677198
0.0656429  0.968181
 0.664127   1.42347
  2.38373   1.55991
 0.339048  0.587413
  2.99108   1.67864
  2.17677   2.69822
  2.51377   2.47478
  1.23973  0.881554
 0.201527   1.94746
   2.9217   1.74816
  1.10914   2.54061
  2.42717  0.755648
  2.24466   1.20305
  2.88879   2.76508
  2.13237   2.30548
  2.39184  0.677478
0.0367644  0.459018
 0.995876    2.2639
  2.51525  0.553198
  2.93253   1.36067
  1.74313   1.59863
  1.46499 0.0344716
  1.60357   2.96947
  2.52698  0.588766
 0.271889  0.522209
  1.25497   1.37278
  1.59062   1.71264
  2.23482  0.700346
  2.63703   2.60987
 0.662682  0.699383
 0.984287  0.261649
 0.315804     1.075
   0.8982   1.85546
  2.38332   1.92338
 0.154208  0.497095
 0.709332   1.36698
 0.496415   1.44838
LINKS_SOURCE_DESTINATION_DISTANCE 1484
     0      1      1
     0      5      1
     0      9      1
     0     10      1
     0     13      1
     0     15      1
     0     16      1
     0     22      1
     0     31      1
     0     33      1
     0     48      1
     0     52      1
     0     59      1
     0     61      1
     0    107      1
     0    256      1
     1      0      1
     1      2      1
     1      3      1
     1      4      1
     1      8      1
     1     20      1
     1     31      1
     1     47      1
     1     54      1
     1    135      1
     1    146      1
     1    181      1
     1    198      1
     1    206      1
     1    239      1
     2      1      1
     2      4      1
     2      5      1
     2      6      1
     2      9      1
     2     10      1
     2     11      1
     2     17      1
     2     20      1
     2     34      1
     2     40      1
     2     51      1
     2    164      1
     2    176      1
     2    223      1
     3      1      1
     3      4      1
     3      6      1
     3      7      1
     3     14      1
     3    108      1
     3    165      1
     4      2      1
     4      1      1
     4      3      1
     4      5      1
     4      7      1
     4     10      1
     4     13      1
     4     16      1
     4     24      1
     4     25      1
     4     40      1
     4     57      1
     4     71      1
     4    108      1
     4    205      1
     4    281      1
     5      2      1
     5      4      1
     5      0      1
     5      6      1
     5      8      1
     5     11      1
     5     15      1
     5     48      1
     5     89      1
     5    118      1
     5    202      1
     5    227      1
     5    297      1
     6      2      1
     6      3      1
     6      5      1
     6      8      1
     6     19      1
     6     20      1
     6     23      1
     6     73      1
     6    124      1
     6    140      1
     7      3      1
     7      4      1
     7     11      1
     7     21      1
     7     22      1
     7     33      1
     7     35      1
     7     36      1
     7    173      1
     7    187      1
     7    238      1
     8      6      1
     8      1      1
     8      5      1
     8     12      1
     8     18      1
     8     29      1
     8     34      1
     8     46      1
     8     78      1
     8    197      1
     8    200      1
     9      0      1
     9      2      1
     9     12      1
     9     14      1
     9     27      1
     9     29      1
     9     34      1
     9     35      1
     9     99      1
     9    113      1
     9    114      1
     9    199      1
     9    215      1
    10      0      1
    10      4      1
    10      2      1
    10     16      1
    10     18      1
    10     31      1
    10     37      1
    10     44      1
    10     69      1
    10     86      1
    10    215      1
    10    255      1
    10    263      1
    11      2      1
    11      5      1
    11      7      1
    11     12      1
    11     19      1
    11     45      1
    11     52      1
    11     95      1
    12     11      1
    12      8      1
    12      9      1
    12     33      1
    12     45      1
    12     56      1
    12     92      1
    12    133      1
    13      4      1
    13      0      1
    13     21      1
    13     23      1
    13     32      1
    13     75      1
    13    169      1
    13    234      1
    14      3      1
    14      9      1
    14     21      1
    14     25      1
    14     59      1
    14     71      1
    14    186      1
    15      0      1
    15      5      1
    15     87      1
    15     90      1
    15    109      1
    15    141      1
    15    252      1
    16      4      1
    16      0      1
    16     10      1
    16     17      1
    16     27      1
    16     41      1
    16    118      1
    17      2      1
    17     16      1
    17     30      1
    17     36      1
    17     39      1
    17     57      1
    17     58      1
    17     67      1
    17     78      1
    17     82      1
    17    274      1
    18      8      1
    18     10      1
    18     38      1
    18     70      1
    18     72      1
    18    184      1
    18    242      1
    18    277      1
    19     11      1
    19      6      1
    19     22      1
    19     36      1
    19     43      1
    19     51      1
    19     57      1
    19     65      1
    19     87      1
    19    134      1
    19    219      1
    20      1      1
    20      6      1
    20      2      1
    20     26      1
    20     38      1
    20    131      1
    20    177      1
    21      7      1
    21     14      1
    21     13      1
    21     41      1
    21     54      1
    21     55      1
    21    124      1
    21    174      1
    21    180      1
    21    235      1
    22      0      1
    22      7      1
    22     19      1
    22     30      1
    22     53      1
    22     75      1
    22    128      1
    22    158      1
    22    189      1
    22    203      1
    23      6      1
    23     13      1
    23     24      1
    23     25      1
    23     26      1
    23     53      1
    23     68      1
    23     90      1
    23     95      1
    23    131      1
    23    134      1
    23    235      1
    24     23      1
    24      4      1
    24     28      1
    24     29      1
    24    100      1
    24    219      1
    25      4      1
    25     23      1
    25     14      1
    25     28      1
    25     32      1
    25     50      1
    25     75      1
    25     83      1
    25     86      1
    25    138      1
    25    180      1
    25    183      1
    25    194      1
    25    258      1
    26     23      1
    26     20      1
    26     30      1
    26     39      1
    26     47      1
    26     50      1
    26    160      1
    26    211      1
    26    281      1
    27      9      1
    27     16      1
    27     62      1
    27     63      1
    27    114      1
    27    142      1
    27    152      1
    27    153      1
    27    159      1
    27    185      1
    28     25      1
    28     24      1
    28     39      1
    28     55      1
    28    115      1
    28    165      1
    28    190      1
    29      9      1
    29      8      1
    29     24      1
    29    115      1
    30     22      1
    30     26      1
    30     17      1
    30     65      1
    30    106      1
    30    148      1
    30    149      1
    30    182      1
    30    236      1
    30    238      1
    30    254      1
    31     10      1
    31      0      1
    31      1      1
    31     41      1
    31     44      1
    31     55      1
    31     73      1
    31     77      1
    31    148      1
    31    260      1
    32     13      1
    32     25      1
    32     35      1
    32     42      1
    32    155      1
    32    236      1
    32    246      1
    33      7      1
    33     12      1
    33      0      1
    33     43      1
    33     50      1
    33    117      1
    33    122      1
    33    167      1
    34      2      1
    34      9      1
    34      8      1
    34     37      1
    34     42      1
    34     56      1
    34     98      1
    34    251      1
    35      7      1
    35     32      1
    35      9      1
    35     74      1
    35     79      1
    35    100      1
    35    196      1
    36      7      1
    36     17      1
    36     19      1
    36     56      1
    36     88      1
    36    152      1
    36    161      1
    36    168      1
    36    220      1
    36    243      1
    36    264      1
    36    297      1
    37     34      1
    37     10      1
    37     42      1
    37     62      1
    37     73      1
    37    119      1
    38     18      1
    38     20      1
    38     46      1
    38     82      1
    38    117      1
    38    126      1
    38    157      1
    39     28      1
    39     26      1
    39     17      1
    39     45      1
    39     58      1
    39     67      1
    39     96      1
    39    224      1
    40      4      1
    40      2      1
    40    103      1
    40    159      1
    41     31      1
    41     16      1
    41     21      1
    41     49      1
    41     66      1
    41    125      1
    41    157      1
    41    160      1
    42     34      1
    42     32      1
    42     37      1
    42    101      1
    42    197      1
    42    248      1
    43     19      1
    43     33      1
    43     46      1
    43     68      1
    43     71      1
    43    166      1
    43    167      1
    44     31      1
    44     10      1
    44     66      1
    44     92      1
    45     39      1
    45     12      1
    45     11      1
    45     49      1
    45     77      1
    45    116      1
    45    136      1
    45    178      1
    46     43      1
    46      8      1
    46     38      1
    46     60      1
    46     64      1
    46    121      1
    46    137      1
    46    148      1
    46    240      1
    46    289      1
    47     26      1
    47      1      1
    47     52      1
    47    130      1
    48      5      1
    48      0      1
    48     89      1
    48     91      1
    48    107      1
    48    112      1
    48    175      1
    48    233      1
    49     45      1
    49     41      1
    49     51      1
    49     91      1
    49     94      1
    49    120      1
    49    194      1
    49    239      1
    50     26      1
    50     33      1
    50     25      1
    50     60      1
    50     69      1
    50     87      1
    50    135      1
    50    138      1
    50    158      1
    50    241      1
    50    290      1
    51      2      1
    51     19      1
    51     49      1
    51     94      1
    51    202      1
    51    275      1
    52     11      1
    52      0      1
    52     47      1
    52     54      1
    52     64      1
    53     23      1
    53     22      1
    53     72      1
    54      1      1
    54     21      1
    54     52      1
    54     60      1
    54     67      1
    54     84      1
    54     92      1
    54    106      1
    54    116      1
    54    171      1
    54    228      1
    55     31      1
    55     28      1
    55     21      1
    55    105      1
    55    121      1
    55    186      1
    55    265      1
    56     36      1
    56     34      1
    56     12      1
    56     90      1
    56     93      1
    56     96      1
    56    102      1
    56    133      1
    56    136      1
    56    214      1
    57      4      1
    57     17      1
    57     19      1
    57     58      1
    57     61      1
    57     70      1
    57     74      1
    57     80      1
    57    110      1
    58     17      1
    58     39      1
    58     57      1
    58     94      1
    58    122      1
    58    151      1
    58    214      1
    58    292      1
    59     14      1
    59      0      1
    59     76      1
    59     84      1
    59    171      1
    60     46      1
    60     50      1
    60     54      1
    60     61      1
    60     62      1
    60     63      1
    60     86      1
    60    112      1
    60    170      1
    60    227      1
    60    290      1
    61     60      1
    61     57      1
    61      0      1
    61     80      1
    61    266      1
    62     60      1
    62     27      1
    62     37      1
    62    242      1
    63     27      1
    63     60      1
    63    110      1
    63    130      1
    63    294      1
    64     52      1
    64     46      1
    64    133      1
    64    149      1
    64    172      1
    64    199      1
    65     19      1
    65     30      1
    65     98      1
    65    153      1
    65    168      1
    65    234      1
    65    272      1
    66     44      1
    66     41      1
    66     69      1
    66     76      1
    66     83      1
    66    119      1
    66    163      1
    67     39      1
    67     17      1
    67     54      1
    67     81      1
    67     85      1
    67    186      1
    68     43      1
    68     23      1
    68     81      1
    68    101      1
    68    107      1
    68    135      1
    68    189      1
    69     50      1
    69     10      1
    69     66      1
    69     88      1
    69     99      1
    69    120      1
    70     18      1
    70     57      1
    70    141      1
    70    167      1
    71     14      1
    71     43      1
    71      4      1
    71     79      1
    71    191      1
    71    252      1
    71    262      1
    72     18      1
    72     53      1
    72     81      1
    72     93      1
    72    134      1
    72    201      1
    73     31      1
    73     37      1
    73      6      1
    73    156      1
    73    258      1
    74     57      1
    74     35      1
    74     96      1
    74    105      1
    74    140      1
    74    154      1
    75     25      1
    75     22      1
    75     13      1
    75     85      1
    75     95      1
    75    227      1
    76     66      1
    76     59      1
    76    163      1
    76    176      1
    77     31      1
    77     45      1
    77    129      1
    77    230      1
    78      8      1
    78     17      1
    78    204      1
    78    296      1
    79     71      1
    79     35      1
    79     88      1
    79    201      1
    79    206      1
    79    292      1
    80     57      1
    80     61      1
    80    102      1
    81     68      1
    81     67      1
    81     72      1
    81     99      1
    81    114      1
    81    123      1
    81    261      1
    82     38      1
    82     17      1
    82     97      1
    82    139      1
    82    226      1
    82    228      1
    82    289      1
    83     25      1
    83     66      1
    83    103      1
    83    112      1
    83    125      1
    83    199      1
    83    208      1
    84     59      1
    84     54      1
    84    111      1
    84    113      1
    84    142      1
    84    229      1
    85     75      1
    85     67      1
    85    102      1
    85    103      1
    85    110      1
    85    154      1
    85    162      1
    85    192      1
    85    206      1
    85    210      1
    86     10      1
    86     25      1
    86     60      1
    86    275      1
    86    289      1
    87     15      1
    87     19      1
    87     50      1
    87    132      1
    88     69      1
    88     79      1
    88     36      1
    88     97      1
    88    218      1
    88    286      1
    89     48      1
    89      5      1
    89     97      1
    89    188      1
    89    236      1
    90     56      1
    90     23      1
    90     15      1
    90    104      1
    90    106      1
    90    127      1
    90    144      1
    90    202      1
    90    280      1
    91     49      1
    91     48      1
    91    123      1
    91    168      1
    91    174      1
    92     54      1
    92     44      1
    92     12      1
    92    143      1
    93     56      1
    93     72      1
    93    108      1
    93    132      1
    94     49      1
    94     51      1
    94     58      1
    94    144      1
    94    169      1
    94    195      1
    95     11      1
    95     75      1
    95     23      1
    96     74      1
    96     39      1
    96     56      1
    96    172      1
    97     89      1
    97     88      1
    97     82      1
    97    104      1
    97    105      1
    97    150      1
    97    154      1
    97    209      1
    97    255      1
    98     34      1
    98     65      1
    98    116      1
    98    124      1
    98    197      1
    98    259      1
    99      9      1
    99     69      1
    99     81      1
    99    230      1
    99    244      1
    99    250      1
    99    251      1
    99    270      1
   100     24      1
   100     35      1
   100    109      1
   100    274      1
   100    291      1
   101     68      1
   101     42      1
   101    217      1
   102     85      1
   102     56      1
   102     80      1
   102    143      1
   103     83      1
   103     40      1
   103     85      1
   103    223      1
   103    231      1
   104     97      1
   104     90      1
   104    125      1
   104    126      1
   104    173      1
   104    212      1
   105     74      1
   105     97      1
   105     55      1
   105    192      1
   105    229      1
   105    284      1
   106     90      1
   106     30      1
   106     54      1
   106    111      1
   106    131      1
   106    182      1
   106    253      1
   106    274      1
   107     48      1
   107      0      1
   107     68      1
   107    169      1
   107    220      1
   107    268      1
   108      3      1
   108     93      1
   108      4      1
   108    113      1
   108    155      1
   108    161      1
   109     15      1
   109    100      1
   109    203      1
   109    295      1
   110     85      1
   110     63      1
   110     57      1
   111    106      1
   111     84      1
   111    174      1
   111    269      1
   112     48      1
   112     83      1
   112     60      1
   112    126      1
   112    138      1
   112    262      1
   113      9      1
   113    108      1
   113     84      1
   113    187      1
   113    238      1
   113    281      1
   114     81      1
   114      9      1
   114     27      1
   114    149      1
   115     29      1
   115     28      1
   115    200      1
   115    249      1
   116     45      1
   116     54      1
   116     98      1
   116    175      1
   116    190      1
   117     33      1
   117     38      1
   117    143      1
   117    150      1
   117    298      1
   118     16      1
   118      5      1
   118    160      1
   118    192      1
   118    237      1
   119     66      1
   119     37      1
   119    121      1
   119    128      1
   119    180      1
   119    241      1
   120     49      1
   120     69      1
   120    220      1
   121     46      1
   121    119      1
   121     55      1
   121    205      1
   122     33      1
   122     58      1
   122    129      1
   123     91      1
   123     81      1
   123    181      1
   123    272      1
   123    290      1
   124     21      1
   124     98      1
   124      6      1
   124    217      1
   124    247      1
   124    259      1
   125    104      1
   125     41      1
   125     83      1
   125    127      1
   125    216      1
   126     38      1
   126    104      1
   126    112      1
   127    125      1
   127     90      1
   127    223      1
   127    229      1
   128     22      1
   128    119      1
   128    166      1
   128    216      1
   129     77      1
   129    122      1
   129    211      1
   130     63      1
   130     47      1
   130    145      1
   130    222      1
   131     20      1
   131     23      1
   131    106      1
   131    139      1
   132     87      1
   132     93      1
   132    145      1
   132    147      1
   132    191      1
   133     12      1
   133     64      1
   133     56      1
   133    137      1
   133    146      1
   133    162      1
   133    185      1
   133    219      1
   134     19      1
   134     72      1
   134     23      1
   134    147      1
   134    210      1
   134    221      1
   134    246      1
   134    280      1
   135      1      1
   135     68      1
   135     50      1
   135    171      1
   135    200      1
   136     56      1
   136     45      1
   136    225      1
   136    247      1
   136    275      1
   137    133      1
   137     46      1
   137    193      1
   138    112      1
   138     25      1
   138     50      1
   138    282      1
   139     82      1
   139    131      1
   139    144      1
   139    264      1
   139    278      1
   139    279      1
   140      6      1
   140     74      1
   140    146      1
   140    157      1
   140    179      1
   140    271      1
   140    273      1
   141     70      1
   141     15      1
   141    226      1
   142     84      1
   142     27      1
   142    183      1
   142    237      1
   143    102      1
   143    117      1
   143     92      1
   143    151      1
   144    139      1
   144     94      1
   144     90      1
   144    291      1
   145    132      1
   145    130      1
   145    285      1
   145    299      1
   146    140      1
   146    133      1
   146      1      1
   146    187      1
   146    228      1
   146    254      1
   147    134      1
   147    132      1
   147    213      1
   147    233      1
   148     31      1
   148     46      1
   148     30      1
   148    204      1
   148    287      1
   149    114      1
   149     64      1
   149     30      1
   149    150      1
   149    156      1
   149    177      1
   149    283      1
   149    284      1
   150     97      1
   150    117      1
   150    149      1
   150    190      1
   151    143      1
   151     58      1
   151    262      1
   151    263      1
   151    286      1
   152     27      1
   152     36      1
   152    268      1
   153     27      1
   153     65      1
   153    161      1
   153    163      1
   154     85      1
   154     97      1
   154     74      1
   154    193      1
   154    196      1
   154    232      1
   155     32      1
   155    108      1
   155    292      1
   155    293      1
   156    149      1
   156     73      1
   156    287      1
   157     41      1
   157     38      1
   157    140      1
   158     50      1
   158     22      1
   158    166      1
   158    184      1
   158    298      1
   159     27      1
   159     40      1
   159    164      1
   159    170      1
   159    188      1
   159    218      1
   159    232      1
   159    253      1
   160     41      1
   160    118      1
   160     26      1
   160    222      1
   160    245      1
   161     36      1
   161    153      1
   161    108      1
   161    178      1
   161    182      1
   161    196      1
   162    133      1
   162     85      1
   162    179      1
   163     66      1
   163     76      1
   163    153      1
   163    176      1
   164    159      1
   164      2      1
   165     28      1
   165      3      1
   165    245      1
   166    128      1
   166    158      1
   166     43      1
   167     33      1
   167     70      1
   167     43      1
   167    201      1
   167    260      1
   167    284      1
   168     91      1
   168     36      1
   168     65      1
   168    267      1
   168    271      1
   169     13      1
   169    107      1
   169     94      1
   169    221      1
   170    159      1
   170     60      1
   171     54      1
   171     59      1
   171    135      1
   171    207      1
   171    225      1
   172     64      1
   172     96      1
   172    252      1
   173    104      1
   173      7      1
   173    193      1
   174    111      1
   174     21      1
   174     91      1
   174    243      1
   175    116      1
   175     48      1
   176     76      1
   176      2      1
   176    163      1
   176    212      1
   176    265      1
   177    149      1
   177     20      1
   177    218      1
   178    161      1
   178     45      1
   179    140      1
   179    162      1
   180     25      1
   180    119      1
   180     21      1
   180    224      1
   181      1      1
   181    123      1
   182    161      1
   182    106      1
   182     30      1
   182    248      1
   183    142      1
   183     25      1
   183    195      1
   183    269      1
   184     18      1
   184    158      1
   184    214      1
   184    244      1
   185     27      1
   185    133      1
   186     67      1
   186     14      1
   186     55      1
   186    257      1
   187    146      1
   187      7      1
   187    113      1
   187    269      1
   188     89      1
   188    159      1
   188    210      1
   189     68      1
   189     22      1
   190    150      1
   190     28      1
   190    116      1
   191     71      1
   191    132      1
   192     85      1
   192    118      1
   192    105      1
   192    203      1
   192    240      1
   193    154      1
   193    173      1
   193    137      1
   193    198      1
   193    241      1
   194     25      1
   194     49      1
   194    235      1
   195     94      1
   195    183      1
   196    154      1
   196    161      1
   196     35      1
   196    207      1
   196    211      1
   197     98      1
   197      8      1
   197     42      1
   198      1      1
   198    193      1
   199     83      1
   199      9      1
   199     64      1
   200    115      1
   200    135      1
   200      8      1
   201     72      1
   201    167      1
   201     79      1
   202     51      1
   202     90      1
   202      5      1
   202    244      1
   202    248      1
   202    279      1
   203    192      1
   203    109      1
   203     22      1
   203    208      1
   204    148      1
   204     78      1
   204    213      1
   205    121      1
   205      4      1
   206     79      1
   206     85      1
   206      1      1
   207    196      1
   207    171      1
   207    209      1
   207    249      1
   208     83      1
   208    203      1
   209    207      1
   209     97      1
   209    231      1
   209    273      1
   210     85      1
   210    134      1
   210    188      1
   211    196      1
   211     26      1
   211    129      1
   212    176      1
   212    104      1
   213    204      1
   213    147      1
   214     58      1
   214     56      1
   214    184      1
   214    276      1
   214    282      1
   214    288      1
   215     10      1
   215      9      1
   215    253      1
   216    125      1
   216    128      1
   217    101      1
   217    124      1
   218    177      1
   218     88      1
   218    159      1
   219    133      1
   219     24      1
   219     19      1
   219    276      1
   220    107      1
   220    120      1
   220     36      1
   220    265      1
   221    169      1
   221    134      1
   221    224      1
   222    130      1
   222    160      1
   222    240      1
   223    127      1
   223      2      1
   223    103      1
   223    242      1
   224     39      1
   224    180      1
   224    221      1
   224    273      1
   225    171      1
   225    136      1
   226    141      1
   226     82      1
   227      5      1
   227     75      1
   227     60      1
   227    256      1
   227    297      1
   228    146      1
   228     82      1
   228     54      1
   228    230      1
   229    105      1
   229    127      1
   229     84      1
   229    278      1
   230     99      1
   230     77      1
   230    228      1
   231    209      1
   231    103      1
   232    154      1
   232    159      1
   232    293      1
   233     48      1
   233    147      1
   234     13      1
   234     65      1
   234    260      1
   235    194      1
   235     23      1
   235     21      1
   235    266      1
   236     30      1
   236     89      1
   236     32      1
   236    243      1
   237    142      1
   237    118      1
   237    276      1
   238     30      1
   238      7      1
   238    113      1
   239      1      1
   239     49      1
   239    270      1
   240     46      1
   240    192      1
   240    222      1
   240    250      1
   240    277      1
   241    119      1
   241     50      1
   241    193      1
   242    223      1
   242     62      1
   242     18      1
   243     36      1
   243    236      1
   243    174      1
   244    202      1
   244    184      1
   244     99      1
   244    261      1
   244    282      1
   245    160      1
   245    165      1
   245    247      1
   246     32      1
   246    134      1
   247    136      1
   247    124      1
   247    245      1
   247    257      1
   248     42      1
   248    182      1
   248    202      1
   249    115      1
   249    207      1
   250    240      1
   250     99      1
   250    285      1
   251     34      1
   251     99      1
   251    270      1
   252     15      1
   252    172      1
   252     71      1
   253    215      1
   253    106      1
   253    159      1
   254     30      1
   254    146      1
   254    288      1
   255     10      1
   255     97      1
   256    227      1
   256      0      1
   257    186      1
   257    247      1
   258     25      1
   258     73      1
   259     98      1
   259    124      1
   260    167      1
   260     31      1
   260    234      1
   261     81      1
   261    244      1
   262    112      1
   262     71      1
   262    151      1
   262    267      1
   263    151      1
   263     10      1
   264    139      1
   264     36      1
   264    267      1
   265    220      1
   265    176      1
   265     55      1
   265    283      1
   266     61      1
   266    235      1
   267    168      1
   267    264      1
   267    262      1
   268    152      1
   268    107      1
   268    291      1
   269    187      1
   269    183      1
   269    111      1
   270     99      1
   270    239      1
   270    251      1
   270    295      1
   271    168      1
   271    140      1
   272    123      1
   272     65      1
   273    209      1
   273    140      1
   273    224      1
   274    106      1
   274     17      1
   274    100      1
   275     51      1
   275     86      1
   275    136      1
   275    286      1
   276    237      1
   276    214      1
   276    219      1
   277     18      1
   277    240      1
   278    229      1
   278    139      1
   279    139      1
   279    202      1
   280    134      1
   280     90      1
   281    113      1
   281      4      1
   281     26      1
   282    244      1
   282    138      1
   282    214      1
   282    299      1
   283    149      1
   283    265      1
   284    149      1
   284    105      1
   284    167      1
   284    296      1
   285    145      1
   285    250      1
   286    275      1
   286     88      1
   286    151      1
   287    156      1
   287    148      1
   288    214      1
   288    254      1
   289     46      1
   289     86      1
   289     82      1
   290     50      1
   290    123      1
   290     60      1
   291    144      1
   291    100      1
   291    268      1
   292    155      1
   292     79      1
   292     58      1
   293    155      1
   293    232      1
   293    294      1
   294     63      1
   294    293      1
   295    270      1
   295    109      1
   296    284      1
   296     78      1
   297     36      1
   297    227      1
   297      5      1
   298    158      1
   298    117      1
   299    145      1
   299    282      1
