COORD_X_Y 300
  2.24153   1.33592
  1.66615  0.084565
0.0516692  0.461146
 0.391559  0.272977
  2.97683   1.68982
 0.927088   1.22696
  1.32422   2.08609
  2.01021   2.74418
0.0751736   1.89437
  2.87945   1.50497
  1.69107 0.0961493
 0.185164   2.42982
  2.75747 0.00556157
  0.13534   2.57942
 0.217755  0.342907
 0.545318    2.4797
  1.16719   2.36181
 0.353013   2.97775
   2.8329   1.12671
  0.44303   0.18006
  2.67617   2.88506
  1.41814   2.27107
  2.12999   2.86386
 0.701069    2.2958
 0.717637   1.91489
   1.5244   2.11473
 0.966552  0.375365
  1.79797   1.61009
  2.74105  0.285657
  1.95963   0.79508
 0.170711   1.76494
   2.0025  0.740036
  1.71836   2.79078
  1.54758   1.60007
  2.14695   1.92371
  1.53086   2.41907
  2.02894   2.43109
 0.261457    2.0782
 0.885108   2.30395
  1.90388   0.60774
  2.69891   1.86501
  1.30404   2.76062
  2.44051   2.39592
  1.21812  0.243272
  2.51971   2.23564
 0.900534   1.21334
  1.15699   2.67325
 0.561271  0.683117
  2.67951   2.50667
  1.01321  0.434543
 0.951617  0.425083
 0.645449   2.41681
 0.342719  0.946334
   2.9663 0.0288952
  2.67696   1.18415
  1.98313  0.498414
   0.4154  0.646195
 0.272375   1.88232
   1.9112   1.39373
  2.97576   2.72181
  2.46299   2.56173
 0.827817   1.55257
  2.29277  0.743007
    2.604   1.93855
  2.24651     1.448
  2.66548   1.74288
  2.63773  0.133324
 0.947144   2.93196
  1.52328   1.83942
0.0843188   2.85587
  2.12871   2.65299
   1.8403    2.7521
 0.176274   2.60569
  1.53042   2.41843
  2.48517   2.78163
 0.406886   1.84245
  1.20729   1.28126
 0.073851  0.668695
  1.73601   2.93526
  1.91322   2.66311
  0.88746  0.931242
  1.61737   2.58603
  2.90142   1.53486
0.0812568  0.238471
  1.05917   2.58015
 0.656857  0.335583
  0.57053   2.96917
  2.95821   1.57324
  1.90109   1.26355
  1.85415  0.621003
  2.21724 0.0638782
 0.533169   2.58704
 0.822078   2.72537
  2.41604    2.8718
  2.33179   2.47032
  2.47326   2.13567
  1.54804  0.892808
  1.24879   2.15776
 0.669673   1.76453
  1.52398   1.79518
 0.518762     2.825
 0.581498   2.92137
 0.537766   1.20329
  1.43524   2.38537
  2.73817   2.38546
  1.79199   2.45299
 0.764856    1.6645
  1.56909    1.6349
 0.980237  0.022653
  1.15669   1.47503
 0.335711   2.70548
  1.01728   1.75423
  1.36903   1.74241
  2.68292   0.62268
  1.41292   1.73661
  1.74687 0.0698671
  2.83141   2.28884
  1.03654   1.68257
  2.44219   1.14321
   2.4789  0.214909
  2.03714   1.00895
 0.152722   2.16783
 0.918812   2.54766
  2.27595   1.39279
  1.71005 0.0954727
 0.445503  0.118847
  1.16609  0.347152
 0.159495  0.492916
 0.519379  0.916685
  2.13349   1.23775
  2.98895  0.717988
  2.40294   2.37227
 0.792413   2.85958
  2.24578   1.12561
  1.24048 0.0568564
0.0348193  0.596605
  2.05164  0.226299
   1.5978   2.23743
  1.24946   2.85166
   1.0662   2.76538
  2.69168   2.09653
 0.603383  0.349331
 0.694895   1.24384
  1.95596  0.283913
 0.353733  0.192724
  1.97426   1.53829
 0.385579   2.87611
 0.613876   1.31039
  1.26644   2.24301
 0.629062   1.71369
  2.99853   2.05367
  2.79797   1.96209
 0.847797   2.10324
 0.584969   2.04577
  2.03147   1.42233
  1.56336  0.950898
  2.13965   2.69963
  1.78626   2.09267
  2.37085   1.73928
 0.483923   2.32052
  2.85618  0.153775
  1.06529  0.411693
  2.12142    1.7421
  1.56674   1.51458
 0.886909    2.4751
  1.62753  0.457953
   2.7141  0.167202
   1.8986   1.52975
  2.91149   2.19592
  2.88307   2.07353
  1.44163   1.68926
 0.508626   2.71477
  2.41805 0.0687013
  1.75763   2.04397
 0.723887   1.66976
 0.698898  0.377259
  2.88303   1.58716
 0.180793   1.77058
  2.47632  0.630802
 0.663687   1.38048
 0.535431   1.12733
  2.97584  0.764794
 0.382469   2.32221
 0.634066   2.69175
  1.27264  0.283198
 0.939601   2.07586
  2.51363   1.40086
0.0522313  0.259054
  1.23052   1.88072
  2.55768  0.906079
  2.08007   1.02151
  2.92775   2.23124
 0.992178  0.653833
  2.56821    1.3477
 0.436361  0.259152
   2.5299  0.076254
  2.90459   1.96678
 0.602492  0.402415
  2.10114    2.3967
  1.13719   1.22929
 0.142371   2.06115
  2.61282   2.79243
  1.15741   2.53777
  1.56978   1.44773
    2.571   2.93664
 0.287367   1.85606
  2.76298  0.417406
   1.8807 0.0295484
  2.52982   2.73366
  2.49955   2.19182
 0.577657   2.34426
  2.34362   1.62181
   1.2065   2.08812
 0.897499  0.882375
  2.19694   2.56066
 0.946478    2.1007
   2.6809   2.61894
  2.36044  0.837407
  1.54036 0.0855375
 0.973657  0.798599
 0.265795  0.674018
  1.83089   2.82377
  2.85617  0.105467
  1.97463  0.278953
  1.04053   1.83599
  1.70865   2.33907
  2.85507  0.132985
  2.13195 0.00887686
 0.818302   2.56104
  1.23929   2.67703
 0.769249   1.89812
 0.988665   1.39942
  2.07496  0.430167
  1.90881 0.0326261
  1.19384    1.5926
   2.0972   2.72354
 0.284372  0.564695
   2.6694  0.619125
  2.02422  0.182536
  1.69431   1.04208
 0.817373   1.55289
  0.24148  0.490062
  1.75113   2.76111
  2.68414   1.76382
  0.76924   2.49217
 0.570241  0.877295
 0.628538   0.60734
  2.64179  0.092125
  2.12166  0.185348
  2.23054   1.79846
  1.75807   2.82999
  2.04423  0.410721
  1.92233   2.25211
  2.01419   1.08703
  2.18924   1.96558
  2.34379  0.290193
 0.702718   1.82859
 0.150952   1.91492
  2.18663  0.351236
 0.338721   2.04433
  2.66485   1.75362
 0.425849   1.32176
 0.535023   2.44612
 0.345041   1.34426
 0.211853   2.98101
 0.799907   2.27183
 0.640838  0.217396
  1.38502   2.24061
 0.558166   2.72891
  0.83489    2.5991
 0.338016  0.248723
 0.781532   2.73082
  2.76584   1.35619
  0.60776   2.55228
  1.25109   1.22816
   2.0314   2.68598
    2.463   2.57358
  2.46557  0.667806
 0.217906   2.48664
 0.509513  0.992824
  2.92929   1.84109
  1.97704  0.785646
  2.16305   2.86424
  2.48257   1.78402
  1.96512   2.24347
  2.53028   2.23427
   1.8278   1.74763
 0.938377   2.61266
  1.08947   2.40472
 0.847131   2.29463
  1.20416   1.20463
  2.70908  0.632306
  2.34625   2.10488
  1.78704   1.62472
0.0600716  0.952161
   2.1128  0.866115
0.0185833   1.26876
  1.46119   2.87589
  2.72225  0.352088
  2.06917   1.10553
LINKS_SOURCE_DESTINATION_DISTANCE 1478
     0      1      1
     0      2      1
     0      4      1
     0      7      1
     0      8      1
     0      9      1
     0     11      1
     0     28      1
     0     46      1
     0    225      1
     0    251      1
     0    298      1
     1      0      1
     1      3      1
     1      4      1
     1      6      1
     1      8      1
     1     11      1
     1     19      1
     1     25      1
     1     26      1
     1     27      1
     1     46      1
     1     82      1
     1    207      1
     2      0      1
     2      5      1
     2     13      1
     2     17      1
     2     34      1
     2     47      1
     2     52      1
     2     59      1
     2     64      1
     2    275      1
     2    278      1
     3      1      1
     3      5      1
     3      8      1
     3     18      1
     3     21      1
     3     29      1
     3     61      1
     3    244      1
     4      0      1
     4      1      1
     4      5      1
     4      6      1
     4     10      1
     4     12      1
     4     33      1
     4     34      1
     4     40      1
     4     68      1
     4    107      1
     4    134      1
     4    181      1
     4    216      1
     5      4      1
     5      3      1
     5      2      1
     5      9      1
     5     20      1
     5     38      1
     5    167      1
     5    168      1
     5    267      1
     6      1      1
     6      4      1
     6      7      1
     6     15      1
     6     16      1
     6     24      1
     6     37      1
     6     51      1
     6     54      1
     6     57      1
     6     81      1
     6    126      1
     6    170      1
     6    211      1
     7      6      1
     7      0      1
     7     12      1
     7     13      1
     7     29      1
     7     38      1
     7     84      1
     7    101      1
     7    147      1
     7    154      1
     7    179      1
     7    218      1
     7    242      1
     7    285      1
     7    297      1
     8      0      1
     8      3      1
     8      1      1
     8      9      1
     8     16      1
     8     26      1
     8     31      1
     8     44      1
     8     59      1
     8     70      1
     8     93      1
     8    137      1
     9      5      1
     9      8      1
     9      0      1
     9     10      1
     9     12      1
     9     13      1
     9     14      1
     9     16      1
     9     50      1
     9     86      1
     9     95      1
     9    124      1
     9    142      1
     9    204      1
     9    241      1
     9    244      1
    10      9      1
    10      4      1
    10     20      1
    10     32      1
    10     35      1
    10     56      1
    10     60      1
    10     74      1
    10     79      1
    10    111      1
    10    113      1
    10    145      1
    10    198      1
    10    200      1
    11      0      1
    11      1      1
    11     27      1
    11     30      1
    11     37      1
    11     57      1
    11     62      1
    11     80      1
    11     87      1
    11     91      1
    11    213      1
    12      7      1
    12      4      1
    12      9      1
    12     18      1
    12     30      1
    12     31      1
    12     40      1
    12     44      1
    12     67      1
    12    123      1
    12    236      1
    13      2      1
    13      9      1
    13      7      1
    13     14      1
    13     15      1
    13     17      1
    13     19      1
    13     20      1
    13     23      1
    13     41      1
    13     48      1
    13    129      1
    13    148      1
    13    188      1
    13    225      1
    13    237      1
    14     13      1
    14      9      1
    14     41      1
    14     45      1
    14     47      1
    14     51      1
    14     53      1
    14     70      1
    14     82      1
    14     92      1
    14    114      1
    14    125      1
    14    176      1
    14    221      1
    14    265      1
    15      6      1
    15     13      1
    15     42      1
    15     43      1
    15     47      1
    15    165      1
    15    194      1
    16      6      1
    16      8      1
    16      9      1
    16     21      1
    16     23      1
    16     24      1
    16     36      1
    16     58      1
    16    180      1
    17      2      1
    17     13      1
    17     22      1
    17     50      1
    17     55      1
    17     65      1
    17     67      1
    17     97      1
    17    167      1
    17    229      1
    17    294      1
    18      3      1
    18     12      1
    18     39      1
    18     51      1
    18     70      1
    18     95      1
    18    121      1
    18    149      1
    18    174      1
    18    192      1
    18    234      1
    18    257      1
    19      1      1
    19     13      1
    19     22      1
    19     25      1
    19     26      1
    19     28      1
    19     32      1
    19     43      1
    19     55      1
    19     85      1
    19    116      1
    19    128      1
    19    140      1
    19    197      1
    19    280      1
    19    290      1
    20     10      1
    20     13      1
    20      5      1
    20     36      1
    20     83      1
    20    101      1
    20    105      1
    20    115      1
    20    150      1
    21      3      1
    21     16      1
    21    114      1
    22     19      1
    22     17      1
    22     31      1
    22     72      1
    22    128      1
    23     16      1
    23     13      1
    23     24      1
    23     28      1
    23     50      1
    23    108      1
    23    144      1
    23    182      1
    24     16      1
    24     23      1
    24      6      1
    24     44      1
    24     65      1
    24    106      1
    24    107      1
    25     19      1
    25      1      1
    25     29      1
    25     36      1
    25     42      1
    25     64      1
    25    100      1
    25    110      1
    25    112      1
    25    156      1
    25    242      1
    26      8      1
    26     19      1
    26      1      1
    26     48      1
    26     49      1
    26     71      1
    26    157      1
    27     11      1
    27      1      1
    27     58      1
    27     60      1
    27     78      1
    27    108      1
    27    120      1
    27    145      1
    28     19      1
    28      0      1
    28     23      1
    28    130      1
    28    189      1
    28    191      1
    28    219      1
    29     25      1
    29      3      1
    29      7      1
    29     33      1
    29    119      1
    29    157      1
    29    165      1
    29    185      1
    30     12      1
    30     11      1
    30     35      1
    30     49      1
    30     53      1
    30     56      1
    30     57      1
    30     59      1
    30    172      1
    31     22      1
    31      8      1
    31     12      1
    31     34      1
    31     35      1
    31     45      1
    31     68      1
    31    107      1
    31    203      1
    31    228      1
    32     19      1
    32     10      1
    32     52      1
    32     71      1
    32     72      1
    32    100      1
    32    102      1
    32    122      1
    32    161      1
    32    166      1
    32    268      1
    32    270      1
    32    276      1
    32    298      1
    33     29      1
    33      4      1
    33     39      1
    33     66      1
    33     69      1
    33    138      1
    33    176      1
    33    184      1
    34     31      1
    34      4      1
    34      2      1
    34     37      1
    34     63      1
    34     86      1
    34    204      1
    34    255      1
    34    267      1
    35     31      1
    35     30      1
    35     10      1
    35     63      1
    35     74      1
    35     90      1
    35    164      1
    35    263      1
    35    273      1
    36     20      1
    36     25      1
    36     16      1
    36    187      1
    36    248      1
    36    281      1
    37     34      1
    37      6      1
    37     11      1
    37     38      1
    37     46      1
    37    151      1
    37    190      1
    38      7      1
    38      5      1
    38     37      1
    38     45      1
    38     49      1
    38     96      1
    38    127      1
    38    162      1
    38    180      1
    39     33      1
    39     18      1
    39    105      1
    39    284      1
    40     12      1
    40      4      1
    40     66      1
    40     73      1
    40    177      1
    40    193      1
    41     14      1
    41     13      1
    41     56      1
    41     77      1
    41     79      1
    41    139      1
    41    162      1
    41    254      1
    41    271      1
    42     25      1
    42     15      1
    42    132      1
    42    198      1
    42    259      1
    43     19      1
    43     15      1
    43     54      1
    43     62      1
    43     76      1
    43     86      1
    43    129      1
    43    138      1
    43    155      1
    43    193      1
    43    210      1
    43    211      1
    43    214      1
    43    278      1
    44      8      1
    44     12      1
    44     24      1
    44     89      1
    44     93      1
    44    205      1
    45     14      1
    45     31      1
    45     38      1
    45     94      1
    45    136      1
    45    231      1
    46     37      1
    46      0      1
    46      1      1
    46     63      1
    46     71      1
    46    189      1
    47     14      1
    47      2      1
    47     15      1
    47    112      1
    47    121      1
    47    163      1
    47    208      1
    47    252      1
    47    255      1
    48     26      1
    48     13      1
    48     78      1
    49     30      1
    49     26      1
    49     38      1
    49    127      1
    49    161      1
    49    177      1
    50     23      1
    50      9      1
    50     17      1
    50    134      1
    50    166      1
    50    168      1
    50    229      1
    51     14      1
    51      6      1
    51     18      1
    51     88      1
    51    122      1
    52     32      1
    52      2      1
    52     64      1
    52    171      1
    53     14      1
    53     30      1
    53    174      1
    54      6      1
    54     43      1
    54    153      1
    54    254      1
    55     19      1
    55     17      1
    55     76      1
    55     81      1
    55     85      1
    55    101      1
    55    110      1
    55    146      1
    56     30      1
    56     41      1
    56     10      1
    56    155      1
    57     11      1
    57      6      1
    57     30      1
    57     95      1
    57    232      1
    57    274      1
    58     16      1
    58     27      1
    58     61      1
    58     75      1
    58     76      1
    58     96      1
    58    135      1
    58    238      1
    58    239      1
    59      2      1
    59      8      1
    59     30      1
    59     98      1
    59    133      1
    60     10      1
    60     27      1
    60     69      1
    60     72      1
    60     88      1
    60    211      1
    61     58      1
    61      3      1
    61     90      1
    61    139      1
    61    190      1
    61    269      1
    61    278      1
    62     43      1
    62     11      1
    62     77      1
    62    111      1
    62    170      1
    62    233      1
    63     46      1
    63     35      1
    63     34      1
    63     82      1
    63     98      1
    63     99      1
    63    175      1
    63    221      1
    63    235      1
    64     52      1
    64     25      1
    64      2      1
    64     85      1
    64    156      1
    64    205      1
    65     24      1
    65     17      1
    65     92      1
    65    117      1
    65    137      1
    65    206      1
    66     40      1
    66     33      1
    66    126      1
    66    299      1
    67     12      1
    67     17      1
    67     80      1
    67    161      1
    67    281      1
    68      4      1
    68     31      1
    68    104      1
    68    115      1
    68    120      1
    69     60      1
    69     33      1
    69     91      1
    70     14      1
    70      8      1
    70     18      1
    70     89      1
    71     32      1
    71     46      1
    71     26      1
    71    237      1
    72     32      1
    72     22      1
    72     60      1
    72     73      1
    72     77      1
    72    133      1
    72    143      1
    72    158      1
    72    178      1
    72    202      1
    72    272      1
    73     40      1
    73     72      1
    73     75      1
    73    118      1
    73    125      1
    74     10      1
    74     35      1
    74     84      1
    74     87      1
    74     89      1
    74    274      1
    75     58      1
    75     73      1
    75     80      1
    75     94      1
    75    109      1
    75    149      1
    75    158      1
    75    183      1
    75    227      1
    76     55      1
    76     58      1
    76     43      1
    76     99      1
    76    117      1
    76    215      1
    76    247      1
    77     62      1
    77     72      1
    77     41      1
    77    127      1
    77    159      1
    77    167      1
    78     27      1
    78     48      1
    78    100      1
    78    118      1
    79     41      1
    79     10      1
    79    124      1
    79    258      1
    80     75      1
    80     11      1
    80     67      1
    80     83      1
    80    124      1
    81      6      1
    81     55      1
    81     87      1
    81     91      1
    81    183      1
    81    230      1
    81    255      1
    82     14      1
    82      1      1
    82     63      1
    82    123      1
    82    191      1
    82    195      1
    82    208      1
    82    298      1
    83     20      1
    83     80      1
    83    136      1
    84     74      1
    84      7      1
    84    109      1
    84    236      1
    85     55      1
    85     19      1
    85     64      1
    85    132      1
    85    171      1
    86     43      1
    86      9      1
    86     34      1
    86    148      1
    86    214      1
    86    226      1
    86    259      1
    87     74      1
    87     81      1
    87     11      1
    87    153      1
    87    160      1
    87    282      1
    88     60      1
    88     51      1
    88    201      1
    88    236      1
    89     44      1
    89     74      1
    89     70      1
    89     99      1
    90     61      1
    90     35      1
    90    155      1
    90    162      1
    91     69      1
    91     81      1
    91     11      1
    91     97      1
    91    103      1
    91    113      1
    91    210      1
    91    250      1
    92     65      1
    92     14      1
    92    111      1
    92    206      1
    93     44      1
    93      8      1
    93    165      1
    93    195      1
    93    234      1
    93    246      1
    94     75      1
    94     45      1
    94    116      1
    94    140      1
    95     57      1
    95     18      1
    95      9      1
    95    201      1
    95    251      1
    95    258      1
    95    290      1
    96     38      1
    96     58      1
    96    215      1
    97     17      1
    97     91      1
    97    133      1
    97    147      1
    97    215      1
    98     59      1
    98     63      1
    98    103      1
    98    193      1
    98    292      1
    99     76      1
    99     63      1
    99     89      1
    99    102      1
    99    151      1
   100     32      1
   100     25      1
   100     78      1
   100    119      1
   100    132      1
   100    143      1
   101      7      1
   101     20      1
   101     55      1
   101    195      1
   102     99      1
   102     32      1
   102    140      1
   102    144      1
   102    159      1
   103     98      1
   103     91      1
   103    104      1
   104    103      1
   104     68      1
   104    121      1
   104    292      1
   105     20      1
   105     39      1
   105    106      1
   105    117      1
   105    122      1
   105    186      1
   106     24      1
   106    105      1
   106    209      1
   107     24      1
   107      4      1
   107     31      1
   107    119      1
   107    130      1
   107    136      1
   107    176      1
   107    189      1
   108     23      1
   108     27      1
   108    112      1
   108    154      1
   109     84      1
   109     75      1
   109    169      1
   109    200      1
   109    295      1
   110     55      1
   110     25      1
   110    144      1
   110    241      1
   111     10      1
   111     62      1
   111     92      1
   111    123      1
   111    260      1
   112     25      1
   112     47      1
   112    108      1
   112    149      1
   112    187      1
   113     10      1
   113     91      1
   113    141      1
   113    219      1
   113    221      1
   114     21      1
   114     14      1
   114    137      1
   114    186      1
   114    281      1
   114    299      1
   115     20      1
   115     68      1
   115    217      1
   116     94      1
   116     19      1
   116    224      1
   117    105      1
   117     76      1
   117     65      1
   117    220      1
   118     73      1
   118     78      1
   118    163      1
   118    218      1
   119    107      1
   119    100      1
   119     29      1
   119    157      1
   119    293      1
   119    296      1
   120     27      1
   120     68      1
   120    128      1
   121    104      1
   121     47      1
   121     18      1
   121    174      1
   122    105      1
   122     32      1
   122     51      1
   122    196      1
   122    202      1
   122    204      1
   123     82      1
   123     12      1
   123    111      1
   123    164      1
   123    213      1
   124     79      1
   124      9      1
   124     80      1
   124    147      1
   124    197      1
   124    288      1
   125     14      1
   125     73      1
   125    131      1
   125    260      1
   126     66      1
   126      6      1
   126    135      1
   126    224      1
   126    271      1
   127     49      1
   127     77      1
   127     38      1
   127    217      1
   127    248      1
   127    275      1
   128    120      1
   128     19      1
   128     22      1
   128    131      1
   128    141      1
   128    277      1
   129     13      1
   129     43      1
   129    231      1
   129    265      1
   130     28      1
   130    107      1
   130    209      1
   131    125      1
   131    128      1
   131    146      1
   131    287      1
   132     85      1
   132     42      1
   132    100      1
   132    182      1
   132    194      1
   132    203      1
   132    240      1
   133     97      1
   133     72      1
   133     59      1
   133    226      1
   133    238      1
   134      4      1
   134     50      1
   135     58      1
   135    126      1
   135    210      1
   136     83      1
   136     45      1
   136    107      1
   136    250      1
   136    288      1
   137     65      1
   137    114      1
   137      8      1
   137    142      1
   137    172      1
   137    276      1
   138     43      1
   138     33      1
   138    145      1
   138    153      1
   138    265      1
   138    268      1
   138    272      1
   138    273      1
   139     41      1
   139     61      1
   139    200      1
   139    207      1
   139    212      1
   139    282      1
   140    102      1
   140     94      1
   140     19      1
   140    213      1
   141    113      1
   141    128      1
   141    152      1
   142      9      1
   142    137      1
   142    216      1
   142    253      1
   142    263      1
   142    269      1
   143    100      1
   143     72      1
   143    158      1
   143    225      1
   143    227      1
   144     23      1
   144    110      1
   144    102      1
   145    138      1
   145     10      1
   145     27      1
   145    160      1
   145    173      1
   145    243      1
   145    257      1
   146    131      1
   146     55      1
   146    256      1
   147     97      1
   147      7      1
   147    124      1
   147    173      1
   147    185      1
   147    249      1
   148     86      1
   148     13      1
   148    150      1
   148    199      1
   148    218      1
   148    246      1
   148    274      1
   148    287      1
   149     18      1
   149     75      1
   149    112      1
   149    152      1
   150    148      1
   150     20      1
   150    152      1
   151     99      1
   151     37      1
   151    163      1
   151    175      1
   151    192      1
   151    284      1
   152    150      1
   152    141      1
   152    149      1
   152    247      1
   153     54      1
   153     87      1
   153    138      1
   153    197      1
   154    108      1
   154      7      1
   154    220      1
   154    248      1
   154    269      1
   155     43      1
   155     56      1
   155     90      1
   155    183      1
   156     64      1
   156     25      1
   156    187      1
   156    246      1
   156    253      1
   157     29      1
   157     26      1
   157    119      1
   157    184      1
   157    250      1
   158     75      1
   158     72      1
   158    143      1
   158    177      1
   158    181      1
   158    266      1
   159     77      1
   159    102      1
   159    291      1
   160    145      1
   160     87      1
   160    169      1
   160    257      1
   161     49      1
   161     67      1
   161     32      1
   161    234      1
   161    252      1
   162     38      1
   162     41      1
   162     90      1
   162    212      1
   162    266      1
   163    118      1
   163     47      1
   163    151      1
   163    223      1
   163    245      1
   164    123      1
   164     35      1
   164    263      1
   164    279      1
   165     15      1
   165     29      1
   165     93      1
   165    186      1
   165    188      1
   165    207      1
   165    226      1
   165    277      1
   166     32      1
   166     50      1
   166    212      1
   167     77      1
   167     17      1
   167      5      1
   167    169      1
   168      5      1
   168     50      1
   168    175      1
   169    109      1
   169    167      1
   169    160      1
   169    170      1
   169    256      1
   170      6      1
   170     62      1
   170    169      1
   170    178      1
   170    179      1
   171     85      1
   171     52      1
   172     30      1
   172    137      1
   173    147      1
   173    145      1
   173    243      1
   173    280      1
   174    121      1
   174     18      1
   174     53      1
   175     63      1
   175    168      1
   175    151      1
   176     14      1
   176     33      1
   176    107      1
   176    196      1
   177    158      1
   177     40      1
   177     49      1
   177    194      1
   177    199      1
   177    259      1
   178    170      1
   178     72      1
   179      7      1
   179    170      1
   179    196      1
   179    199      1
   180     16      1
   180     38      1
   180    235      1
   181    158      1
   181      4      1
   182     23      1
   182    132      1
   182    295      1
   183     81      1
   183    155      1
   183     75      1
   184    157      1
   184     33      1
   185    147      1
   185     29      1
   185    208      1
   185    289      1
   186    165      1
   186    114      1
   186    105      1
   186    206      1
   186    233      1
   187     36      1
   187    112      1
   187    156      1
   188     13      1
   188    165      1
   188    232      1
   188    291      1
   189    107      1
   189     46      1
   189     28      1
   190     37      1
   190     61      1
   190    205      1
   190    222      1
   190    272      1
   191     28      1
   191     82      1
   192     18      1
   192    151      1
   192    284      1
   193     98      1
   193     40      1
   193     43      1
   193    202      1
   194    177      1
   194    132      1
   194     15      1
   194    222      1
   195    101      1
   195     93      1
   195     82      1
   195    280      1
   196    122      1
   196    176      1
   196    179      1
   196    262      1
   197    124      1
   197     19      1
   197    153      1
   197    228      1
   197    264      1
   198     10      1
   198     42      1
   198    282      1
   199    148      1
   199    177      1
   199    179      1
   200    139      1
   200    109      1
   200     10      1
   200    239      1
   201     95      1
   201     88      1
   201    223      1
   202     72      1
   202    122      1
   202    193      1
   202    267      1
   203    132      1
   203     31      1
   203    230      1
   204    122      1
   204     34      1
   204      9      1
   205     64      1
   205     44      1
   205    190      1
   205    285      1
   206     92      1
   206     65      1
   206    186      1
   207      1      1
   207    165      1
   207    139      1
   207    237      1
   207    240      1
   208     82      1
   208    185      1
   208     47      1
   208    251      1
   208    286      1
   209    106      1
   209    130      1
   210     43      1
   210    135      1
   210     91      1
   211     43      1
   211     60      1
   211      6      1
   211    224      1
   212    166      1
   212    162      1
   212    139      1
   213    123      1
   213     11      1
   213    140      1
   214     43      1
   214     86      1
   214    295      1
   215     76      1
   215     96      1
   215     97      1
   216      4      1
   216    142      1
   216    239      1
   217    115      1
   217    127      1
   218    118      1
   218    148      1
   218      7      1
   219     28      1
   219    113      1
   220    154      1
   220    117      1
   220    245      1
   220    286      1
   221    113      1
   221     14      1
   221     63      1
   221    249      1
   222    194      1
   222    190      1
   223    201      1
   223    163      1
   224    116      1
   224    211      1
   224    126      1
   225     13      1
   225    143      1
   225      0      1
   226    133      1
   226     86      1
   226    165      1
   227     75      1
   227    143      1
   227    249      1
   228    197      1
   228     31      1
   229     17      1
   229     50      1
   229    289      1
   230    203      1
   230     81      1
   231    129      1
   231     45      1
   231    233      1
   231    279      1
   232    188      1
   232     57      1
   232    238      1
   232    256      1
   232    294      1
   233    231      1
   233     62      1
   233    186      1
   234     93      1
   234    161      1
   234     18      1
   234    293      1
   235    180      1
   235     63      1
   236     12      1
   236     84      1
   236     88      1
   236    264      1
   237    207      1
   237     71      1
   237     13      1
   237    261      1
   238     58      1
   238    232      1
   238    133      1
   238    253      1
   238    262      1
   239    200      1
   239     58      1
   239    216      1
   240    207      1
   240    132      1
   240    254      1
   240    283      1
   241      9      1
   241    110      1
   242     25      1
   242      7      1
   243    145      1
   243    173      1
   244      3      1
   244      9      1
   245    220      1
   245    163      1
   246     93      1
   246    148      1
   246    156      1
   246    290      1
   246    296      1
   247    152      1
   247     76      1
   247    289      1
   248     36      1
   248    127      1
   248    154      1
   249    227      1
   249    147      1
   249    221      1
   250    136      1
   250    157      1
   250     91      1
   251    208      1
   251     95      1
   251      0      1
   252     47      1
   252    161      1
   252    261      1
   253    142      1
   253    238      1
   253    156      1
   254    240      1
   254     41      1
   254     54      1
   255     81      1
   255     34      1
   255     47      1
   256    232      1
   256    169      1
   256    146      1
   257    160      1
   257     18      1
   257    145      1
   257    285      1
   257    297      1
   258     95      1
   258     79      1
   258    270      1
   258    283      1
   259     42      1
   259    177      1
   259     86      1
   259    288      1
   260    125      1
   260    111      1
   261    252      1
   261    237      1
   262    238      1
   262    196      1
   263    142      1
   263     35      1
   263    164      1
   264    197      1
   264    236      1
   265    129      1
   265     14      1
   265    138      1
   266    158      1
   266    162      1
   267    202      1
   267     34      1
   267      5      1
   267    294      1
   268    138      1
   268     32      1
   269     61      1
   269    154      1
   269    142      1
   270     32      1
   270    258      1
   271     41      1
   271    126      1
   272    190      1
   272    138      1
   272     72      1
   273    138      1
   273     35      1
   274     57      1
   274    148      1
   274     74      1
   275      2      1
   275    127      1
   276     32      1
   276    137      1
   277    128      1
   277    165      1
   278     43      1
   278      2      1
   278     61      1
   279    164      1
   279    231      1
   280     19      1
   280    195      1
   280    173      1
   281    114      1
   281     36      1
   281     67      1
   282    139      1
   282    198      1
   282     87      1
   283    258      1
   283    240      1
   284    151      1
   284    192      1
   284     39      1
   285    205      1
   285    257      1
   285      7      1
   285    299      1
   286    220      1
   286    208      1
   287    131      1
   287    148      1
   288    259      1
   288    124      1
   288    136      1
   289    185      1
   289    247      1
   289    229      1
   290    246      1
   290     19      1
   290     95      1
   291    188      1
   291    159      1
   292     98      1
   292    104      1
   293    119      1
   293    234      1
   294    232      1
   294    267      1
   294     17      1
   295    214      1
   295    182      1
   295    109      1
   296    119      1
   296    246      1
   297    257      1
   297      7      1
   298     82      1
   298      0      1
   298     32      1
   299     66      1
   299    285      1
   299    114      1
