COORD_X_Y 400
 0.435076    2.0062
  1.95907   1.47622
  2.28096  0.636925
 0.578927   0.46868
  2.20527    2.5472
  2.57907  0.170818
  1.36112  0.445331
  1.53419  0.675843
  0.30378   1.26694
 0.410469   1.39162
  1.41837   1.41711
  1.58787   1.89319
  2.10492   2.23205
  2.51456   2.31292
 0.469279  0.463802
 0.624533   2.97274
  2.82169   0.19116
  1.98284  0.923589
  2.61133   2.39851
  0.22648   2.99233
 0.732082 0.0153771
  1.62725   1.12233
  1.08655       1.1
 0.725773    2.6394
  1.31243   2.77962
  2.41334   1.69647
0.0439083  0.223858
 0.386674   2.60178
 0.440571    1.3654
  2.94546   1.16436
 0.073857  0.743101
  2.33711   2.34709
  2.21306    2.9448
  2.82993   1.65107
  1.73626   1.14423
  2.09111  0.241685
  2.36317   2.59951
0.0948153   2.34065
  1.02823    2.9683
  1.46625   2.01487
  1.44211  0.305709
  2.60095   1.14589
   1.8317   1.46013
0.0361308   2.45449
  1.30891   1.70794
 0.817865  0.572393
 0.132341   2.21143
  2.85609  0.277902
  1.18597   2.57025
  2.54039   1.12412
  2.00626   1.29489
 0.286073    1.4417
 0.803387    1.9987
 0.198227   2.46734
  2.11179   1.92916
  1.90507   1.26609
 0.790672   2.87795
  1.55248   2.70314
  1.58632  0.601131
  2.74742  0.467376
 0.192464  0.172059
  2.03717   1.72126
  2.31817   2.11684
  2.85748   1.31427
 0.219263   1.97921
  2.19429   1.33049
  2.68039   2.65302
 0.974445   1.97861
 0.586469    0.5576
 0.790077    2.7726
  1.92928   1.33149
 0.272356   2.43492
  2.83798   2.26336
  2.09648    1.8129
 0.525467   1.20467
  2.58631   0.66682
 0.333963   2.79641
  2.50328  0.232288
 0.458441   2.21932
  1.20954   2.22242
0.0683639    1.0798
  1.07963  0.941712
  1.35861   1.10501
 0.329675   2.11769
  2.99625   1.78768
  1.48311  0.932087
  2.58374  0.672347
 0.805644    2.8408
  1.38054   2.03885
  0.81329   1.06527
  1.12695  0.116812
  2.94211   2.12026
   2.1486   1.43788
 0.927907   2.57326
  1.52138   1.30493
  1.14038  0.201031
  2.06632  0.981091
  2.22045 0.0515076
 0.216638   2.80402
 0.402822    2.0971
 0.832226   1.18314
  1.90496   1.27178
  2.00202   2.75336
  1.72244   0.66331
  1.19428   2.66836
  2.69076   0.76212
 0.888192  0.066145
  2.49043  0.842439
 0.698233 0.0827864
  2.78198   2.02953
  0.93128  0.926392
  2.73728   1.44247
   1.2341   1.34628
  2.83071   1.83226
  2.67454 0.00991283
  2.06166   1.48762
 0.877931   2.36308
 0.924977   2.44391
   1.1755  0.509972
  1.96001  0.844341
0.0632766   1.11898
  2.29902   2.61288
 0.849651   2.13853
  1.47515    1.6712
 0.196561 0.0129932
 0.426887   1.97779
 0.827215   0.51517
 0.440209  0.981337
  2.55013  0.397469
  1.05156   2.82272
  1.63315  0.812516
 0.587403   2.46137
  2.51799  0.905502
  2.93127   1.54727
  2.37106  0.545712
  2.42195  0.314758
  1.62737  0.821234
 0.722578   2.58013
   2.6052  0.464018
 0.876362  0.976569
 0.399756   0.33923
 0.765367   2.08952
 0.948931  0.947703
  1.16228   1.34296
  1.97469   1.46857
  1.80814   1.05299
  1.44135  0.605951
   2.4424  0.712064
  2.46459   1.17318
  1.93779  0.366389
 0.897932    2.2576
 0.576553  0.849858
  1.76475    1.2485
 0.367128  0.986238
   2.8185   2.12619
  2.17471   2.10305
  1.88955   2.86926
  2.53894   2.71406
  1.54974  0.497085
 0.572214  0.677533
  2.66537   2.90986
  2.22753  0.840976
 0.488284   2.30693
  2.80542  0.302294
  2.68622    1.5223
   1.4072   1.66203
  1.20802 0.0832335
  2.50606    1.1172
   1.6868  0.203931
 0.923146   1.96037
0.0120732   2.07442
  2.67729  0.512458
  1.54827   2.58867
  1.27112   2.91241
  1.40983  0.259371
  2.75641   2.08732
  2.40362   2.35755
  1.33616   1.73819
  2.58522   1.16573
  1.18933  0.626014
  2.71294   1.69308
  1.46539    2.4632
  2.60113  0.791111
0.0991414  0.800758
  1.16969  0.829522
  1.47623   2.85408
 0.380333   1.32395
 0.697993   1.30727
  1.16465  0.395004
  1.60583   1.50526
  1.58078   2.56451
  2.17481  0.182685
  1.52358   1.85034
  2.57992 0.0612431
  2.72424   1.52992
  2.33515  0.833168
 0.837539   1.12984
  1.08638   1.65034
  1.93148  0.347092
  2.58011   0.45078
  1.54198  0.103489
0.00555064 0.0821632
  1.54992  0.152016
  1.44928   2.38487
 0.213356   2.73019
 0.149811    1.9669
 0.595373   1.18757
  2.84377  0.279175
 0.939475   2.50766
   1.5474   1.67481
 0.201912   1.98239
  2.81201  0.938008
  2.88197  0.325105
0.0487238  0.113066
 0.606003  0.819583
 0.938989   0.83553
  1.48142   1.82349
  2.93302   1.12614
 0.325131  0.786121
  2.47579   2.16251
  2.39233  0.389534
  1.77962   1.08515
  2.80324    1.8354
0.00348772  0.620691
  1.01412  0.513729
  2.94248   1.08207
  2.74839   2.40476
  2.59232   2.58193
  1.05488  0.425697
  2.47407  0.220134
  2.41557 0.0195307
 0.726465   0.90397
0.0844019   1.68773
0.0575643    2.2945
    1.638   1.03014
  1.26652   2.21497
  2.58354   2.15591
  2.15151   1.33491
 0.431583  0.986137
 0.994659  0.898637
  2.30781   2.10595
  1.35617   1.17133
   2.0997   2.22449
  2.81353   1.68763
  1.08012   1.45467
   1.2196    1.7987
  2.14401  0.809228
  2.67495   2.21773
  2.29423   2.34812
  1.72412  0.644574
 0.720913   1.19005
  2.30852  0.931509
  2.72124   1.62027
  2.17575  0.592012
  2.20381  0.458439
 0.109104   1.86152
 0.999851 0.0537413
 0.729094  0.547803
 0.567379   2.98445
 0.615543  0.264541
  1.30214   1.27761
  2.30378   2.79766
  2.27086   1.38636
  2.93227  0.783304
  1.45752   2.65609
  1.53536   2.63662
 0.941753   0.97864
  2.53703   1.89407
  1.12799  0.317056
  2.04131   1.93937
  1.37081   1.69214
 0.573605  0.235195
  1.31249   1.21774
0.0951871  0.950587
  2.47543  0.594236
  1.17241   1.85162
  2.65999   1.73217
  2.28339   2.01347
  2.99727   1.95727
  1.18105     2.602
  1.08376   0.34138
 0.674094   1.21589
 0.221193  0.161977
 0.298431     2.694
  1.18228  0.659726
  1.09771   2.11987
   2.3788   2.66586
  2.26961 0.0533837
  2.08759   1.53231
  1.68673  0.911206
  2.55832   2.30153
0.0867822   2.81518
   2.4217  0.734726
   0.1481   1.61439
 0.931731 0.0867534
   1.5481   2.55471
   2.5349   1.39738
  2.83522  0.129554
  1.38177    2.2503
  2.42661   2.73761
  2.54038  0.367718
 0.326927   1.21538
  1.26236      2.46
 0.442274  0.446164
 0.101729   2.19881
  1.15213  0.330497
  2.75944   1.00245
  1.64627 0.0343515
  2.21239  0.875134
  1.38418   0.79798
  1.39266   2.45701
  2.27269    1.8121
 0.746721   1.31137
 0.339271   2.43275
  2.22266   1.28476
  2.17526   1.05558
 0.721178  0.926971
 0.021235   2.75191
  1.98293   2.24882
 0.112099   2.63003
  2.07184   2.75767
  2.58326  0.509818
  2.62561  0.674849
  2.11368  0.188519
  1.66115  0.940223
  2.84044   2.09628
 0.901051 0.0789835
  2.40602   1.87197
  2.65041   1.88896
 0.820057  0.039586
  2.19336   2.24654
  1.44487    1.1419
  2.55055  0.788402
  2.77425   1.21436
  2.22977   2.68846
  2.00236   2.11365
 0.190063   1.88643
  1.40139  0.455792
 0.640453   2.90178
 0.137394  0.191338
  1.12581   2.07893
  1.86442   1.57537
 0.586639   2.72998
  1.82425   2.24176
  2.84624   2.02443
  2.05421   2.84237
  2.18256  0.779983
  1.78784 0.00789615
  2.95106   1.81371
  2.38013  0.909671
 0.652905  0.555761
  1.48328   2.49147
 0.925712   1.57715
  2.99613  0.674583
  1.16367   2.49864
  2.42589   2.86515
  1.59336   2.19243
  1.06794   1.94026
 0.741755     2.198
  1.29354  0.554558
 0.205367   2.19917
  0.55122   2.38018
  1.32832  0.666394
  1.38535  0.131155
  2.21041    2.9522
 0.425686  0.999192
 0.388471  0.392478
 0.886659   2.90126
0.0787394   1.29352
  1.97418   1.34485
  1.55251    2.0567
  2.54279  0.916564
  2.51144   2.03154
  1.76122   2.10457
  2.22793  0.831697
  0.44408   1.20661
  1.83338   2.15278
  1.17382   1.11005
  0.50887  0.664188
   2.3546   1.80485
 0.449517   1.80317
  1.86713  0.360425
  1.40478   1.20963
 0.925074   0.37168
  1.91637  0.566004
  1.02209  0.816531
 0.842799   2.58261
  2.06147 0.0634448
  2.22386  0.721724
  1.77435  0.186034
  2.27427   2.02799
  2.81191    2.9578
  1.92413   1.81848
  1.19985  0.477172
  1.11573   2.24005
 0.447252    2.6882
 0.170112   1.76209
  0.49207  0.123592
   1.3438   1.96569
  1.55125     2.884
LINKS_SOURCE_DESTINATION_DISTANCE 2010
     0      1      1
     0      4      1
     0     13      1
     0     14      1
     0     16      1
     0     34      1
     0     52      1
     0     55      1
     0    155      1
     0    158      1
     0    213      1
     0    219      1
     0    347      1
     1      0      1
     1      2      1
     1      3      1
     1      4      1
     1      6      1
     1     19      1
     1    141      1
     1    253      1
     1    311      1
     2      1      1
     2      5      1
     2     20      1
     2     37      1
     2     53      1
     2     54      1
     2     88      1
     2    113      1
     2    136      1
     2    143      1
     2    230      1
     2    238      1
     2    270      1
     3      1      1
     3      4      1
     3      5      1
     3      6      1
     3      7      1
     3     12      1
     3     13      1
     3     17      1
     3     22      1
     3     24      1
     3     49      1
     3     56      1
     3     58      1
     3    100      1
     3    185      1
     3    349      1
     3    377      1
     4      0      1
     4      1      1
     4      3      1
     4      5      1
     4      8      1
     4     25      1
     4     27      1
     4     45      1
     4     59      1
     4    127      1
     4    195      1
     4    272      1
     5      3      1
     5      2      1
     5      4      1
     5      7      1
     5      9      1
     5     21      1
     5     23      1
     5     26      1
     5     29      1
     5     34      1
     5     68      1
     5    105      1
     5    107      1
     5    188      1
     5    226      1
     6      1      1
     6      3      1
     6      7      1
     6     10      1
     6     11      1
     6     12      1
     6     13      1
     6     15      1
     6     24      1
     6     33      1
     6     42      1
     6     58      1
     6     67      1
     6    140      1
     6    171      1
     6    206      1
     6    213      1
     6    379      1
     7      6      1
     7      3      1
     7      5      1
     7      8      1
     7      9      1
     7     11      1
     7     14      1
     7     20      1
     7     22      1
     7     27      1
     7     33      1
     7     40      1
     7     53      1
     7    143      1
     7    220      1
     7    226      1
     7    363      1
     8      7      1
     8      4      1
     8     36      1
     8     49      1
     8     75      1
     8     77      1
     8     86      1
     8     95      1
     9      7      1
     9      5      1
     9     10      1
     9     21      1
     9     32      1
     9     35      1
     9     76      1
     9    115      1
     9    120      1
     9    212      1
    10      9      1
    10      6      1
    10     12      1
    10     42      1
    10     43      1
    10     45      1
    10     66      1
    10     83      1
    10     97      1
    10    227      1
    11      7      1
    11      6      1
    11     24      1
    11     31      1
    11     46      1
    11    124      1
    11    189      1
    12      3      1
    12     10      1
    12      6      1
    12     16      1
    12     18      1
    12     38      1
    12     66      1
    12     87      1
    12    157      1
    12    391      1
    13      0      1
    13      6      1
    13      3      1
    13     15      1
    13     19      1
    13     26      1
    13     28      1
    13     30      1
    13     51      1
    13     70      1
    13     72      1
    13     84      1
    13     96      1
    13    217      1
    13    276      1
    13    364      1
    14      0      1
    14      7      1
    14     23      1
    14     69      1
    14     94      1
    14     98      1
    14    179      1
    14    260      1
    14    324      1
    15      6      1
    15     13      1
    15     16      1
    15     18      1
    15     23      1
    15     55      1
    15     62      1
    15    132      1
    15    144      1
    15    187      1
    15    188      1
    15    295      1
    15    371      1
    15    384      1
    16     15      1
    16      0      1
    16     12      1
    16     17      1
    16     20      1
    16     22      1
    16     28      1
    16     48      1
    16     65      1
    16     80      1
    17      3      1
    17     16      1
    17     25      1
    17     31      1
    17     58      1
    17     63      1
    17     89      1
    17    129      1
    17    190      1
    17    214      1
    17    267      1
    18     12      1
    18     15      1
    18     37      1
    18     47      1
    18     51      1
    18     57      1
    18     88      1
    18    127      1
    18    154      1
    18    284      1
    19      1      1
    19     13      1
    19     35      1
    19     39      1
    20      7      1
    20     16      1
    20      2      1
    20     39      1
    20     54      1
    20     62      1
    20     69      1
    20     79      1
    20    105      1
    20    137      1
    20    227      1
    21      9      1
    21      5      1
    21     26      1
    21     29      1
    21     38      1
    21     70      1
    21    153      1
    21    220      1
    22      7      1
    22      3      1
    22     16      1
    22     33      1
    22     36      1
    22    151      1
    22    154      1
    22    390      1
    23     14      1
    23     15      1
    23      5      1
    23     35      1
    23     41      1
    23     93      1
    23    164      1
    23    178      1
    23    362      1
    23    364      1
    24     11      1
    24      6      1
    24      3      1
    24     29      1
    24     37      1
    24     41      1
    24     46      1
    24     59      1
    24     60      1
    24     93      1
    24    113      1
    24    236      1
    24    358      1
    25     17      1
    25      4      1
    25     49      1
    25     56      1
    25     68      1
    25    113      1
    25    209      1
    26     21      1
    26     13      1
    26      5      1
    26     32      1
    26    130      1
    26    142      1
    26    257      1
    26    278      1
    26    279      1
    26    386      1
    27      7      1
    27      4      1
    27     28      1
    27     38      1
    27     50      1
    27    135      1
    27    137      1
    27    159      1
    27    177      1
    27    255      1
    28     16      1
    28     27      1
    28     13      1
    28    146      1
    28    251      1
    28    271      1
    29     21      1
    29     24      1
    29      5      1
    29     30      1
    29     48      1
    29     54      1
    29     74      1
    29    138      1
    29    167      1
    29    172      1
    29    186      1
    29    191      1
    29    245      1
    30     13      1
    30     29      1
    30     73      1
    30     75      1
    30     79      1
    30    100      1
    30    108      1
    30    115      1
    30    262      1
    30    292      1
    31     17      1
    31     11      1
    31     70      1
    31    205      1
    31    249      1
    32     26      1
    32      9      1
    32     52      1
    32     78      1
    32    115      1
    32    172      1
    33      7      1
    33      6      1
    33     22      1
    33     41      1
    33     51      1
    33     60      1
    33    114      1
    33    141      1
    33    288      1
    34      0      1
    34      5      1
    34     43      1
    34    148      1
    34    161      1
    34    163      1
    34    253      1
    34    387      1
    35      9      1
    35     19      1
    35     23      1
    35    133      1
    35    262      1
    35    309      1
    35    380      1
    35    397      1
    36     22      1
    36      8      1
    36     40      1
    36     46      1
    36     61      1
    36    143      1
    36    210      1
    36    341      1
    37     24      1
    37      2      1
    37     18      1
    37     40      1
    37     76      1
    37     87      1
    37     88      1
    37    108      1
    37    140      1
    37    149      1
    37    160      1
    37    180      1
    37    185      1
    37    279      1
    38     21      1
    38     12      1
    38     27      1
    38     74      1
    38    150      1
    38    195      1
    38    206      1
    38    320      1
    39     19      1
    39     20      1
    39     44      1
    39     57      1
    39     77      1
    39     78      1
    39    111      1
    39    171      1
    39    205      1
    39    273      1
    39    305      1
    40     37      1
    40     36      1
    40      7      1
    40     42      1
    40     44      1
    40     53      1
    40     77      1
    40    198      1
    40    231      1
    41     24      1
    41     33      1
    41     23      1
    41    151      1
    41    170      1
    41    209      1
    41    340      1
    41    384      1
    42     10      1
    42     40      1
    42      6      1
    42     50      1
    42     71      1
    42     89      1
    42    206      1
    42    218      1
    42    243      1
    43     10      1
    43     34      1
    43     48      1
    43     85      1
    43     95      1
    43    130      1
    43    246      1
    43    378      1
    44     39      1
    44     40      1
    44     47      1
    44    181      1
    44    338      1
    45      4      1
    45     10      1
    45     64      1
    45    101      1
    45    110      1
    45    139      1
    45    150      1
    45    173      1
    45    261      1
    45    359      1
    45    371      1
    45    392      1
    46     11      1
    46     24      1
    46     36      1
    46     64      1
    46    130      1
    46    135      1
    46    162      1
    46    322      1
    46    351      1
    47     44      1
    47     18      1
    47     50      1
    47     65      1
    47    161      1
    47    178      1
    47    358      1
    48     43      1
    48     29      1
    48     16      1
    48     52      1
    48     80      1
    48     91      1
    48    104      1
    48    122      1
    48    129      1
    48    219      1
    48    295      1
    48    316      1
    48    386      1
    49      8      1
    49      3      1
    49     25      1
    49     61      1
    49     65      1
    49     92      1
    49    173      1
    49    306      1
    49    337      1
    49    368      1
    50     42      1
    50     47      1
    50     27      1
    50     63      1
    50     81      1
    50     89      1
    50    117      1
    50    123      1
    50    334      1
    51     13      1
    51     18      1
    51     33      1
    51     56      1
    51     91      1
    51    107      1
    51    177      1
    51    315      1
    51    319      1
    51    356      1
    52     48      1
    52      0      1
    52     32      1
    52     60      1
    52    144      1
    52    149      1
    52    355      1
    53      7      1
    53      2      1
    53     40      1
    53    112      1
    53    126      1
    53    135      1
    53    145      1
    53    197      1
    53    257      1
    53    343      1
    53    372      1
    54     20      1
    54     29      1
    54      2      1
    54     73      1
    54     81      1
    54    118      1
    54    123      1
    54    301      1
    54    311      1
    54    312      1
    54    355      1
    55     15      1
    55      0      1
    55     67      1
    55     85      1
    55     94      1
    55     97      1
    55    129      1
    55    235      1
    55    240      1
    55    265      1
    55    376      1
    56     51      1
    56     25      1
    56      3      1
    56     73      1
    56     81      1
    56    155      1
    56    164      1
    56    189      1
    56    312      1
    57     39      1
    57     18      1
    57     83      1
    57     86      1
    57    297      1
    58      6      1
    58      3      1
    58     17      1
    58     71      1
    58    211      1
    58    367      1
    59     24      1
    59      4      1
    59    123      1
    59    256      1
    59    393      1
    60     33      1
    60     52      1
    60     24      1
    60     69      1
    60     72      1
    60    101      1
    60    131      1
    60    186      1
    60    245      1
    61     49      1
    61     36      1
    61    134      1
    61    250      1
    61    269      1
    62     20      1
    62     15      1
    62    103      1
    62    173      1
    62    246      1
    62    254      1
    62    281      1
    62    293      1
    63     17      1
    63     50      1
    63     68      1
    63     82      1
    63    303      1
    63    328      1
    63    350      1
    63    399      1
    64     45      1
    64     46      1
    64     82      1
    64     84      1
    64    102      1
    64    159      1
    65     16      1
    65     47      1
    65     49      1
    65    119      1
    65    146      1
    65    272      1
    65    330      1
    65    374      1
    66     10      1
    66     12      1
    66     96      1
    66    105      1
    66    111      1
    66    184      1
    66    277      1
    67      6      1
    67     55      1
    67    251      1
    67    293      1
    68      5      1
    68     25      1
    68     63      1
    68    166      1
    68    184      1
    68    195      1
    68    248      1
    68    252      1
    69     60      1
    69     14      1
    69     20      1
    69     71      1
    69    128      1
    69    147      1
    69    152      1
    69    286      1
    69    306      1
    70     21      1
    70     13      1
    70     31      1
    70     74      1
    70    104      1
    70    118      1
    70    192      1
    70    205      1
    70    326      1
    71     69      1
    71     42      1
    71     58      1
    71    145      1
    71    300      1
    71    306      1
    72     13      1
    72     60      1
    72    154      1
    72    158      1
    72    182      1
    72    382      1
    72    399      1
    73     54      1
    73     56      1
    73     30      1
    73     99      1
    73    138      1
    73    321      1
    73    326      1
    74     70      1
    74     38      1
    74     29      1
    74    107      1
    74    112      1
    74    128      1
    74    192      1
    74    194      1
    74    256      1
    74    328      1
    75      8      1
    75     30      1
    75     85      1
    75    121      1
    75    155      1
    75    229      1
    76     37      1
    76      9      1
    76     94      1
    76    102      1
    76    255      1
    77      8      1
    77     39      1
    77     40      1
    77     78      1
    77    103      1
    77    275      1
    77    297      1
    78     32      1
    78     39      1
    78     77      1
    78    125      1
    78    139      1
    78    156      1
    78    163      1
    78    190      1
    78    275      1
    78    301      1
    78    380      1
    78    381      1
    79     30      1
    79     20      1
    79    103      1
    79    119      1
    79    120      1
    80     16      1
    80     48      1
    80     90      1
    80    202      1
    80    250      1
    81     54      1
    81     56      1
    81     50      1
    81     92      1
    81    116      1
    81    172      1
    81    190      1
    81    217      1
    82     64      1
    82     63      1
    82     90      1
    82     97      1
    83     57      1
    83     10      1
    83     99      1
    83    109      1
    83    153      1
    83    161      1
    84     13      1
    84     64      1
    84    153      1
    84    230      1
    84    233      1
    84    356      1
    85     55      1
    85     43      1
    85     75      1
    85     95      1
    85    157      1
    85    287      1
    85    327      1
    86      8      1
    86     57      1
    86    122      1
    86    177      1
    86    221      1
    86    251      1
    87     37      1
    87     12      1
    87    112      1
    87    169      1
    87    302      1
    88      2      1
    88     37      1
    88     18      1
    88    106      1
    88    124      1
    88    162      1
    88    175      1
    88    228      1
    88    331      1
    88    365      1
    89     42      1
    89     50      1
    89     17      1
    89     99      1
    89    141      1
    89    145      1
    89    232      1
    89    388      1
    90     82      1
    90     80      1
    90    109      1
    90    204      1
    91     51      1
    91     48      1
    91    108      1
    91    132      1
    91    137      1
    91    242      1
    92     81      1
    92     49      1
    92    101      1
    92    229      1
    92    247      1
    92    351      1
    93     23      1
    93     24      1
    93    144      1
    93    148      1
    93    225      1
    93    236      1
    94     55      1
    94     14      1
    94     76      1
    94    148      1
    94    263      1
    94    313      1
    94    370      1
    95     85      1
    95     43      1
    95      8      1
    95    106      1
    95    114      1
    95    116      1
    95    169      1
    95    197      1
    95    200      1
    95    207      1
    95    232      1
    95    238      1
    96     13      1
    96     66      1
    96    152      1
    96    261      1
    97     10      1
    97     82      1
    97     55      1
    97     98      1
    97    100      1
    97    122      1
    97    134      1
    97    216      1
    97    247      1
    97    314      1
    98     14      1
    98     97      1
    98    117      1
    98    131      1
    98    203      1
    99     83      1
    99     73      1
    99     89      1
    99    136      1
    99    142      1
    99    183      1
    99    221      1
    99    310      1
   100     97      1
   100      3      1
   100     30      1
   100    125      1
   100    372      1
   101     60      1
   101     45      1
   101     92      1
   101    228      1
   101    314      1
   102     64      1
   102     76      1
   102    131      1
   102    166      1
   102    249      1
   102    258      1
   103     62      1
   103     79      1
   103     77      1
   104     70      1
   104     48      1
   105      5      1
   105     20      1
   105     66      1
   105    116      1
   105    168      1
   105    175      1
   105    212      1
   105    241      1
   106     88      1
   106     95      1
   106    204      1
   106    263      1
   106    375      1
   107     51      1
   107      5      1
   107     74      1
   107    133      1
   107    174      1
   107    216      1
   107    218      1
   107    288      1
   107    335      1
   108     91      1
   108     30      1
   108     37      1
   108    110      1
   108    151      1
   109     90      1
   109     83      1
   109    176      1
   109    198      1
   109    276      1
   110    108      1
   110     45      1
   111     39      1
   111     66      1
   111    114      1
   111    125      1
   111    196      1
   111    278      1
   112     74      1
   112     53      1
   112     87      1
   112    181      1
   112    332      1
   112    344      1
   112    385      1
   113     25      1
   113     24      1
   113      2      1
   113    140      1
   113    299      1
   114    111      1
   114     95      1
   114     33      1
   114    124      1
   114    333      1
   115     32      1
   115     30      1
   115      9      1
   115    147      1
   115    237      1
   116     95      1
   116    105      1
   116     81      1
   117     50      1
   117     98      1
   117    160      1
   117    246      1
   117    271      1
   118     54      1
   118     70      1
   118    203      1
   119     79      1
   119     65      1
   119    136      1
   119    224      1
   119    287      1
   120     79      1
   120      9      1
   120    121      1
   120    196      1
   121    120      1
   121     75      1
   121    211      1
   121    280      1
   121    361      1
   122     86      1
   122     48      1
   122     97      1
   123     50      1
   123     54      1
   123     59      1
   123    134      1
   123    197      1
   123    298      1
   123    366      1
   124    114      1
   124     11      1
   124     88      1
   124    126      1
   124    176      1
   124    274      1
   124    289      1
   125    100      1
   125     78      1
   125    111      1
   125    271      1
   126     53      1
   126    124      1
   126    217      1
   126    289      1
   126    341      1
   127     18      1
   127      4      1
   128     69      1
   128     74      1
   128    170      1
   128    201      1
   128    224      1
   129     48      1
   129     17      1
   129     55      1
   129    163      1
   129    398      1
   130     43      1
   130     46      1
   130     26      1
   131     98      1
   131     60      1
   131    102      1
   131    182      1
   131    202      1
   131    222      1
   131    305      1
   131    383      1
   132     15      1
   132     91      1
   132    187      1
   132    345      1
   132    359      1
   133     35      1
   133    107      1
   133    208      1
   133    244      1
   134     61      1
   134    123      1
   134     97      1
   134    252      1
   134    299      1
   135     53      1
   135     27      1
   135     46      1
   135    294      1
   135    307      1
   135    390      1
   136    119      1
   136     99      1
   136      2      1
   136    231      1
   136    239      1
   136    296      1
   136    298      1
   137     27      1
   137     91      1
   137     20      1
   137    181      1
   137    344      1
   137    370      1
   138     29      1
   138     73      1
   139     78      1
   139     45      1
   140     37      1
   140      6      1
   140    113      1
   140    165      1
   140    168      1
   141     33      1
   141     89      1
   141      1      1
   141    212      1
   141    228      1
   141    324      1
   142     26      1
   142     99      1
   142    179      1
   142    280      1
   142    297      1
   142    373      1
   143      2      1
   143     36      1
   143      7      1
   143    156      1
   143    189      1
   143    259      1
   143    286      1
   144     52      1
   144     93      1
   144     15      1
   144    186      1
   144    282      1
   144    386      1
   145     89      1
   145     53      1
   145     71      1
   145    360      1
   146     28      1
   146     65      1
   146    180      1
   146    214      1
   147    115      1
   147     69      1
   147    247      1
   147    342      1
   148     34      1
   148     94      1
   148     93      1
   148    169      1
   148    259      1
   149     37      1
   149     52      1
   149    165      1
   149    168      1
   149    215      1
   150     45      1
   150     38      1
   150    167      1
   150    193      1
   150    237      1
   150    241      1
   151    108      1
   151     22      1
   151     41      1
   151    204      1
   151    373      1
   152     96      1
   152     69      1
   152    166      1
   153     84      1
   153     83      1
   153     21      1
   153    349      1
   154     22      1
   154     72      1
   154     18      1
   154    210      1
   155     75      1
   155     56      1
   155      0      1
   155    164      1
   155    194      1
   155    199      1
   155    258      1
   155    359      1
   156     78      1
   156    143      1
   156    160      1
   156    170      1
   156    327      1
   157     12      1
   157     85      1
   157    396      1
   158     72      1
   158      0      1
   158    222      1
   158    225      1
   158    269      1
   159     27      1
   159     64      1
   159    283      1
   159    308      1
   160    156      1
   160    117      1
   160     37      1
   160    171      1
   160    395      1
   161     47      1
   161     83      1
   161     34      1
   161    227      1
   161    268      1
   162     46      1
   162     88      1
   162    183      1
   162    184      1
   162    337      1
   163     78      1
   163     34      1
   163    129      1
   163    179      1
   163    208      1
   164     23      1
   164     56      1
   164    155      1
   164    242      1
   165    140      1
   165    149      1
   165    174      1
   165    202      1
   165    211      1
   165    239      1
   165    267      1
   166    102      1
   166     68      1
   166    152      1
   166    230      1
   166    318      1
   167    150      1
   167     29      1
   167    188      1
   168    140      1
   168    105      1
   168    149      1
   168    203      1
   168    240      1
   169    148      1
   169     87      1
   169     95      1
   169    215      1
   170    128      1
   170     41      1
   170    156      1
   171    160      1
   171     39      1
   171      6      1
   171    201      1
   171    321      1
   172     81      1
   172     32      1
   172     29      1
   172    226      1
   173     45      1
   173     49      1
   173     62      1
   173    200      1
   173    266      1
   173    346      1
   173    368      1
   174    165      1
   174    107      1
   174    225      1
   174    268      1
   175     88      1
   175    105      1
   175    366      1
   175    380      1
   176    124      1
   176    109      1
   176    200      1
   177     51      1
   177     27      1
   177     86      1
   177    213      1
   177    321      1
   177    322      1
   178     47      1
   178     23      1
   178    196      1
   179    142      1
   179    163      1
   179     14      1
   179    299      1
   179    315      1
   179    367      1
   179    391      1
   180    146      1
   180     37      1
   180    322      1
   181    137      1
   181    112      1
   181     44      1
   182     72      1
   182    131      1
   182    335      1
   183    162      1
   183     99      1
   183    198      1
   183    199      1
   184    162      1
   184     68      1
   184     66      1
   185     37      1
   185      3      1
   185    342      1
   186     60      1
   186    144      1
   186     29      1
   186    272      1
   187     15      1
   187    132      1
   187    191      1
   187    199      1
   187    241      1
   187    244      1
   187    353      1
   188      5      1
   188     15      1
   188    167      1
   188    193      1
   188    275      1
   189     56      1
   189    143      1
   189     11      1
   189    323      1
   190     17      1
   190     78      1
   190     81      1
   190    278      1
   191    187      1
   191     29      1
   191    394      1
   192     70      1
   192     74      1
   192    369      1
   193    188      1
   193    150      1
   193    290      1
   193    336      1
   193    344      1
   194    155      1
   194     74      1
   194    207      1
   194    282      1
   195     68      1
   195     38      1
   195      4      1
   195    218      1
   195    234      1
   195    336      1
   196    178      1
   196    120      1
   196    111      1
   196    373      1
   197     95      1
   197     53      1
   197    123      1
   197    233      1
   197    240      1
   197    260      1
   197    286      1
   197    290      1
   198    183      1
   198    109      1
   198     40      1
   198    367      1
   199    183      1
   199    187      1
   199    155      1
   199    252      1
   199    289      1
   200     95      1
   200    176      1
   200    173      1
   200    294      1
   201    171      1
   201    128      1
   201    324      1
   201    354      1
   202     80      1
   202    165      1
   202    131      1
   202    207      1
   202    365      1
   203    118      1
   203    168      1
   203     98      1
   204    151      1
   204    106      1
   204     90      1
   205     70      1
   205     39      1
   205     31      1
   205    285      1
   206     38      1
   206      6      1
   206     42      1
   206    311      1
   207    202      1
   207     95      1
   207    194      1
   207    336      1
   208    133      1
   208    163      1
   209     41      1
   209     25      1
   209    254      1
   210     36      1
   210    154      1
   210    315      1
   211    165      1
   211     58      1
   211    121      1
   211    273      1
   211    283      1
   211    317      1
   211    378      1
   212    105      1
   212      9      1
   212    141      1
   212    244      1
   213      6      1
   213    177      1
   213      0      1
   213    319      1
   214    146      1
   214     17      1
   214    223      1
   214    346      1
   215    169      1
   215    149      1
   215    325      1
   215    361      1
   216    107      1
   216     97      1
   216    233      1
   216    264      1
   216    270      1
   217    126      1
   217     81      1
   217     13      1
   217    356      1
   218    195      1
   218     42      1
   218    107      1
   218    221      1
   218    223      1
   218    249      1
   219     48      1
   219      0      1
   219    234      1
   219    395      1
   220      7      1
   220     21      1
   220    265      1
   220    331      1
   221     99      1
   221     86      1
   221    218      1
   221    270      1
   221    320      1
   222    158      1
   222    131      1
   222    300      1
   222    372      1
   223    218      1
   223    214      1
   223    375      1
   224    119      1
   224    128      1
   224    310      1
   224    329      1
   224    347      1
   225    158      1
   225    174      1
   225     93      1
   225    235      1
   226      7      1
   226      5      1
   226    172      1
   226    243      1
   226    254      1
   227     10      1
   227     20      1
   227    161      1
   227    229      1
   227    389      1
   228    141      1
   228    101      1
   228     88      1
   228    273      1
   229     92      1
   229     75      1
   229    227      1
   229    238      1
   229    302      1
   230     84      1
   230    166      1
   230      2      1
   231    136      1
   231     40      1
   231    236      1
   231    390      1
   232     95      1
   232     89      1
   232    274      1
   233     84      1
   233    197      1
   233    216      1
   233    248      1
   233    257      1
   234    195      1
   234    219      1
   234    334      1
   235    225      1
   235     55      1
   235    292      1
   235    304      1
   236    231      1
   236     93      1
   236     24      1
   236    259      1
   236    333      1
   236    383      1
   237    150      1
   237    115      1
   237    318      1
   238    229      1
   238      2      1
   238     95      1
   238    248      1
   238    309      1
   239    165      1
   239    136      1
   240    168      1
   240    197      1
   240     55      1
   240    256      1
   240    276      1
   241    187      1
   241    105      1
   241    150      1
   242    164      1
   242     91      1
   242    338      1
   243     42      1
   243    226      1
   243    343      1
   244    212      1
   244    133      1
   244    187      1
   244    266      1
   244    304      1
   244    325      1
   245     60      1
   245     29      1
   245    263      1
   246     62      1
   246    117      1
   246     43      1
   247     97      1
   247     92      1
   247    147      1
   247    262      1
   247    265      1
   247    377      1
   248    233      1
   248    238      1
   248     68      1
   248    304      1
   248    397      1
   249    102      1
   249    218      1
   249     31      1
   249    348      1
   250     61      1
   250     80      1
   250    318      1
   250    355      1
   251     67      1
   251     28      1
   251     86      1
   251    291      1
   252     68      1
   252    134      1
   252    199      1
   252    284      1
   252    370      1
   252    387      1
   253     34      1
   253      1      1
   253    264      1
   254    209      1
   254    226      1
   254     62      1
   254    312      1
   254    329      1
   255     76      1
   255     27      1
   256     74      1
   256     59      1
   256    240      1
   257    233      1
   257     26      1
   257     53      1
   257    323      1
   258    155      1
   258    102      1
   259    143      1
   259    148      1
   259    236      1
   260    197      1
   260     14      1
   261     96      1
   261     45      1
   262     35      1
   262    247      1
   262     30      1
   262    285      1
   263    106      1
   263    245      1
   263     94      1
   263    266      1
   263    281      1
   263    347      1
   263    362      1
   264    253      1
   264    216      1
   264    279      1
   264    308      1
   264    379      1
   265    220      1
   265    247      1
   265     55      1
   265    345      1
   266    263      1
   266    173      1
   266    244      1
   266    277      1
   266    313      1
   267     17      1
   267    165      1
   267    292      1
   268    161      1
   268    174      1
   268    284      1
   268    288      1
   268    330      1
   268    385      1
   269     61      1
   269    158      1
   270    221      1
   270    216      1
   270      2      1
   271    125      1
   271    117      1
   271     28      1
   271    351      1
   272      4      1
   272     65      1
   272    186      1
   272    282      1
   273    211      1
   273     39      1
   273    228      1
   273    296      1
   273    309      1
   273    374      1
   273    388      1
   274    232      1
   274    124      1
   274    303      1
   275     77      1
   275    188      1
   275     78      1
   275    291      1
   275    350      1
   275    394      1
   276    109      1
   276    240      1
   276     13      1
   276    294      1
   276    389      1
   277     66      1
   277    266      1
   277    323      1
   277    339      1
   278     26      1
   278    111      1
   278    190      1
   279     26      1
   279     37      1
   279    264      1
   280    121      1
   280    142      1
   280    332      1
   281     62      1
   281    263      1
   281    339      1
   281    376      1
   281    399      1
   282    194      1
   282    272      1
   282    144      1
   282    384      1
   283    211      1
   283    159      1
   283    298      1
   284     18      1
   284    268      1
   284    252      1
   285    262      1
   285    205      1
   285    354      1
   286    143      1
   286     69      1
   286    197      1
   287     85      1
   287    119      1
   287    353      1
   288    268      1
   288     33      1
   288    107      1
   289    126      1
   289    199      1
   289    124      1
   290    197      1
   290    193      1
   291    275      1
   291    251      1
   291    353      1
   292    235      1
   292    267      1
   292     30      1
   292    293      1
   293     62      1
   293     67      1
   293    292      1
   293    360      1
   294    276      1
   294    200      1
   294    135      1
   295     48      1
   295     15      1
   295    393      1
   296    273      1
   296    136      1
   296    391      1
   297     77      1
   297     57      1
   297    142      1
   298    123      1
   298    283      1
   298    136      1
   298    343      1
   299    179      1
   299    134      1
   299    113      1
   299    307      1
   299    317      1
   300    222      1
   300     71      1
   300    389      1
   301     78      1
   301     54      1
   302    229      1
   302     87      1
   302    388      1
   303    274      1
   303     63      1
   303    352      1
   303    369      1
   304    248      1
   304    244      1
   304    235      1
   304    325      1
   304    328      1
   304    331      1
   304    357      1
   304    363      1
   305    131      1
   305     39      1
   306     71      1
   306     49      1
   306     69      1
   307    299      1
   307    135      1
   307    316      1
   308    159      1
   308    264      1
   308    327      1
   309    238      1
   309     35      1
   309    273      1
   310    224      1
   310     99      1
   311    206      1
   311      1      1
   311     54      1
   312     54      1
   312     56      1
   312    254      1
   312    317      1
   313    266      1
   313     94      1
   314     97      1
   314    101      1
   315    210      1
   315     51      1
   315    179      1
   315    341      1
   316     48      1
   316    307      1
   317    211      1
   317    312      1
   317    299      1
   318    166      1
   318    237      1
   318    250      1
   318    346      1
   319     51      1
   319    213      1
   320     38      1
   320    221      1
   321     73      1
   321    171      1
   321    177      1
   322    180      1
   322     46      1
   322    177      1
   323    277      1
   323    257      1
   323    189      1
   323    397      1
   324    201      1
   324     14      1
   324    141      1
   324    342      1
   325    244      1
   325    215      1
   325    304      1
   325    333      1
   326     70      1
   326     73      1
   326    398      1
   327    156      1
   327     85      1
   327    308      1
   328     74      1
   328    304      1
   328     63      1
   329    254      1
   329    224      1
   330    268      1
   330     65      1
   330    352      1
   331     88      1
   331    220      1
   331    304      1
   332    280      1
   332    112      1
   333    325      1
   333    114      1
   333    236      1
   334     50      1
   334    234      1
   335    182      1
   335    107      1
   336    193      1
   336    195      1
   336    207      1
   337    162      1
   337     49      1
   338    242      1
   338     44      1
   339    277      1
   339    281      1
   339    340      1
   340     41      1
   340    339      1
   341     36      1
   341    315      1
   341    126      1
   341    392      1
   342    147      1
   342    185      1
   342    324      1
   343    243      1
   343    298      1
   343     53      1
   343    369      1
   343    381      1
   344    112      1
   344    137      1
   344    193      1
   345    132      1
   345    265      1
   345    357      1
   346    318      1
   346    173      1
   346    214      1
   346    361      1
   347      0      1
   347    224      1
   347    263      1
   347    348      1
   348    249      1
   348    347      1
   349      3      1
   349    153      1
   350     63      1
   350    275      1
   350    357      1
   351     92      1
   351    271      1
   351     46      1
   351    374      1
   352    330      1
   352    303      1
   353    187      1
   353    287      1
   353    291      1
   354    201      1
   354    285      1
   355    250      1
   355     54      1
   355     52      1
   356     84      1
   356     51      1
   356    217      1
   357    350      1
   357    345      1
   357    304      1
   358     47      1
   358     24      1
   359    155      1
   359    132      1
   359     45      1
   360    145      1
   360    293      1
   361    215      1
   361    121      1
   361    346      1
   362     23      1
   362    263      1
   363      7      1
   363    304      1
   364     13      1
   364     23      1
   365    202      1
   365     88      1
   366    175      1
   366    123      1
   367    198      1
   367     58      1
   367    179      1
   368    173      1
   368     49      1
   369    303      1
   369    343      1
   369    192      1
   370     94      1
   370    137      1
   370    252      1
   371     45      1
   371     15      1
   372     53      1
   372    222      1
   372    100      1
   372    396      1
   373    151      1
   373    142      1
   373    196      1
   374    273      1
   374     65      1
   374    351      1
   375    223      1
   375    106      1
   375    382      1
   376     55      1
   376    281      1
   377    247      1
   377      3      1
   378    211      1
   378     43      1
   379    264      1
   379      6      1
   379    387      1
   380     35      1
   380     78      1
   380    175      1
   381     78      1
   381    343      1
   382     72      1
   382    375      1
   382    395      1
   383    131      1
   383    236      1
   384    282      1
   384     15      1
   384     41      1
   385    112      1
   385    268      1
   386     48      1
   386    144      1
   386     26      1
   387    252      1
   387    379      1
   387     34      1
   388    302      1
   388    273      1
   388     89      1
   389    227      1
   389    300      1
   389    276      1
   390    135      1
   390    231      1
   390     22      1
   391     12      1
   391    296      1
   391    179      1
   392     45      1
   392    341      1
   393     59      1
   393    295      1
   394    275      1
   394    191      1
   395    160      1
   395    382      1
   395    219      1
   396    372      1
   396    157      1
   397    248      1
   397    323      1
   397     35      1
   398    129      1
   398    326      1
   399     72      1
   399     63      1
   399    281      1
