COORD_X_Y 400
  1.13055   1.44572
   2.5725   2.78398
   1.0149  0.268052
  1.73469   2.94331
   1.1994  0.914404
 0.738219  0.302393
  2.52799   1.84227
 0.655011  0.292236
 0.997157   2.55993
  1.71653   1.34921
  1.14088    2.1322
   2.2449   1.27724
  1.36681  0.232657
  2.09455    2.8694
  1.82327   1.21746
 0.139509   1.26384
  2.24765   2.70633
  2.16769   2.69561
  1.67279   1.18413
  1.90331   1.36198
  1.65303  0.375161
 0.129687   2.37013
  1.95623   2.43124
  1.09728    0.2324
  2.51885   1.30911
  1.99426    2.9951
  1.83253   1.58474
 0.640611 0.00596731
  2.54136 0.0412181
  1.62569  0.623998
  2.99893   2.67765
 0.750312   1.44114
  1.84878   2.95569
 0.754977   2.51009
 0.130025   2.32334
  2.04155  0.064273
  2.71044   2.25395
  1.51684   1.91805
 0.933181   2.61198
  1.50575  0.952653
 0.803379   2.19757
  0.85914   1.14586
  1.80249    1.7598
  2.79852  0.426947
 0.929564   2.84509
  0.55884   1.96217
  2.35883   2.17551
 0.627275    1.2191
  1.03652  0.989011
  1.12432  0.884819
  2.60408   1.77086
 0.468693   1.91155
   2.8787   1.84466
  2.51976   1.92956
  1.38098   1.74316
  2.23324   0.43891
 0.378929  0.165412
  2.56279  0.430069
  2.69485   2.56946
  1.39873  0.561801
 0.237638   1.71496
  1.21329  0.635992
   2.7496   1.60253
  1.34142  0.252598
  1.46936    1.2236
 0.468241  0.199017
 0.854596   2.32664
  1.24948  0.530751
   2.2949   2.24452
  2.89024   2.10246
  1.25967   2.62268
  1.74642   2.32144
  2.29329  0.247927
  2.19871   1.92462
  2.21542   2.30663
  1.13969  0.952021
   2.0831   2.94278
  1.07705   1.61317
  2.75022  0.937809
  2.11113   1.71241
  2.80428  0.165943
  1.40729   2.05629
 0.341819   1.08761
   2.2003  0.916104
  2.23617  0.256734
 0.904118  0.649946
  0.10576   1.15097
 0.846999    2.6213
  2.82373   1.65427
  1.87781   2.85372
0.0734848   1.70114
 0.980957   2.55719
 0.476127   1.53035
 0.683828   2.03458
  1.76805   1.00648
  1.04894  0.266333
 0.415029   2.10369
  1.63116   2.51247
  0.89874  0.978437
  1.83085   1.09682
  1.34954   1.68722
  1.80747   2.82296
  2.90736   2.19058
  2.45722   2.82898
 0.377515   2.16508
  1.89008  0.713329
 0.891156   2.66852
  2.22739   1.02898
  0.39252  0.610301
  1.43801  0.775523
   1.2627   2.30168
  1.42302   0.59216
  2.06333   2.80921
  1.43479  0.742235
 0.214308   2.04796
   1.1761   2.01863
  2.79315   1.76861
0.0621864  0.576533
  1.51024    2.0448
0.00887096   1.73379
   0.3942   1.02562
  2.06554   2.15495
   2.1786  0.721546
  1.27984   2.92332
   0.3691   2.30415
  2.23607   1.75617
 0.758898   2.67956
  2.43792   1.83997
  2.95635  0.661113
  2.63344   2.30174
  2.01896   2.16674
  1.76346    2.3718
  1.78199   0.56385
  2.55664   1.76437
  1.12098   1.08331
  2.85728   1.39102
  1.78887   2.83552
  2.86819   2.23434
  2.16055   2.18596
 0.491151   2.05658
  1.23371   1.29121
 0.940448   2.10589
   2.4995  0.620331
  2.11248   1.17041
  2.06348   1.32365
 0.143195  0.818826
  2.95908   1.22777
  2.56254  0.723379
  1.90478  0.586612
0.0701616  0.906655
  1.88171   1.92645
  1.53834   2.89553
  2.10279   2.53349
  1.77718   2.54973
  2.35711   1.18649
  2.06184   1.71591
  2.92446   2.81184
  2.99502   2.56428
  1.24549  0.870917
  2.58759   1.38564
  1.98564   1.93635
  1.27146   2.49907
  0.26358   1.54821
  1.59543   2.29204
 0.566637   1.51451
 0.822387  0.438391
  1.56952    2.8517
  1.07576   1.84748
  2.15647   1.82421
  2.26992   2.05649
  2.00885   1.85892
  2.86882   2.12417
 0.254854   1.99711
  2.71748  0.145115
  1.74481   2.44411
  1.23415  0.881969
0.0754289   2.81855
0.0294597   2.87885
 0.479743   2.64259
  2.88873   1.78401
  2.40544   2.22083
 0.216633  0.409923
  1.36275   2.78202
  1.14563   1.98753
  2.37017   1.56641
 0.681125  0.437932
  1.18302   2.50943
  2.84728   2.21534
  2.07457   2.37564
 0.802117   2.25265
   2.6396  0.761776
  2.69866   2.00629
 0.555387   1.46845
0.0179431   2.39738
   1.9869  0.272719
  2.20025 0.0868941
  1.92424   2.56602
   1.2481   1.89122
  1.85334   2.67292
  2.40231   1.62082
   2.2519    1.1942
  2.99565   2.47081
  2.49839   2.81672
 0.231587   0.97346
 0.366146   1.88218
  2.35815   1.50194
   1.4264  0.763482
 0.854066    1.7864
 0.473565  0.375806
  2.57219   2.45175
  1.59014  0.769223
  1.17208   1.97755
 0.282163   2.15247
 0.633123    1.8518
  2.82927   2.88823
  2.99958    2.7893
 0.655234   1.94236
0.0117134   1.29801
  2.66258  0.423573
 0.809911   1.37289
  2.26084   2.73239
  2.17977  0.953488
 0.199471   2.69237
  1.51635    1.6722
  2.64677  0.399007
  2.00867   2.26033
  1.76424   2.50591
0.0850201  0.666224
 0.404164   2.23983
   2.9828  0.592969
0.0350338  0.381321
    2.767   2.72297
  1.66808 0.0722453
  2.81899     2.348
  1.01647  0.157376
  1.73271   2.44736
  1.22221   2.72081
   1.8805   1.38727
  2.59911   2.46691
  2.82212   1.77988
  1.31185   2.16694
 0.184697   2.71406
  2.36885  0.302667
  2.69504  0.238429
 0.437207   1.12226
 0.273011   2.23324
 0.278126   2.23824
  1.89003   2.59044
 0.870238   1.33272
  1.27233   1.25611
  2.91823   2.74273
   1.3088   1.53051
  1.94039 0.0637087
   1.1623   2.08553
  2.99709   2.54067
 0.341877 0.0890107
   1.8885   0.26705
  1.46852   1.80199
  1.08193   1.00001
  2.52588  0.136734
   1.1833  0.679675
  1.49739   1.78602
  1.08896   2.38161
   1.4578   1.64296
  1.89235  0.507117
  1.43316   2.74762
  2.85383  0.905825
  2.27817  0.845983
    2.243   2.80706
 0.290859   1.23487
 0.919775   2.81066
   1.0871   2.72387
  2.36363   2.34033
   2.5401  0.311884
  1.83559   2.77364
  2.26027  0.575226
  1.14528   1.24366
  1.97537   2.81596
  1.09501  0.272723
  2.08025   1.16157
  1.22758  0.240662
  1.58985   0.16161
  2.77026  0.539202
  1.55488    1.5338
 0.496717    2.1363
 0.255992   2.36724
  1.57889  0.533121
 0.636556   1.10301
  1.19659   2.63182
  0.89622   2.21188
  1.72868  0.697001
 0.865506   2.98372
  1.00826  0.834315
  2.07228   2.61525
 0.841516  0.310309
  2.84306  0.342208
  1.75699  0.826083
  2.76745   1.31969
 0.789036  0.779682
  2.24749   1.01677
  2.88341   2.51999
0.0526346   1.60686
  2.28362   2.37222
  2.33049   1.16633
  2.68845    2.7407
0.0303711   2.95203
  1.07708   1.47395
  1.49511   2.58031
 0.341797   1.33421
  2.23555  0.288583
 0.858247  0.645845
  2.37524   2.27623
  2.80459   2.51959
  1.07732  0.654367
  1.20333   1.47897
 0.619033  0.076957
 0.159583  0.355263
 0.352244   1.91429
  1.30465   1.39923
 0.372314   1.74357
  1.69238   2.01186
  1.73478    2.9241
  2.79454   2.63655
  2.46235   2.37441
 0.124677   1.01706
  1.37352  0.687411
  1.49149   1.35805
   2.7621   2.04071
  2.36479  0.224179
 0.718795   0.03769
  1.55134  0.926917
  0.38775   1.63562
0.0309971   1.98935
  2.58403  0.082681
   2.7634   1.93933
  1.54236   1.97998
  1.03261   1.00673
  2.35243  0.264739
  2.71866   2.91747
  1.49298   2.61884
  1.20577   1.92849
 0.284943   1.86534
 0.451908   1.57384
 0.784704   1.90142
 0.757973   0.56871
 0.952564   1.01418
  2.02511  0.777631
 0.484745 0.0420673
0.00465117   1.48033
  1.98173   2.33794
  1.15033   2.42791
 0.465596   2.75234
  2.23748  0.333975
   2.1545   1.86126
 0.279811    1.6977
  2.03536   1.45507
  2.71033   2.32961
  2.28107    1.1257
  1.57932   2.36643
 0.882942   1.26849
  2.43983  0.310456
  1.95062   1.77395
 0.810612  0.994987
 0.211413   1.88598
  1.38547    1.6138
  1.88314 0.0979304
  1.29312   2.50738
  1.58314   2.29648
  2.37833  0.617312
  1.77865  0.559385
  2.86291  0.435233
0.00443373  0.996061
 0.536808 0.0564315
 0.349366    2.8824
 0.618725   1.81854
  1.16565   1.22484
  2.72195   2.87293
  2.23341   1.08986
  1.98669   2.17064
 0.846309  0.381023
 0.776567   1.80306
  1.59182   1.76842
0.0752434  0.412408
 0.701974  0.784874
   1.4794   2.92452
0.0901255   1.80914
  1.53947 0.0679393
  1.14649   2.76889
  2.88642   1.04899
  2.25741   1.68877
  2.40436  0.573551
  1.73843   1.53026
0.0162316   2.93065
  1.46915   2.18317
  1.71957    2.3944
 0.700074   2.78912
  1.73524   1.06472
  0.65551   2.32532
  2.85468  0.166211
  2.25729   1.81094
LINKS_SOURCE_DESTINATION_DISTANCE 1984
     0      1      1
     0      2      1
     0      3      1
     0      7      1
     0      9      1
     0     10      1
     0     12      1
     0     13      1
     0     16      1
     0     17      1
     0     24      1
     0     29      1
     0     30      1
     0    110      1
     0    351      1
     1      0      1
     1      5      1
     1      8      1
     1     10      1
     1     14      1
     1     90      1
     1    115      1
     1    149      1
     1    174      1
     1    187      1
     2      0      1
     2      4      1
     2      6      1
     2      7      1
     2      9      1
     2     24      1
     2     36      1
     2     42      1
     2     61      1
     3      0      1
     3      4      1
     3      5      1
     3     11      1
     3     13      1
     3     15      1
     3     42      1
     3     86      1
     3     93      1
     3    107      1
     3    245      1
     3    257      1
     3    307      1
     3    339      1
     3    361      1
     4      3      1
     4      2      1
     4     15      1
     4     24      1
     4     34      1
     4     51      1
     4     64      1
     4    145      1
     4    176      1
     4    294      1
     4    310      1
     5      3      1
     5      1      1
     5      6      1
     5     26      1
     5     28      1
     5     29      1
     5     31      1
     5     47      1
     5     54      1
     5     98      1
     5    122      1
     5    163      1
     5    306      1
     6      2      1
     6      5      1
     6      9      1
     6     11      1
     6     20      1
     6     37      1
     6     38      1
     6     39      1
     6     60      1
     6     74      1
     6     80      1
     6    136      1
     6    249      1
     6    312      1
     7      2      1
     7      0      1
     7      8      1
     7     10      1
     7     12      1
     7     23      1
     7    117      1
     7    126      1
     7    231      1
     8      7      1
     8      1      1
     8     14      1
     8     32      1
     8     41      1
     8     60      1
     8    160      1
     8    162      1
     8    348      1
     9      6      1
     9      0      1
     9      2      1
     9     11      1
     9     19      1
     9     20      1
     9     27      1
     9     34      1
     9     39      1
     9     74      1
     9     93      1
     9    124      1
     9    278      1
     9    346      1
     9    356      1
    10      0      1
    10      7      1
    10      1      1
    10    284      1
    10    287      1
    10    305      1
    11      3      1
    11      6      1
    11      9      1
    11     16      1
    11     48      1
    11     50      1
    11     78      1
    11     83      1
    11     84      1
    11     95      1
    11    111      1
    11    114      1
    11    122      1
    11    144      1
    12      0      1
    12      7      1
    12     15      1
    12     18      1
    12     22      1
    12     23      1
    12     26      1
    12     29      1
    12     35      1
    12     40      1
    12     55      1
    12     64      1
    12    134      1
    12    167      1
    12    212      1
    12    254      1
    12    398      1
    13      3      1
    13      0      1
    13     14      1
    13     25      1
    13    207      1
    14     13      1
    14      1      1
    14      8      1
    14     37      1
    14     40      1
    14     45      1
    14     46      1
    14     84      1
    14     94      1
    14    120      1
    14    248      1
    14    338      1
    15     12      1
    15      3      1
    15      4      1
    15     21      1
    15     31      1
    15     70      1
    15     98      1
    15    103      1
    15    164      1
    15    178      1
    15    322      1
    16      0      1
    16     11      1
    16     17      1
    16     18      1
    16     21      1
    16     22      1
    16    181      1
    16    236      1
    16    380      1
    17     16      1
    17      0      1
    17     19      1
    17     56      1
    17     91      1
    17    130      1
    17    139      1
    17    176      1
    17    292      1
    17    302      1
    17    327      1
    18     12      1
    18     16      1
    18     19      1
    18     40      1
    18     48      1
    18     57      1
    18     67      1
    18     71      1
    18     89      1
    18    131      1
    18    167      1
    18    300      1
    19     17      1
    19      9      1
    19     18      1
    19     25      1
    19     26      1
    19     30      1
    19     32      1
    19     43      1
    19     69      1
    19     72      1
    19    102      1
    19    126      1
    19    162      1
    19    175      1
    19    188      1
    19    215      1
    19    229      1
    19    255      1
    20      9      1
    20      6      1
    20     21      1
    20     25      1
    20     65      1
    20     79      1
    20    140      1
    20    182      1
    20    183      1
    20    385      1
    21     16      1
    21     20      1
    21     15      1
    21     22      1
    21     34      1
    21     42      1
    21     59      1
    21    106      1
    21    110      1
    21    149      1
    22     16      1
    22     12      1
    22     21      1
    22     78      1
    22     85      1
    22    141      1
    22    214      1
    23      7      1
    23     12      1
    23     33      1
    23     36      1
    23     44      1
    23     86      1
    23    108      1
    23    157      1
    23    176      1
    23    180      1
    23    241      1
    23    324      1
    24      0      1
    24      2      1
    24      4      1
    24     47      1
    24     58      1
    24     62      1
    24    104      1
    25     19      1
    25     13      1
    25     20      1
    25     28      1
    25    143      1
    25    162      1
    25    284      1
    25    310      1
    26     19      1
    26      5      1
    26     12      1
    26     27      1
    26     41      1
    26     44      1
    26     53      1
    26     85      1
    26    165      1
    26    379      1
    27      9      1
    27     26      1
    27     36      1
    27    113      1
    27    145      1
    27    189      1
    27    195      1
    27    316      1
    27    393      1
    28     25      1
    28      5      1
    28     35      1
    28     60      1
    28    236      1
    28    255      1
    28    369      1
    29      5      1
    29      0      1
    29     12      1
    29     45      1
    29     55      1
    29     66      1
    29     80      1
    29     87      1
    29    120      1
    29    223      1
    29    352      1
    30      0      1
    30     19      1
    30     61      1
    30    118      1
    30    125      1
    30    211      1
    30    245      1
    30    379      1
    30    397      1
    31     15      1
    31      5      1
    31     50      1
    31     53      1
    31     64      1
    31     82      1
    31    109      1
    31    121      1
    32     19      1
    32      8      1
    32     33      1
    32     37      1
    32     43      1
    32     51      1
    32     63      1
    32     75      1
    33     32      1
    33     23      1
    33     46      1
    33     53      1
    33     65      1
    33    227      1
    33    330      1
    34      4      1
    34     21      1
    34      9      1
    34     47      1
    34     62      1
    34     73      1
    34     77      1
    34     90      1
    34    132      1
    34    196      1
    34    238      1
    34    260      1
    34    294      1
    34    320      1
    34    366      1
    35     12      1
    35     28      1
    35     38      1
    35     41      1
    35    134      1
    35    156      1
    35    324      1
    35    375      1
    35    393      1
    36     23      1
    36     27      1
    36      2      1
    36     39      1
    36     49      1
    36     67      1
    36    117      1
    36    157      1
    36    158      1
    36    261      1
    37      6      1
    37     14      1
    37     32      1
    37     38      1
    37     52      1
    37     63      1
    37    173      1
    37    217      1
    37    244      1
    37    347      1
    38      6      1
    38     37      1
    38     35      1
    38     96      1
    38    123      1
    38    128      1
    38    220      1
    39      6      1
    39      9      1
    39     36      1
    39     49      1
    39     66      1
    39     82      1
    39     87      1
    39    123      1
    39    159      1
    40     14      1
    40     18      1
    40     12      1
    40     44      1
    40     70      1
    40    102      1
    40    163      1
    40    214      1
    40    261      1
    40    274      1
    40    367      1
    41     26      1
    41     35      1
    41      8      1
    41     76      1
    41    214      1
    41    266      1
    42      3      1
    42      2      1
    42     21      1
    42     97      1
    42    100      1
    43     19      1
    43     32      1
    43     56      1
    43    127      1
    43    129      1
    43    170      1
    43    199      1
    43    336      1
    44     40      1
    44     23      1
    44     26      1
    44     54      1
    44     58      1
    44    112      1
    44    164      1
    44    232      1
    45     14      1
    45     29      1
    45     50      1
    45     57      1
    45    109      1
    45    202      1
    45    397      1
    46     33      1
    46     14      1
    46     59      1
    46     73      1
    46     75      1
    46     83      1
    46     86      1
    46    111      1
    46    166      1
    46    223      1
    46    311      1
    46    343      1
    47     34      1
    47      5      1
    47     24      1
    47     48      1
    47     97      1
    47    253      1
    47    273      1
    48     18      1
    48     47      1
    48     11      1
    48     82      1
    48    125      1
    49     39      1
    49     36      1
    49     52      1
    49     95      1
    49    106      1
    49    107      1
    49    121      1
    49    308      1
    49    383      1
    50     45      1
    50     31      1
    50     11      1
    50    105      1
    50    127      1
    50    142      1
    50    182      1
    50    190      1
    51      4      1
    51     32      1
    51    110      1
    51    112      1
    51    113      1
    51    242      1
    51    301      1
    52     37      1
    52     49      1
    52    103      1
    52    161      1
    52    337      1
    53     26      1
    53     31      1
    53     33      1
    53    139      1
    53    141      1
    53    224      1
    53    246      1
    53    260      1
    53    289      1
    54      5      1
    54     44      1
    54     57      1
    54     79      1
    54    128      1
    54    148      1
    54    210      1
    55     29      1
    55     12      1
    55     89      1
    55    298      1
    55    385      1
    56     43      1
    56     17      1
    56     62      1
    56     68      1
    56     81      1
    56    114      1
    56    165      1
    56    181      1
    56    247      1
    56    330      1
    56    340      1
    56    364      1
    57     18      1
    57     45      1
    57     54      1
    57     92      1
    57    194      1
    58     24      1
    58     44      1
    58    165      1
    58    196      1
    58    259      1
    59     46      1
    59     21      1
    59     67      1
    59    208      1
    59    266      1
    60     28      1
    60      6      1
    60      8      1
    60     68      1
    60     72      1
    60    216      1
    60    226      1
    60    257      1
    61      2      1
    61     30      1
    61     65      1
    61     69      1
    61     71      1
    61     72      1
    61     92      1
    61     94      1
    61    112      1
    61    119      1
    61    266      1
    62     24      1
    62     56      1
    62     34      1
    62     70      1
    62     77      1
    62    100      1
    62    137      1
    62    291      1
    63     32      1
    63     37      1
    63     99      1
    63    108      1
    63    117      1
    63    153      1
    63    170      1
    63    179      1
    63    235      1
    63    368      1
    64     12      1
    64     31      1
    64      4      1
    64     73      1
    64    191      1
    64    195      1
    65     33      1
    65     61      1
    65     20      1
    65    134      1
    65    208      1
    65    329      1
    65    361      1
    66     39      1
    66     29      1
    66    108      1
    66    130      1
    66    144      1
    66    147      1
    66    169      1
    66    346      1
    67     18      1
    67     59      1
    67     36      1
    67     68      1
    67     76      1
    67    177      1
    67    270      1
    67    275      1
    67    285      1
    68     67      1
    68     56      1
    68     60      1
    68     74      1
    68     96      1
    68    111      1
    68    185      1
    68    268      1
    69     19      1
    69     61      1
    69    115      1
    69    140      1
    69    222      1
    70     62      1
    70     40      1
    70     15      1
    70    252      1
    70    281      1
    71     18      1
    71     61      1
    71    116      1
    71    184      1
    71    315      1
    72     60      1
    72     61      1
    72     19      1
    72    101      1
    72    130      1
    72    202      1
    72    274      1
    73     34      1
    73     64      1
    73     46      1
    73    128      1
    73    180      1
    73    325      1
    73    344      1
    74      6      1
    74     68      1
    74      9      1
    74     81      1
    74     88      1
    74    150      1
    74    247      1
    75     46      1
    75     32      1
    75    205      1
    75    354      1
    75    371      1
    76     41      1
    76     67      1
    76     97      1
    76    116      1
    76    204      1
    77     34      1
    77     62      1
    77    228      1
    77    272      1
    77    285      1
    78     22      1
    78     11      1
    78    189      1
    78    249      1
    79     20      1
    79     54      1
    79     88      1
    79    172      1
    79    328      1
    80     29      1
    80      6      1
    80    169      1
    80    236      1
    80    342      1
    81     74      1
    81     56      1
    81     99      1
    81    287      1
    82     31      1
    82     39      1
    82     48      1
    82     83      1
    82    166      1
    82    382      1
    83     11      1
    83     46      1
    83     82      1
    83    104      1
    83    114      1
    83    116      1
    83    119      1
    83    135      1
    83    136      1
    83    168      1
    83    216      1
    83    259      1
    83    357      1
    84     11      1
    84     14      1
    84     91      1
    84    171      1
    84    191      1
    85     22      1
    85     26      1
    85    152      1
    85    154      1
    85    227      1
    86      3      1
    86     23      1
    86     46      1
    86    106      1
    86    109      1
    86    188      1
    86    217      1
    86    337      1
    87     39      1
    87     29      1
    87    104      1
    87    151      1
    87    193      1
    87    303      1
    87    368      1
    88     74      1
    88     79      1
    88    101      1
    88    161      1
    88    233      1
    88    254      1
    89     18      1
    89     55      1
    89     91      1
    89     93      1
    89    133      1
    89    264      1
    89    317      1
    89    389      1
    90     34      1
    90      1      1
    90    102      1
    90    198      1
    90    268      1
    91     17      1
    91     89      1
    91     84      1
    91    100      1
    91    174      1
    92     61      1
    92     57      1
    92    129      1
    92    133      1
    92    150      1
    92    164      1
    92    170      1
    92    221      1
    92    317      1
    92    395      1
    93      9      1
    93      3      1
    93     89      1
    93     94      1
    93    137      1
    93    204      1
    94     93      1
    94     61      1
    94     14      1
    94    131      1
    94    138      1
    94    146      1
    94    240      1
    94    260      1
    94    263      1
    94    281      1
    94    332      1
    95     11      1
    95     49      1
    95    180      1
    95    253      1
    95    310      1
    96     38      1
    96     68      1
    96    197      1
    96    210      1
    96    256      1
    97     42      1
    97     76      1
    97     47      1
    97    140      1
    97    192      1
    97    199      1
    97    253      1
    98     15      1
    98      5      1
    98    348      1
    98    366      1
    99     63      1
    99     81      1
    99    124      1
    99    184      1
    99    393      1
   100     91      1
   100     42      1
   100     62      1
   100    118      1
   100    126      1
   100    167      1
   100    191      1
   100    197      1
   100    288      1
   100    364      1
   101     88      1
   101     72      1
   101    105      1
   101    132      1
   101    168      1
   101    273      1
   102     40      1
   102     19      1
   102     90      1
   102    153      1
   102    178      1
   102    219      1
   102    232      1
   102    265      1
   103     52      1
   103     15      1
   103    124      1
   103    171      1
   103    282      1
   104     83      1
   104     24      1
   104     87      1
   104    135      1
   104    156      1
   104    161      1
   104    387      1
   105    101      1
   105     50      1
   105    183      1
   105    244      1
   105    250      1
   105    270      1
   106     21      1
   106     49      1
   106     86      1
   106    243      1
   106    267      1
   107     49      1
   107      3      1
   107    145      1
   107    242      1
   108     63      1
   108     23      1
   108     66      1
   108    331      1
   109     45      1
   109     31      1
   109     86      1
   109    329      1
   110     51      1
   110     21      1
   110      0      1
   110    133      1
   110    218      1
   110    264      1
   111     46      1
   111     68      1
   111     11      1
   111    156      1
   111    335      1
   112     44      1
   112     61      1
   112     51      1
   112    215      1
   112    358      1
   113     27      1
   113     51      1
   113    122      1
   113    152      1
   113    163      1
   113    240      1
   113    280      1
   113    350      1
   114     56      1
   114     11      1
   114     83      1
   114    208      1
   115      1      1
   115     69      1
   115    155      1
   115    305      1
   116     76      1
   116     83      1
   116     71      1
   116    293      1
   117     36      1
   117      7      1
   117     63      1
   117    399      1
   118     30      1
   118    100      1
   118    193      1
   119     83      1
   119     61      1
   119    138      1
   119    155      1
   119    209      1
   119    226      1
   119    269      1
   120     29      1
   120     14      1
   120    143      1
   120    200      1
   120    234      1
   120    251      1
   120    287      1
   120    306      1
   121     31      1
   121     49      1
   121    127      1
   121    132      1
   121    344      1
   122     11      1
   122      5      1
   122    113      1
   122    123      1
   122    139      1
   122    151      1
   123     38      1
   123     39      1
   123    122      1
   123    281      1
   124    103      1
   124      9      1
   124     99      1
   124    149      1
   124    186      1
   124    318      1
   125     30      1
   125     48      1
   125    147      1
   125    269      1
   125    274      1
   125    335      1
   126     19      1
   126      7      1
   126    100      1
   126    144      1
   126    155      1
   126    239      1
   126    378      1
   126    379      1
   127    121      1
   127     43      1
   127     50      1
   127    196      1
   127    286      1
   128     73      1
   128     54      1
   128     38      1
   128    148      1
   128    172      1
   128    229      1
   129     43      1
   129     92      1
   129    277      1
   130     72      1
   130     17      1
   130     66      1
   130    299      1
   130    391      1
   131     18      1
   131     94      1
   131    173      1
   132    121      1
   132     34      1
   132    101      1
   132    203      1
   132    222      1
   132    299      1
   133     89      1
   133    110      1
   133     92      1
   133    159      1
   133    206      1
   133    239      1
   133    271      1
   134     65      1
   134     12      1
   134     35      1
   134    142      1
   135     83      1
   135    104      1
   135    201      1
   135    215      1
   135    294      1
   136     83      1
   136      6      1
   137     93      1
   137     62      1
   137    166      1
   137    200      1
   137    313      1
   137    370      1
   138    119      1
   138     94      1
   138    265      1
   138    283      1
   138    395      1
   139     17      1
   139    122      1
   139     53      1
   139    160      1
   139    332      1
   139    367      1
   140     20      1
   140     69      1
   140     97      1
   140    141      1
   140    292      1
   141    140      1
   141     53      1
   141     22      1
   141    143      1
   141    146      1
   141    175      1
   141    243      1
   141    370      1
   142     50      1
   142    134      1
   142    158      1
   142    181      1
   142    373      1
   143    120      1
   143    141      1
   143     25      1
   143    188      1
   143    363      1
   144     66      1
   144     11      1
   144    126      1
   144    237      1
   144    319      1
   145    107      1
   145      4      1
   145     27      1
   145    207      1
   145    220      1
   145    311      1
   146    141      1
   146     94      1
   146    173      1
   146    219      1
   146    255      1
   147     66      1
   147    125      1
   148    128      1
   148     54      1
   148    206      1
   148    328      1
   149      1      1
   149     21      1
   149    124      1
   150     74      1
   150     92      1
   150    197      1
   151     87      1
   151    122      1
   151    231      1
   151    251      1
   151    325      1
   152     85      1
   152    113      1
   152    154      1
   152    185      1
   152    190      1
   152    279      1
   152    298      1
   153     63      1
   153    102      1
   153    158      1
   154     85      1
   154    152      1
   155    119      1
   155    115      1
   155    126      1
   156     35      1
   156    104      1
   156    111      1
   157     23      1
   157     36      1
   157    187      1
   157    297      1
   157    384      1
   158    153      1
   158     36      1
   158    142      1
   158    230      1
   158    244      1
   158    346      1
   159    133      1
   159     39      1
   159    205      1
   159    212      1
   159    360      1
   160      8      1
   160    139      1
   160    169      1
   160    187      1
   160    333      1
   161     52      1
   161    104      1
   161     88      1
   161    179      1
   161    201      1
   161    251      1
   161    312      1
   161    348      1
   162     19      1
   162     25      1
   162      8      1
   162    211      1
   162    316      1
   162    336      1
   163    113      1
   163     40      1
   163      5      1
   163    289      1
   163    357      1
   163    388      1
   164     44      1
   164     92      1
   164     15      1
   164    250      1
   164    356      1
   165     58      1
   165     56      1
   165     26      1
   165    177      1
   165    218      1
   165    278      1
   165    311      1
   166     82      1
   166    137      1
   166     46      1
   166    175      1
   166    205      1
   166    276      1
   166    341      1
   166    347      1
   166    349      1
   167    100      1
   167     18      1
   167     12      1
   167    398      1
   168     83      1
   168    101      1
   168    220      1
   169     66      1
   169    160      1
   169     80      1
   170     43      1
   170     92      1
   170     63      1
   170    213      1
   170    230      1
   171     84      1
   171    103      1
   172    128      1
   172     79      1
   172    383      1
   172    391      1
   173     37      1
   173    131      1
   173    146      1
   173    272      1
   173    334      1
   174     91      1
   174      1      1
   174    186      1
   174    198      1
   174    213      1
   174    222      1
   174    300      1
   175     19      1
   175    166      1
   175    141      1
   175    286      1
   176      4      1
   176     17      1
   176     23      1
   176    290      1
   177     67      1
   177    165      1
   177    212      1
   177    258      1
   177    305      1
   177    326      1
   177    339      1
   178     15      1
   178    102      1
   178    192      1
   178    318      1
   178    341      1
   179     63      1
   179    161      1
   179    193      1
   179    243      1
   179    273      1
   179    321      1
   179    377      1
   180     73      1
   180     95      1
   180     23      1
   180    202      1
   180    232      1
   180    308      1
   181    142      1
   181     16      1
   181     56      1
   181    248      1
   181    360      1
   182     20      1
   182     50      1
   182    199      1
   182    225      1
   182    228      1
   182    269      1
   183    105      1
   183     20      1
   183    225      1
   184     71      1
   184     99      1
   185    152      1
   185     68      1
   185    301      1
   186    124      1
   186    174      1
   186    239      1
   186    307      1
   186    325      1
   186    380      1
   187      1      1
   187    160      1
   187    157      1
   187    192      1
   188    143      1
   188     19      1
   188     86      1
   189     78      1
   189     27      1
   189    365      1
   190    152      1
   190     50      1
   190    194      1
   191     84      1
   191    100      1
   191     64      1
   191    216      1
   191    256      1
   191    296      1
   191    312      1
   191    363      1
   192    187      1
   192     97      1
   192    178      1
   192    203      1
   192    338      1
   193     87      1
   193    179      1
   193    118      1
   193    238      1
   193    297      1
   193    342      1
   194    190      1
   194     57      1
   194    209      1
   194    240      1
   194    319      1
   194    345      1
   195     27      1
   195     64      1
   195    258      1
   196    127      1
   196     58      1
   196     34      1
   197    100      1
   197     96      1
   197    150      1
   198     90      1
   198    174      1
   198    279      1
   199     43      1
   199     97      1
   199    182      1
   199    345      1
   200    137      1
   200    120      1
   200    233      1
   200    343      1
   200    362      1
   201    135      1
   201    161      1
   202     45      1
   202     72      1
   202    180      1
   203    132      1
   203    192      1
   204     93      1
   204     76      1
   204    263      1
   204    277      1
   205    166      1
   205    159      1
   205     75      1
   205    369      1
   206    133      1
   206    148      1
   206    282      1
   206    374      1
   207    145      1
   207     13      1
   208     59      1
   208    114      1
   208     65      1
   208    384      1
   208    394      1
   209    194      1
   209    119      1
   209    230      1
   209    275      1
   209    306      1
   210     96      1
   210     54      1
   210    303      1
   211     30      1
   211    162      1
   211    278      1
   212     12      1
   212    159      1
   212    177      1
   212    332      1
   212    395      1
   213    170      1
   213    174      1
   213    221      1
   214     41      1
   214     40      1
   214     22      1
   214    217      1
   214    259      1
   214    340      1
   214    359      1
   215     19      1
   215    135      1
   215    112      1
   215    308      1
   215    320      1
   215    331      1
   215    333      1
   216     60      1
   216     83      1
   216    191      1
   216    235      1
   216    271      1
   216    280      1
   216    285      1
   216    388      1
   217     37      1
   217     86      1
   217    214      1
   217    262      1
   217    267      1
   217    272      1
   217    356      1
   218    110      1
   218    165      1
   218    258      1
   218    288      1
   219    102      1
   219    146      1
   220    168      1
   220    145      1
   220     38      1
   220    252      1
   220    295      1
   221     92      1
   221    213      1
   221    223      1
   222     69      1
   222    132      1
   222    174      1
   222    224      1
   222    246      1
   222    291      1
   222    302      1
   222    375      1
   223     29      1
   223    221      1
   223     46      1
   223    321      1
   224     53      1
   224    222      1
   224    226      1
   224    270      1
   224    314      1
   225    183      1
   225    182      1
   225    234      1
   226    119      1
   226     60      1
   226    224      1
   227     85      1
   227     33      1
   228    182      1
   228     77      1
   228    250      1
   229     19      1
   229    128      1
   229    245      1
   229    351      1
   229    364      1
   230    170      1
   230    209      1
   230    158      1
   231      7      1
   231    151      1
   231    237      1
   231    268      1
   231    367      1
   232     44      1
   232    180      1
   232    102      1
   232    349      1
   233     88      1
   233    200      1
   234    225      1
   234    120      1
   234    303      1
   235     63      1
   235    216      1
   235    313      1
   235    352      1
   236     80      1
   236     16      1
   236     28      1
   237    231      1
   237    144      1
   237    377      1
   238     34      1
   238    193      1
   238    276      1
   238    331      1
   238    372      1
   239    186      1
   239    126      1
   239    133      1
   240    113      1
   240     94      1
   240    194      1
   240    241      1
   240    297      1
   241     23      1
   241    240      1
   241    295      1
   242     51      1
   242    107      1
   242    262      1
   242    324      1
   242    353      1
   242    376      1
   243    141      1
   243    179      1
   243    106      1
   243    322      1
   244    105      1
   244     37      1
   244    158      1
   244    384      1
   245      3      1
   245     30      1
   245    229      1
   246     53      1
   246    222      1
   246    257      1
   246    271      1
   246    295      1
   246    326      1
   247     56      1
   247     74      1
   248     14      1
   248    181      1
   248    347      1
   249      6      1
   249     78      1
   250    228      1
   250    105      1
   250    164      1
   250    359      1
   251    161      1
   251    151      1
   251    120      1
   251    276      1
   251    323      1
   252     70      1
   252    220      1
   252    323      1
   252    343      1
   253     47      1
   253     95      1
   253     97      1
   253    304      1
   254     88      1
   254     12      1
   254    296      1
   254    349      1
   255     19      1
   255    146      1
   255     28      1
   255    386      1
   256     96      1
   256    191      1
   256    304      1
   256    323      1
   257    246      1
   257     60      1
   257      3      1
   257    390      1
   258    195      1
   258    218      1
   258    177      1
   258    280      1
   258    394      1
   259    214      1
   259     83      1
   259     58      1
   259    288      1
   259    334      1
   260     94      1
   260     34      1
   260     53      1
   260    327      1
   261     36      1
   261     40      1
   261    283      1
   262    242      1
   262    217      1
   263     94      1
   263    204      1
   264    110      1
   264     89      1
   264    375      1
   265    102      1
   265    138      1
   265    304      1
   266     41      1
   266     61      1
   266     59      1
   267    217      1
   267    106      1
   267    334      1
   268     90      1
   268    231      1
   268     68      1
   268    290      1
   269    125      1
   269    119      1
   269    182      1
   270    224      1
   270    105      1
   270     67      1
   271    133      1
   271    246      1
   271    216      1
   272     77      1
   272    173      1
   272    217      1
   272    314      1
   273     47      1
   273    179      1
   273    101      1
   274     40      1
   274    125      1
   274     72      1
   275     67      1
   275    209      1
   275    289      1
   276    166      1
   276    251      1
   276    238      1
   276    315      1
   276    376      1
   277    204      1
   277    129      1
   277    282      1
   278      9      1
   278    211      1
   278    165      1
   278    293      1
   279    152      1
   279    198      1
   280    216      1
   280    258      1
   280    113      1
   281     70      1
   281    123      1
   281     94      1
   281    309      1
   281    378      1
   282    103      1
   282    206      1
   282    277      1
   282    345      1
   283    138      1
   283    261      1
   284     25      1
   284     10      1
   284    355      1
   285    216      1
   285     67      1
   285     77      1
   285    309      1
   285    316      1
   285    361      1
   286    175      1
   286    127      1
   287    120      1
   287     10      1
   287     81      1
   287    392      1
   288    100      1
   288    218      1
   288    259      1
   289    163      1
   289     53      1
   289    275      1
   290    268      1
   290    176      1
   290    333      1
   291     62      1
   291    222      1
   291    302      1
   292     17      1
   292    140      1
   293    116      1
   293    278      1
   294     34      1
   294    135      1
   294      4      1
   295    220      1
   295    246      1
   295    241      1
   295    385      1
   296    191      1
   296    254      1
   296    362      1
   297    240      1
   297    193      1
   297    157      1
   298    152      1
   298     55      1
   298    301      1
   298    320      1
   299    130      1
   299    132      1
   299    330      1
   299    357      1
   300    174      1
   300     18      1
   300    353      1
   300    372      1
   301    185      1
   301    298      1
   301     51      1
   301    378      1
   302    291      1
   302    222      1
   302     17      1
   302    358      1
   303    210      1
   303    234      1
   303     87      1
   303    352      1
   304    265      1
   304    253      1
   304    256      1
   305     10      1
   305    115      1
   305    177      1
   306      5      1
   306    120      1
   306    209      1
   307    186      1
   307      3      1
   308     49      1
   308    180      1
   308    215      1
   309    281      1
   309    285      1
   310      4      1
   310     95      1
   310     25      1
   311    145      1
   311    165      1
   311     46      1
   312    161      1
   312    191      1
   312      6      1
   312    355      1
   312    388      1
   313    235      1
   313    137      1
   313    382      1
   314    224      1
   314    272      1
   314    363      1
   315    276      1
   315     71      1
   316     27      1
   316    162      1
   316    285      1
   316    396      1
   317     89      1
   317     92      1
   317    351      1
   317    392      1
   318    124      1
   318    178      1
   318    386      1
   319    194      1
   319    144      1
   320    298      1
   320    215      1
   320     34      1
   321    179      1
   321    223      1
   321    337      1
   322     15      1
   322    243      1
   323    251      1
   323    252      1
   323    256      1
   323    354      1
   324     35      1
   324    242      1
   324     23      1
   324    329      1
   325    151      1
   325    186      1
   325     73      1
   325    335      1
   326    177      1
   326    246      1
   327    260      1
   327     17      1
   327    366      1
   327    373      1
   327    389      1
   328     79      1
   328    148      1
   329    324      1
   329     65      1
   329    109      1
   330    299      1
   330     33      1
   330     56      1
   331    215      1
   331    108      1
   331    238      1
   332    139      1
   332    212      1
   332     94      1
   333    290      1
   333    215      1
   333    160      1
   334    267      1
   334    173      1
   334    259      1
   334    396      1
   335    125      1
   335    325      1
   335    111      1
   335    365      1
   336    162      1
   336     43      1
   337     86      1
   337     52      1
   337    321      1
   338    192      1
   338     14      1
   338    344      1
   339      3      1
   339    177      1
   340     56      1
   340    214      1
   341    178      1
   341    166      1
   342    193      1
   342     80      1
   342    387      1
   343    252      1
   343     46      1
   343    200      1
   344    338      1
   344    121      1
   344     73      1
   344    350      1
   345    194      1
   345    282      1
   345    199      1
   346    158      1
   346      9      1
   346     66      1
   347    248      1
   347     37      1
   347    166      1
   347    390      1
   348    161      1
   348      8      1
   348     98      1
   349    166      1
   349    232      1
   349    254      1
   350    113      1
   350    344      1
   350    371      1
   351    229      1
   351      0      1
   351    317      1
   352     29      1
   352    235      1
   352    303      1
   353    242      1
   353    300      1
   354     75      1
   354    323      1
   355    284      1
   355    312      1
   356    164      1
   356      9      1
   356    217      1
   357    163      1
   357     83      1
   357    299      1
   358    302      1
   358    112      1
   358    386      1
   359    250      1
   359    214      1
   360    181      1
   360    159      1
   361     65      1
   361      3      1
   361    285      1
   362    296      1
   362    200      1
   363    191      1
   363    314      1
   363    143      1
   364     56      1
   364    229      1
   364    100      1
   364    380      1
   364    391      1
   365    189      1
   365    335      1
   365    381      1
   366     98      1
   366    327      1
   366     34      1
   366    381      1
   366    387      1
   366    399      1
   367    231      1
   367    139      1
   367     40      1
   367    374      1
   368     63      1
   368     87      1
   369    205      1
   369     28      1
   370    141      1
   370    137      1
   371     75      1
   371    350      1
   372    300      1
   372    238      1
   373    142      1
   373    327      1
   374    206      1
   374    367      1
   375    222      1
   375     35      1
   375    264      1
   376    242      1
   376    276      1
   377    179      1
   377    237      1
   378    281      1
   378    301      1
   378    126      1
   379     26      1
   379    126      1
   379     30      1
   380     16      1
   380    364      1
   380    186      1
   380    396      1
   381    366      1
   381    365      1
   382     82      1
   382    313      1
   383     49      1
   383    172      1
   384    208      1
   384    157      1
   384    244      1
   385     20      1
   385    295      1
   385     55      1
   386    358      1
   386    318      1
   386    255      1
   387    366      1
   387    104      1
   387    342      1
   388    312      1
   388    216      1
   388    163      1
   389     89      1
   389    327      1
   390    257      1
   390    347      1
   391    130      1
   391    172      1
   391    364      1
   392    287      1
   392    317      1
   393     35      1
   393     27      1
   393     99      1
   394    258      1
   394    208      1
   395    138      1
   395     92      1
   395    212      1
   396    316      1
   396    334      1
   396    380      1
   397     30      1
   397     45      1
   398     12      1
   398    167      1
   399    117      1
   399    366      1
