COORD_X_Y 400
  1.09785   1.27217
  2.69663  0.260043
  1.59642   1.27672
 0.421895   1.41747
0.0887041  0.519499
  2.38586   1.22427
   2.2744   2.70661
   2.0619  0.923728
  2.55414  0.511296
 0.467351   2.97288
  2.16599  0.253697
  1.91827   2.19755
 0.418658  0.117234
0.00157396   2.99861
  1.74059   1.13851
  2.63092   1.96224
 0.258132   2.43584
  2.24487   1.78925
 0.658307   2.99875
  2.71412   1.58355
 0.913356   2.93729
0.0422881  0.190901
  1.64112  0.585371
  1.39164   2.45711
0.0211481  0.375255
  2.30166   2.67689
  1.20745  0.536546
  1.87195 0.0543544
  1.82088   2.70023
  2.92755   1.64604
 0.220541   2.84072
 0.779025  0.261955
  0.19078    2.0662
 0.801716  0.452414
  1.41873  0.930747
 0.109055   1.07598
  1.97675    1.7931
  2.66735   2.47297
  2.67056   1.50007
 0.611526   1.24975
 0.399235   1.29475
0.0590368  0.210122
 0.736123   2.76844
  1.12597   2.77511
 0.620633   2.00702
  1.00735   2.17587
 0.793688   1.12749
 0.437967   2.20752
  1.69319   2.03815
 0.249431   1.22999
  1.38914   1.83073
 0.842854   2.61783
  2.17405   1.75147
  1.10484   2.85931
  1.60328   1.30375
  1.36404  0.878447
  2.01353   2.80946
  1.16487  0.248517
0.0378836 0.0691322
 0.685091   1.34422
 0.311814 0.0405445
0.0230305   2.31519
  2.88665   2.66755
   2.1302   2.30791
   0.4626    2.4067
 0.156814   1.18149
  2.73446   2.07544
  0.93759    2.2787
  2.51535  0.666061
  2.21909   1.16469
 0.600184   1.35642
 0.378247   2.87411
  2.78169   2.46832
  2.93602   1.13321
  2.90044 0.0900391
   2.6283   1.08744
  2.68798   2.68204
  1.73475 0.0128075
  1.67898   1.06531
  2.03356   1.89807
  1.22024  0.753761
0.0162079  0.826749
  2.09561  0.754682
  1.28552   1.86756
 0.595615   2.88057
  2.39633   2.66529
   1.2626   1.13253
  2.67004  0.111415
  2.39699   1.04654
  2.75214   1.32985
  2.79008  0.571658
  1.92665 0.0491017
 0.988818   1.85262
  2.82304   2.46045
  1.24853   2.38181
  1.62357   1.80884
   2.3584  0.433757
  2.72868  0.958292
  1.84813   1.59436
  2.96917   1.29704
 0.573129   1.34313
 0.667578   1.48182
  2.39656  0.834672
 0.356855 0.0406958
   1.4989    2.8258
  2.23806   1.74633
  1.31404   1.86096
 0.984151    2.2412
 0.307655   2.95345
  2.38792   1.89134
   1.2989   1.80461
 0.369526  0.371013
 0.319761 0.0960052
 0.980898     1.644
  2.18303  0.578145
  2.66296   2.72446
  1.40367   1.94585
  2.11319   1.57607
 0.563195   1.06785
  2.22599  0.801149
 0.635673   2.10356
 0.739493  0.911509
 0.252526 0.0897037
  1.30899  0.886096
  2.49208   1.50425
  1.66913   2.01736
 0.460996   2.16504
 0.524074   2.23273
  1.86335  0.776319
  2.08386   1.52536
 0.177481  0.251868
  1.42923   2.19914
   1.9699   1.52658
  2.78371   1.87135
  2.62914  0.931692
  1.00259   2.31297
  2.50072   2.46877
  2.77711   2.92096
  1.60919  0.441069
  2.31079   1.95973
  1.34361   1.91973
 0.030241   1.37203
 0.827473    2.8126
  1.46814  0.695992
  1.21485   2.55343
  2.15889   1.94656
 0.647218  0.806509
  1.02784    1.2387
  2.25255   2.49876
  1.94951   2.94217
  2.17451  0.607042
 0.880345   2.61151
  1.46779   2.08716
  2.63934   2.39477
 0.421344  0.244563
  2.96752   2.82062
   2.6417   1.50286
  2.19018   1.36819
 0.199806   1.00734
  1.27826   2.17535
   2.7838   1.37274
 0.296228  0.709688
 0.968796   2.16675
 0.437519   2.15639
  1.30676   1.67042
  2.10427   1.86162
  2.01384   2.38423
  2.48782   2.03815
  2.82208  0.694747
  1.17841   2.83588
 0.358688   2.08352
  2.99001   1.87542
  2.89915   1.79371
 0.584451    1.3075
   2.5243  0.890384
 0.251298   2.28373
  2.33943  0.191695
  1.38292   0.66505
  2.03022   0.53781
  2.98848   0.31701
 0.959076  0.891052
  2.76606   2.14181
  1.89027   1.30248
  1.96074   2.21495
 0.564692   2.81801
 0.434229   0.68921
  1.23163   2.48468
 0.640253   2.10775
  2.91242   1.14286
  2.19735   1.96884
 0.316869   2.22919
 0.857533  0.577772
  2.85079  0.369833
  1.87885  0.749464
  2.28606   2.33059
0.0358356  0.525646
  2.43714  0.626728
  1.95317  0.722101
  2.86689   1.54765
  2.39543   2.14665
 0.521204   1.53123
 0.575523   1.51053
  1.51484  0.787902
  2.27946  0.498926
 0.982051   2.35108
  2.72122   1.20527
0.0244732   2.31253
  1.87833   2.66612
  1.97566   1.79959
 0.478044   2.41277
  1.15124   2.54356
 0.514218  0.147297
  2.16814   2.43149
  1.57157  0.477471
  2.38968 0.0159398
  2.24918   1.66755
   2.8794   1.77602
  1.77725   2.35033
  1.38946  0.359181
  2.93638  0.399948
  2.00486   1.99388
   2.4682  0.172463
  1.26135   1.12589
  2.87046   2.73537
  2.26057   2.10731
  2.70018   1.96631
  1.35154   2.99332
  1.83196   1.39243
 0.224713   2.41325
 0.857653    2.5508
  2.77411  0.629534
 0.470123   1.39444
   2.8763   2.76852
 0.959396   1.66613
0.0603094   1.59885
0.0527253  0.729098
  1.37758   1.97035
 0.728056   1.35424
  1.19783  0.146743
 0.348679  0.398653
  2.04293   2.80146
  1.90199   2.31326
  1.12705   1.85458
  2.90338   1.45721
  1.72602    1.5162
 0.948716  0.956245
 0.854215   2.81451
  2.64417  0.427873
  0.38033   1.68943
  1.69693  0.244624
   1.9148 0.00375331
 0.682873 0.0991513
  2.88853   1.86297
   1.4858  0.983798
 0.922201   2.54291
0.0114659   1.25347
 0.200116  0.674118
  2.94559   2.72103
  1.01794   2.67857
  1.18575   2.10971
  1.39308   2.91152
  2.79189  0.218888
 0.693629   1.28046
  1.73257 0.0968905
  1.47683   2.82974
  0.68975   2.28281
 0.275543   2.40851
 0.739114   2.53557
  2.49089   2.01107
  2.34241   1.99686
  1.99175   2.74114
  1.81125  0.657014
  2.60904    2.7105
  2.03751 0.00647695
  2.95471   1.77434
  1.93319   1.82602
    2.757   1.70685
0.0670487  0.135454
  2.98103  0.783129
  1.71462   2.08036
  1.92689   2.62244
  1.78418   2.27746
   1.0439   1.43271
  2.36171   1.40117
  1.09582   2.21811
  1.81174   2.22167
  0.23016   0.58505
  1.44494   1.26843
  2.45628   2.33624
  1.51979  0.979353
  1.66549  0.540788
 0.670798  0.145897
0.0499903   1.92949
  0.71758    0.6545
  2.15596   2.89252
  1.90496   2.97273
  2.05183  0.601698
  2.92266   1.13531
 0.993117   2.61534
  2.61807   1.43053
  1.12525   2.52979
 0.511173   2.79057
 0.423836   1.26803
  1.84404  0.690033
  1.54972   2.46749
  2.87278   1.06053
 0.278913   2.52981
 0.437111   1.56504
  2.32036   1.40519
 0.279108   2.49866
 0.878858 0.0317407
  2.00744  0.618776
0.0135049   1.02955
  2.68908   2.75218
  1.76595   2.86497
  1.24234   1.76542
 0.524829  0.394235
  1.36638   1.50688
  2.65958   2.96814
 0.260396   1.22419
  1.67319  0.160186
  1.34382   1.33026
  1.19437   2.31282
  2.62524   2.99941
  2.24886   2.95401
  1.28654   2.86048
 0.999509  0.613153
  0.41555  0.533805
  2.09109   2.45101
  1.60636   2.54466
  1.97651   1.23744
  1.93573  0.751816
 0.630493  0.799833
  1.16671  0.863161
 0.488946  0.426122
  2.31366  0.993236
  2.65392   2.83965
  2.22552   2.06101
   1.2418  0.803774
  1.53529   2.36212
  1.26141   2.08282
 0.822268   2.59434
   2.4223  0.215709
  2.98039    2.1407
  1.65319   2.89459
 0.364659 0.0807381
 0.254039   2.78399
   1.4401  0.955116
  2.30805   2.12964
 0.983918   2.44153
  2.74444   2.14217
  1.86619  0.359132
  1.26322   2.39809
 0.209311   1.23433
  1.36334   2.25268
  1.16442   2.50496
 0.245734    1.6028
  1.35857   2.63587
 0.701576   2.82784
  1.06091   1.08714
  1.44069     1.952
  2.96407   1.11335
 0.204657  0.130852
  1.57383   2.84156
 0.270408   2.04921
  2.48869  0.731993
  1.46311   1.75803
   0.7468  0.848142
 0.330407   1.83748
  2.98648   1.62188
  1.31686   2.56022
  2.38854   1.71025
  1.84613   2.28793
 0.444533  0.525079
  2.57976   2.43166
  2.12828   2.51405
  1.07995   1.75316
  2.30236   2.25757
 0.127771   2.50991
 0.219562   1.17527
  2.97961   1.40051
  2.48313   2.33179
  1.20869  0.389444
0.0432533   2.79566
  2.25502   2.18963
  2.92385  0.176605
  2.26498   1.56794
  1.90667   1.55024
 0.206405   2.31043
 0.876336   2.75242
  1.40566     1.422
0.0453533   2.57212
 0.766476   1.85776
  2.20895   1.74195
 0.720875   1.95848
0.0530983   1.51383
  1.45946   1.94904
 0.466466  0.420831
  2.84332  0.321049
0.0604948  0.189046
LINKS_SOURCE_DESTINATION_DISTANCE 1982
     0      1      1
     0      3      1
     0      9      1
     0     10      1
     0     18      1
     0     57      1
     0     93      1
     0    171      1
     0    203      1
     0    366      1
     1      0      1
     1      2      1
     1      4      1
     1      5      1
     1      7      1
     1     12      1
     1     13      1
     1     15      1
     1     16      1
     1     20      1
     1     21      1
     1     28      1
     1     47      1
     1     52      1
     1     94      1
     1    297      1
     1    313      1
     1    316      1
     2      1      1
     2      4      1
     2      5      1
     2      6      1
     2      9      1
     2     10      1
     2     47      1
     2     48      1
     2     60      1
     2     69      1
     2     87      1
     2     93      1
     2    177      1
     2    226      1
     3      0      1
     3      4      1
     3      7      1
     3     13      1
     3     14      1
     3     15      1
     3     20      1
     3    164      1
     3    165      1
     3    187      1
     3    295      1
     4      1      1
     4      2      1
     4      3      1
     4      8      1
     4     11      1
     4     22      1
     4     23      1
     4     30      1
     4     31      1
     4     35      1
     4     81      1
     4    305      1
     4    399      1
     5      1      1
     5      2      1
     5      6      1
     5      8      1
     5     20      1
     5     22      1
     5     25      1
     5     33      1
     5     39      1
     5     61      1
     5     76      1
     5     86      1
     5    106      1
     5    110      1
     5    136      1
     5    192      1
     5    216      1
     5    227      1
     5    271      1
     5    285      1
     5    299      1
     6      5      1
     6      2      1
     6      7      1
     6     12      1
     6     13      1
     6     18      1
     6     27      1
     6     52      1
     6    303      1
     6    308      1
     7      6      1
     7      3      1
     7      1      1
     7      9      1
     7     11      1
     7     14      1
     7     50      1
     7     53      1
     7     54      1
     7     62      1
     7     89      1
     7    181      1
     7    221      1
     7    227      1
     7    255      1
     7    336      1
     8      4      1
     8      5      1
     8     10      1
     8     19      1
     8     28      1
     8     29      1
     8     32      1
     8     84      1
     8    121      1
     8    360      1
     9      0      1
     9      7      1
     9      2      1
     9     12      1
     9     14      1
     9     17      1
     9     23      1
     9     26      1
     9     29      1
     9     51      1
     9     55      1
     9    153      1
     9    186      1
     9    195      1
     9    206      1
     9    212      1
     9    367      1
    10      2      1
    10      0      1
    10      8      1
    10     24      1
    10     42      1
    10     54      1
    10    103      1
    10    158      1
    10    235      1
    10    266      1
    10    328      1
    11      4      1
    11      7      1
    11     16      1
    11     17      1
    11     21      1
    11     25      1
    11     26      1
    11     27      1
    11     33      1
    11     46      1
    11     80      1
    11    120      1
    11    288      1
    12      9      1
    12      1      1
    12      6      1
    12     23      1
    12     26      1
    12     40      1
    12     41      1
    12     57      1
    12     58      1
    12     75      1
    12     80      1
    12     83      1
    12    101      1
    12    103      1
    12    111      1
    12    135      1
    12    162      1
    13      1      1
    13      3      1
    13      6      1
    13     16      1
    13     42      1
    13     57      1
    13     90      1
    13     96      1
    13    145      1
    13    184      1
    13    256      1
    13    277      1
    14      3      1
    14      9      1
    14      7      1
    14     30      1
    14     35      1
    14     38      1
    14    108      1
    14    117      1
    14    119      1
    14    157      1
    14    386      1
    15      1      1
    15      3      1
    15     19      1
    15     56      1
    15     86      1
    15     99      1
    15    102      1
    15    129      1
    15    232      1
    15    252      1
    16     11      1
    16      1      1
    16     13      1
    16     22      1
    16     32      1
    16     95      1
    16    326      1
    17     11      1
    17      9      1
    17     18      1
    17     25      1
    17     36      1
    17     55      1
    17     71      1
    17     73      1
    17    104      1
    17    183      1
    17    214      1
    18      6      1
    18      0      1
    18     17      1
    18     31      1
    18     32      1
    18     70      1
    18     88      1
    18    194      1
    18    211      1
    18    212      1
    18    253      1
    19     15      1
    19      8      1
    19     69      1
    19    105      1
    19    114      1
    19    130      1
    19    195      1
    19    352      1
    19    366      1
    20      1      1
    20      5      1
    20      3      1
    20     30      1
    20     40      1
    20     44      1
    20     75      1
    20    131      1
    20    232      1
    20    239      1
    20    390      1
    20    397      1
    21     11      1
    21      1      1
    21     31      1
    21     34      1
    21     41      1
    21     65      1
    21     72      1
    21     78      1
    21    134      1
    21    248      1
    21    276      1
    22     16      1
    22      4      1
    22      5      1
    22     24      1
    22    156      1
    22    184      1
    22    202      1
    22    220      1
    23      4      1
    23      9      1
    23     12      1
    23     38      1
    23    139      1
    23    168      1
    23    208      1
    24     22      1
    24     10      1
    24     49      1
    24     64      1
    24    102      1
    24    124      1
    24    162      1
    24    219      1
    25     17      1
    25     11      1
    25      5      1
    25     34      1
    25     77      1
    25     88      1
    25    155      1
    25    217      1
    25    236      1
    26     12      1
    26      9      1
    26     11      1
    26     29      1
    26     34      1
    26     43      1
    26     61      1
    26     63      1
    26     69      1
    26     72      1
    26     81      1
    26    123      1
    26    131      1
    26    142      1
    26    152      1
    26    202      1
    26    211      1
    26    365      1
    27      6      1
    27     11      1
    27     46      1
    27     47      1
    27    106      1
    27    151      1
    27    350      1
    28      1      1
    28      8      1
    28     67      1
    28    143      1
    28    388      1
    29     26      1
    29      9      1
    29      8      1
    29     74      1
    29     79      1
    29     80      1
    29     91      1
    29    171      1
    29    198      1
    29    272      1
    30     14      1
    30      4      1
    30     20      1
    30     33      1
    30     37      1
    30     42      1
    30    168      1
    30    182      1
    30    255      1
    30    322      1
    31     18      1
    31      4      1
    31     21      1
    31     37      1
    31     45      1
    31     62      1
    31     64      1
    31     78      1
    31    114      1
    31    120      1
    31    132      1
    31    178      1
    31    378      1
    32      8      1
    32     16      1
    32     18      1
    32     36      1
    32     53      1
    32    102      1
    32    205      1
    32    206      1
    33     30      1
    33      5      1
    33     11      1
    33     37      1
    33     65      1
    33     66      1
    33     68      1
    33     73      1
    33    113      1
    33    119      1
    33    167      1
    33    265      1
    33    394      1
    34     21      1
    34     25      1
    34     26      1
    34    104      1
    34    128      1
    34    151      1
    34    169      1
    34    280      1
    34    346      1
    35      4      1
    35     14      1
    35     43      1
    35     77      1
    35    136      1
    35    374      1
    36     32      1
    36     17      1
    36    130      1
    37     33      1
    37     31      1
    37     30      1
    37     39      1
    37     50      1
    37     98      1
    37    195      1
    37    199      1
    37    200      1
    37    206      1
    37    233      1
    37    252      1
    38     14      1
    38     23      1
    38     79      1
    38     91      1
    38    161      1
    38    220      1
    39     37      1
    39      5      1
    39     49      1
    39     55      1
    39     58      1
    39     60      1
    39    173      1
    40     20      1
    40     12      1
    40     46      1
    40    116      1
    40    147      1
    40    198      1
    40    234      1
    40    300      1
    40    310      1
    40    325      1
    40    340      1
    41     21      1
    41     12      1
    41     43      1
    41     44      1
    41     56      1
    41     81      1
    41     89      1
    41     95      1
    41    215      1
    42     10      1
    42     30      1
    42     13      1
    42     45      1
    42     76      1
    42     96      1
    42    127      1
    42    200      1
    43     26      1
    43     41      1
    43     35      1
    43     63      1
    43     67      1
    43    138      1
    43    141      1
    43    191      1
    44     20      1
    44     41      1
    44     58      1
    44    112      1
    44    115      1
    44    139      1
    44    242      1
    45     42      1
    45     31      1
    45     48      1
    45     49      1
    45     59      1
    45     82      1
    45     85      1
    45    159      1
    45    191      1
    45    277      1
    45    331      1
    46     11      1
    46     27      1
    46     40      1
    46     51      1
    46     70      1
    46    207      1
    46    282      1
    47      2      1
    47      1      1
    47     27      1
    47     50      1
    47     74      1
    47     75      1
    47    112      1
    47    133      1
    47    174      1
    47    249      1
    48     45      1
    48      2      1
    48     60      1
    48    121      1
    48    140      1
    48    225      1
    49     39      1
    49     24      1
    49     45      1
    49     71      1
    49    129      1
    50     47      1
    50      7      1
    50     37      1
    50     59      1
    50     71      1
    50    117      1
    50    323      1
    51      9      1
    51     46      1
    51     66      1
    51    150      1
    51    208      1
    51    212      1
    51    215      1
    52      1      1
    52      6      1
    52    126      1
    52    237      1
    53     32      1
    53      7      1
    53     68      1
    53     88      1
    53    118      1
    53    208      1
    54      7      1
    54     10      1
    54    100      1
    54    209      1
    55      9      1
    55     17      1
    55     39      1
    55    165      1
    55    254      1
    55    312      1
    56     41      1
    56     15      1
    56     64      1
    56    150      1
    56    186      1
    56    357      1
    57     13      1
    57      0      1
    57     12      1
    57     61      1
    57     91      1
    57     93      1
    57    360      1
    58     39      1
    58     44      1
    58     12      1
    58     92      1
    58    157      1
    58    199      1
    58    364      1
    58    369      1
    59     45      1
    59     50      1
    59    142      1
    59    264      1
    59    399      1
    60     48      1
    60     39      1
    60      2      1
    60     92      1
    60    210      1
    60    223      1
    61     26      1
    61     57      1
    61      5      1
    61    104      1
    61    120      1
    61    125      1
    62      7      1
    62     31      1
    62     65      1
    62     83      1
    62     87      1
    62    143      1
    62    157      1
    62    302      1
    63     43      1
    63     26      1
    63    122      1
    63    245      1
    63    306      1
    64     31      1
    64     24      1
    64     56      1
    64     68      1
    64    143      1
    64    151      1
    64    246      1
    65     33      1
    65     62      1
    65     21      1
    65    124      1
    65    218      1
    65    250      1
    65    385      1
    66     33      1
    66     51      1
    66    185      1
    67     43      1
    67     28      1
    67    113      1
    67    141      1
    67    288      1
    67    299      1
    67    322      1
    67    375      1
    68     64      1
    68     33      1
    68     53      1
    68     97      1
    68    110      1
    68    163      1
    68    243      1
    68    278      1
    68    303      1
    69      2      1
    69     26      1
    69     19      1
    69    107      1
    70     46      1
    70     18      1
    70    105      1
    70    162      1
    70    258      1
    70    284      1
    71     49      1
    71     17      1
    71     50      1
    71    145      1
    72     26      1
    72     21      1
    72    101      1
    72    109      1
    72    170      1
    72    194      1
    72    246      1
    72    267      1
    72    269      1
    72    290      1
    72    367      1
    73     33      1
    73     17      1
    73     84      1
    73     95      1
    73    119      1
    73    221      1
    74     29      1
    74     47      1
    74    247      1
    75     20      1
    75     12      1
    75     47      1
    75     82      1
    75    122      1
    75    159      1
    75    259      1
    75    330      1
    76     42      1
    76      5      1
    76    133      1
    76    204      1
    77     25      1
    77     35      1
    77     99      1
    77    100      1
    78     31      1
    78     21      1
    78     85      1
    78    112      1
    78    144      1
    78    309      1
    79     38      1
    79     29      1
    79    126      1
    79    146      1
    80     11      1
    80     12      1
    80     29      1
    80    147      1
    80    210      1
    80    265      1
    81     26      1
    81     41      1
    81      4      1
    81    180      1
    81    240      1
    81    283      1
    81    293      1
    82     75      1
    82     45      1
    82     90      1
    82     97      1
    82    138      1
    82    368      1
    83     62      1
    83     12      1
    83    117      1
    83    132      1
    83    201      1
    83    256      1
    83    308      1
    84      8      1
    84     73      1
    84    115      1
    84    125      1
    84    127      1
    84    201      1
    84    211      1
    84    225      1
    85     45      1
    85     78      1
    85    121      1
    85    149      1
    85    190      1
    85    256      1
    85    270      1
    86     15      1
    86      5      1
    86    113      1
    86    158      1
    86    231      1
    87     62      1
    87      2      1
    87    116      1
    87    241      1
    87    327      1
    87    331      1
    88     25      1
    88     53      1
    88     18      1
    88    133      1
    88    135      1
    88    253      1
    88    313      1
    88    320      1
    89     41      1
    89      7      1
    89    166      1
    89    258      1
    89    274      1
    89    289      1
    89    354      1
    90     13      1
    90     82      1
    90     97      1
    90    129      1
    90    161      1
    90    189      1
    90    215      1
    91     29      1
    91     57      1
    91     38      1
    91    217      1
    92     58      1
    92     60      1
    92     94      1
    92    115      1
    92    175      1
    92    241      1
    93     57      1
    93      2      1
    93      0      1
    93    254      1
    94      1      1
    94     92      1
    94     98      1
    94    229      1
    94    262      1
    94    288      1
    95     16      1
    95     73      1
    95     41      1
    95    111      1
    95    345      1
    95    371      1
    95    390      1
    96     42      1
    96     13      1
    96    172      1
    96    183      1
    96    332      1
    97     90      1
    97     68      1
    97     82      1
    97    233      1
    97    318      1
    97    357      1
    98     94      1
    98     37      1
    98    214      1
    98    323      1
    98    368      1
    99     15      1
    99     77      1
    99    116      1
    99    178      1
    99    236      1
    99    384      1
   100     77      1
   100     54      1
   100    213      1
   100    340      1
   101     72      1
   101     12      1
   101    106      1
   101    382      1
   102     24      1
   102     15      1
   102     32      1
   102    109      1
   102    176      1
   102    181      1
   102    238      1
   103     10      1
   103     12      1
   103    118      1
   103    137      1
   103    148      1
   103    160      1
   103    270      1
   103    279      1
   103    297      1
   103    308      1
   104     17      1
   104     34      1
   104     61      1
   104    140      1
   104    174      1
   104    369      1
   105     19      1
   105     70      1
   105    107      1
   105    108      1
   105    156      1
   105    173      1
   105    196      1
   105    216      1
   105    234      1
   106     27      1
   106    101      1
   106      5      1
   106    107      1
   106    281      1
   107     69      1
   107    106      1
   107    105      1
   107    236      1
   107    272      1
   108    105      1
   108     14      1
   108    230      1
   109    102      1
   109     72      1
   109    182      1
   109    196      1
   109    213      1
   109    380      1
   110     68      1
   110      5      1
   110    197      1
   110    230      1
   111     12      1
   111     95      1
   111    123      1
   111    203      1
   112     47      1
   112     44      1
   112     78      1
   112    125      1
   112    141      1
   112    180      1
   112    304      1
   113     33      1
   113     67      1
   113     86      1
   114     31      1
   114     19      1
   114    192      1
   114    216      1
   114    244      1
   114    285      1
   114    386      1
   115     92      1
   115     44      1
   115     84      1
   115    169      1
   115    300      1
   115    382      1
   116     87      1
   116     99      1
   116     40      1
   116    128      1
   116    132      1
   116    224      1
   117     83      1
   117     14      1
   117     50      1
   117    137      1
   117    193      1
   117    205      1
   117    249      1
   118    103      1
   118     53      1
   118    154      1
   118    178      1
   119     33      1
   119     14      1
   119     73      1
   119    128      1
   119    152      1
   119    175      1
   119    299      1
   119    365      1
   120     11      1
   120     61      1
   120     31      1
   120    185      1
   121     85      1
   121      8      1
   121     48      1
   121    123      1
   121    130      1
   121    150      1
   121    170      1
   121    251      1
   121    309      1
   122     63      1
   122     75      1
   122    169      1
   122    198      1
   122    242      1
   122    388      1
   123    121      1
   123    111      1
   123     26      1
   123    134      1
   123    246      1
   123    317      1
   123    377      1
   124     65      1
   124     24      1
   124    126      1
   124    166      1
   124    167      1
   124    168      1
   124    280      1
   124    282      1
   124    290      1
   124    301      1
   125     84      1
   125    112      1
   125     61      1
   125    137      1
   125    139      1
   125    154      1
   125    160      1
   125    189      1
   125    262      1
   126     79      1
   126    124      1
   126     52      1
   126    177      1
   126    276      1
   126    350      1
   126    375      1
   127     42      1
   127     84      1
   127    135      1
   127    284      1
   127    306      1
   128    119      1
   128     34      1
   128    116      1
   128    269      1
   128    329      1
   128    332      1
   129     15      1
   129     90      1
   129     49      1
   129    317      1
   129    359      1
   130    121      1
   130     19      1
   130     36      1
   130    144      1
   130    213      1
   130    339      1
   130    364      1
   131     26      1
   131     20      1
   131    176      1
   131    341      1
   132     31      1
   132     83      1
   132    116      1
   132    149      1
   132    329      1
   132    333      1
   133     47      1
   133     76      1
   133     88      1
   133    174      1
   134     21      1
   134    123      1
   134    161      1
   134    201      1
   134    273      1
   135     88      1
   135    127      1
   135     12      1
   135    175      1
   135    326      1
   136     35      1
   136      5      1
   136    155      1
   136    219      1
   136    268      1
   136    344      1
   136    364      1
   136    395      1
   137    125      1
   137    103      1
   137    117      1
   137    142      1
   137    153      1
   137    204      1
   137    263      1
   137    265      1
   137    314      1
   137    342      1
   138     43      1
   138     82      1
   138    176      1
   138    231      1
   139    125      1
   139     23      1
   139     44      1
   139    165      1
   139    207      1
   140     48      1
   140    104      1
   140    146      1
   140    274      1
   141     67      1
   141    112      1
   141     43      1
   141    187      1
   141    191      1
   141    235      1
   141    262      1
   141    294      1
   141    355      1
   142    137      1
   142     59      1
   142     26      1
   142    159      1
   142    163      1
   143     62      1
   143     64      1
   143     28      1
   143    293      1
   143    298      1
   144    130      1
   144     78      1
   144    222      1
   144    287      1
   144    370      1
   145     71      1
   145     13      1
   145    200      1
   145    226      1
   146     79      1
   146    140      1
   146    148      1
   146    229      1
   146    301      1
   146    309      1
   146    387      1
   147     80      1
   147     40      1
   147    188      1
   147    197      1
   147    202      1
   148    146      1
   148    103      1
   148    190      1
   148    296      1
   148    312      1
   149    132      1
   149     85      1
   149    228      1
   149    231      1
   150     51      1
   150     56      1
   150    121      1
   150    240      1
   151     34      1
   151     27      1
   151     64      1
   151    228      1
   151    238      1
   152     26      1
   152    119      1
   152    264      1
   153      9      1
   153    137      1
   153    224      1
   153    279      1
   153    351      1
   153    390      1
   154    125      1
   154    118      1
   154    209      1
   154    271      1
   154    316      1
   154    389      1
   155     25      1
   155    136      1
   155    240      1
   155    336      1
   156    105      1
   156     22      1
   156    172      1
   156    237      1
   156    250      1
   156    391      1
   157     62      1
   157     58      1
   157     14      1
   158     10      1
   158     86      1
   158    248      1
   159    142      1
   159     45      1
   159     75      1
   159    307      1
   160    103      1
   160    125      1
   160    253      1
   160    362      1
   161     38      1
   161     90      1
   161    134      1
   161    164      1
   161    185      1
   161    196      1
   162     12      1
   162     70      1
   162     24      1
   162    188      1
   162    245      1
   163     68      1
   163    142      1
   163    260      1
   163    398      1
   164    161      1
   164      3      1
   164    179      1
   165     55      1
   165    139      1
   165      3      1
   165    285      1
   165    315      1
   166    124      1
   166     89      1
   166    179      1
   166    190      1
   166    320      1
   167     33      1
   167    124      1
   167    193      1
   168     23      1
   168    124      1
   168     30      1
   168    298      1
   168    319      1
   168    376      1
   169    122      1
   169    115      1
   169     34      1
   169    258      1
   170     72      1
   170    121      1
   170    292      1
   170    306      1
   170    311      1
   171     29      1
   171      0      1
   171    232      1
   171    283      1
   172    156      1
   172     96      1
   172    192      1
   172    243      1
   172    338      1
   173     39      1
   173    105      1
   173    182      1
   173    261      1
   173    264      1
   173    371      1
   174    104      1
   174     47      1
   174    133      1
   174    298      1
   174    305      1
   174    328      1
   175     92      1
   175    135      1
   175    119      1
   175    260      1
   175    316      1
   175    363      1
   176    131      1
   176    102      1
   176    138      1
   176    362      1
   176    396      1
   177    126      1
   177      2      1
   178     31      1
   178    118      1
   178     99      1
   178    179      1
   179    164      1
   179    166      1
   179    178      1
   179    187      1
   179    226      1
   180     81      1
   180    112      1
   180    255      1
   180    311      1
   180    394      1
   181      7      1
   181    102      1
   181    291      1
   181    295      1
   181    346      1
   182    173      1
   182    109      1
   182     30      1
   182    296      1
   182    341      1
   182    370      1
   183     96      1
   183     17      1
   183    244      1
   184     22      1
   184     13      1
   184    279      1
   185     66      1
   185    120      1
   185    161      1
   185    189      1
   185    361      1
   186     56      1
   186      9      1
   186    278      1
   186    311      1
   186    372      1
   187    141      1
   187      3      1
   187    179      1
   187    286      1
   188    147      1
   188    162      1
   189    185      1
   189    125      1
   189     90      1
   189    275      1
   190     85      1
   190    148      1
   190    166      1
   190    281      1
   191     43      1
   191     45      1
   191    141      1
   192    172      1
   192      5      1
   192    114      1
   192    270      1
   192    295      1
   192    339      1
   193    117      1
   193    167      1
   193    292      1
   194     72      1
   194     18      1
   194    289      1
   194    358      1
   195      9      1
   195     19      1
   195     37      1
   195    386      1
   196    105      1
   196    161      1
   196    109      1
   196    335      1
   197    110      1
   197    147      1
   197    224      1
   198     29      1
   198    122      1
   198     40      1
   198    225      1
   198    239      1
   199     37      1
   199     58      1
   200    145      1
   200     42      1
   200     37      1
   201     84      1
   201    134      1
   201     83      1
   201    333      1
   201    343      1
   202    147      1
   202     26      1
   202     22      1
   202    203      1
   202    227      1
   202    324      1
   202    383      1
   203    202      1
   203      0      1
   203    111      1
   203    328      1
   204    137      1
   204     76      1
   205     32      1
   205    117      1
   205    287      1
   206     32      1
   206     37      1
   206      9      1
   206    376      1
   207    139      1
   207     46      1
   208     23      1
   208     53      1
   208     51      1
   208    259      1
   208    317      1
   208    347      1
   209    154      1
   209     54      1
   210     60      1
   210     80      1
   210    289      1
   210    396      1
   211     26      1
   211     18      1
   211     84      1
   211    234      1
   212     18      1
   212     51      1
   212      9      1
   213    100      1
   213    109      1
   213    130      1
   214     17      1
   214     98      1
   214    321      1
   215     90      1
   215     51      1
   215     41      1
   215    222      1
   216    105      1
   216      5      1
   216    114      1
   216    330      1
   216    385      1
   217     91      1
   217     25      1
   217    218      1
   218    217      1
   218     65      1
   218    223      1
   218    237      1
   218    267      1
   218    268      1
   218    337      1
   219    136      1
   219     24      1
   219    261      1
   219    263      1
   219    332      1
   220     38      1
   220     22      1
   220    251      1
   220    359      1
   221      7      1
   221     73      1
   221    266      1
   221    315      1
   222    215      1
   222    144      1
   223    218      1
   223     60      1
   224    197      1
   224    116      1
   224    153      1
   225    198      1
   225     48      1
   225     84      1
   225    379      1
   226      2      1
   226    179      1
   226    145      1
   227    202      1
   227      7      1
   227      5      1
   227    254      1
   228    149      1
   228    151      1
   228    373      1
   229    146      1
   229     94      1
   229    257      1
   230    108      1
   230    110      1
   231    138      1
   231    149      1
   231     86      1
   231    388      1
   232    171      1
   232     15      1
   232     20      1
   232    244      1
   232    313      1
   232    324      1
   232    361      1
   232    363      1
   233     37      1
   233     97      1
   234    211      1
   234     40      1
   234    105      1
   235    141      1
   235     10      1
   235    275      1
   236    107      1
   236     99      1
   236     25      1
   236    384      1
   237    218      1
   237     52      1
   237    156      1
   237    387      1
   238    102      1
   238    151      1
   239    198      1
   239     20      1
   240    155      1
   240     81      1
   240    150      1
   240    315      1
   241     92      1
   241     87      1
   241    356      1
   241    381      1
   241    394      1
   242    122      1
   242     44      1
   242    301      1
   243     68      1
   243    172      1
   243    250      1
   244    232      1
   244    114      1
   244    183      1
   244    247      1
   244    277      1
   245     63      1
   245    162      1
   245    249      1
   246    123      1
   246     64      1
   246     72      1
   247     74      1
   247    244      1
   247    272      1
   247    337      1
   248     21      1
   248    158      1
   249    245      1
   249    117      1
   249     47      1
   249    257      1
   249    335      1
   250    243      1
   250     65      1
   250    156      1
   250    330      1
   251    220      1
   251    121      1
   251    389      1
   252     15      1
   252     37      1
   252    275      1
   252    392      1
   253    160      1
   253     88      1
   253     18      1
   253    286      1
   253    345      1
   254     55      1
   254     93      1
   254    227      1
   254    314      1
   254    398      1
   255    180      1
   255      7      1
   255     30      1
   255    273      1
   256     83      1
   256     85      1
   256     13      1
   256    324      1
   257    229      1
   257    249      1
   257    321      1
   257    357      1
   258     89      1
   258    169      1
   258     70      1
   258    294      1
   259     75      1
   259    208      1
   259    273      1
   260    163      1
   260    175      1
   261    219      1
   261    173      1
   261    347      1
   261    393      1
   262    125      1
   262    141      1
   262     94      1
   262    269      1
   262    274      1
   262    281      1
   262    290      1
   262    319      1
   262    338      1
   263    137      1
   263    219      1
   263    266      1
   263    278      1
   263    296      1
   264    173      1
   264     59      1
   264    152      1
   265     80      1
   265     33      1
   265    137      1
   266    263      1
   266    221      1
   266     10      1
   266    334      1
   267     72      1
   267    218      1
   268    136      1
   268    218      1
   268    349      1
   269     72      1
   269    128      1
   269    262      1
   269    344      1
   270     85      1
   270    103      1
   270    192      1
   270    340      1
   271      5      1
   271    154      1
   271    304      1
   271    381      1
   272    247      1
   272    107      1
   272     29      1
   273    255      1
   273    259      1
   273    134      1
   273    334      1
   273    343      1
   274    140      1
   274    262      1
   274     89      1
   274    361      1
   275    189      1
   275    235      1
   275    252      1
   275    380      1
   276    126      1
   276     21      1
   277    244      1
   277     13      1
   277     45      1
   278     68      1
   278    186      1
   278    263      1
   278    323      1
   278    342      1
   279    153      1
   279    184      1
   279    103      1
   279    300      1
   280     34      1
   280    124      1
   280    339      1
   281    190      1
   281    262      1
   281    106      1
   282    124      1
   282     46      1
   282    283      1
   282    291      1
   282    302      1
   283    171      1
   283     81      1
   283    282      1
   283    307      1
   283    378      1
   284    127      1
   284     70      1
   284    352      1
   284    383      1
   284    397      1
   285    165      1
   285    114      1
   285      5      1
   286    253      1
   286    187      1
   286    355      1
   286    377      1
   287    205      1
   287    144      1
   287    302      1
   287    378      1
   288     11      1
   288     94      1
   288     67      1
   288    335      1
   288    355      1
   289    194      1
   289    210      1
   289     89      1
   290    124      1
   290    262      1
   290     72      1
   290    303      1
   291    282      1
   291    181      1
   291    326      1
   292    170      1
   292    193      1
   293    143      1
   293     81      1
   294    258      1
   294    141      1
   295    181      1
   295      3      1
   295    192      1
   296    148      1
   296    182      1
   296    263      1
   297      1      1
   297    103      1
   298    168      1
   298    174      1
   298    143      1
   299    119      1
   299      5      1
   299     67      1
   300     40      1
   300    279      1
   300    115      1
   301    146      1
   301    242      1
   301    124      1
   301    304      1
   302    287      1
   302    282      1
   302     62      1
   303    290      1
   303     68      1
   303      6      1
   303    310      1
   303    329      1
   304    112      1
   304    301      1
   304    271      1
   305      4      1
   305    174      1
   305    318      1
   305    327      1
   305    353      1
   306    170      1
   306     63      1
   306    127      1
   307    283      1
   307    159      1
   308     83      1
   308    103      1
   308      6      1
   309     78      1
   309    146      1
   309    121      1
   309    354      1
   310    303      1
   310     40      1
   311    180      1
   311    170      1
   311    186      1
   311    373      1
   312     55      1
   312    148      1
   312    351      1
   313    232      1
   313      1      1
   313     88      1
   314    137      1
   314    254      1
   315    221      1
   315    165      1
   315    240      1
   315    346      1
   315    349      1
   315    356      1
   316    154      1
   316    175      1
   316      1      1
   316    325      1
   317    123      1
   317    129      1
   317    208      1
   317    374      1
   318     97      1
   318    305      1
   319    262      1
   319    168      1
   319    392      1
   320    166      1
   320     88      1
   321    214      1
   321    257      1
   322     30      1
   322     67      1
   322    358      1
   323     98      1
   323    278      1
   323     50      1
   323    337      1
   323    368      1
   324    232      1
   324    202      1
   324    256      1
   325     40      1
   325    316      1
   325    374      1
   326     16      1
   326    135      1
   326    291      1
   327     87      1
   327    305      1
   328     10      1
   328    203      1
   328    174      1
   328    353      1
   329    128      1
   329    303      1
   329    132      1
   330    250      1
   330     75      1
   330    216      1
   331     87      1
   331     45      1
   332     96      1
   332    128      1
   332    219      1
   332    344      1
   333    201      1
   333    132      1
   334    273      1
   334    266      1
   334    377      1
   335    196      1
   335    249      1
   335    288      1
   336    155      1
   336      7      1
   336    348      1
   337    247      1
   337    218      1
   337    323      1
   338    262      1
   338    172      1
   339    192      1
   339    280      1
   339    130      1
   339    348      1
   340     40      1
   340    270      1
   340    100      1
   341    182      1
   341    131      1
   342    278      1
   342    137      1
   343    201      1
   343    273      1
   344    136      1
   344    332      1
   344    269      1
   345    253      1
   345     95      1
   346    315      1
   346     34      1
   346    181      1
   347    261      1
   347    208      1
   348    336      1
   348    339      1
   348    351      1
   348    375      1
   349    315      1
   349    268      1
   349    393      1
   350    126      1
   350     27      1
   350    387      1
   351    153      1
   351    312      1
   351    348      1
   352    284      1
   352     19      1
   353    305      1
   353    328      1
   353    360      1
   353    389      1
   354    309      1
   354     89      1
   355    288      1
   355    286      1
   355    141      1
   355    381      1
   356    315      1
   356    241      1
   356    379      1
   357    257      1
   357     56      1
   357     97      1
   358    194      1
   358    322      1
   359    220      1
   359    129      1
   360      8      1
   360    353      1
   360     57      1
   361    274      1
   361    232      1
   361    185      1
   362    160      1
   362    176      1
   363    175      1
   363    232      1
   364     58      1
   364    130      1
   364    136      1
   365     26      1
   365    119      1
   366      0      1
   366     19      1
   367      9      1
   367     72      1
   368     98      1
   368    323      1
   368     82      1
   369    104      1
   369     58      1
   369    372      1
   370    144      1
   370    182      1
   371    173      1
   371     95      1
   371    379      1
   372    186      1
   372    369      1
   372    399      1
   373    311      1
   373    228      1
   374    317      1
   374    325      1
   374     35      1
   375    348      1
   375     67      1
   375    126      1
   376    168      1
   376    206      1
   377    123      1
   377    334      1
   377    286      1
   377    391      1
   378    287      1
   378    283      1
   378     31      1
   378    393      1
   379    371      1
   379    225      1
   379    356      1
   380    109      1
   380    275      1
   381    355      1
   381    241      1
   381    271      1
   382    115      1
   382    101      1
   383    284      1
   383    202      1
   384     99      1
   384    236      1
   385     65      1
   385    216      1
   386    114      1
   386     14      1
   386    195      1
   387    350      1
   387    146      1
   387    237      1
   388    122      1
   388    231      1
   388     28      1
   388    391      1
   389    353      1
   389    251      1
   389    154      1
   390     95      1
   390    153      1
   390     20      1
   391    377      1
   391    388      1
   391    156      1
   392    252      1
   392    319      1
   392    395      1
   393    378      1
   393    349      1
   393    261      1
   394    180      1
   394    241      1
   394     33      1
   395    136      1
   395    392      1
   396    210      1
   396    176      1
   397     20      1
   397    284      1
   398    163      1
   398    254      1
   399     59      1
   399    372      1
   399      4      1
