COORD_X_Y 300
  2.46264   1.42719
  1.23515  0.410036
  1.75715  0.329429
  1.86618  0.193759
  1.42455  0.694482
  1.46374  0.404758
 0.248283 0.0134981
  2.59311  0.578966
 0.621027  0.411701
  1.67329   1.18351
 0.853292   1.40641
 0.552594   2.01734
  2.02416  0.468211
  2.75175  0.262878
  2.25166   2.55797
  1.03398   2.90051
  2.14309  0.511183
  1.13395   0.24683
  1.20763   2.70672
   2.2534   2.73737
  1.43588  0.765462
  2.07855   2.18765
  1.30472   1.17497
 0.882563    1.9937
   2.3877  0.842039
  1.19958    2.5089
  1.74211   2.16742
  1.93967   1.27308
 0.110367   2.56317
  2.06688  0.519116
 0.496445   1.71029
  1.76957  0.404663
  2.20888   0.67892
  2.33557   2.81566
  1.40343 0.0731893
  2.88787   1.71865
   1.3848   1.18715
  2.03264  0.823273
  1.40035    2.9081
 0.237554   2.32719
  1.55946  0.854885
 0.193927   2.97271
 0.653624   1.94046
  1.39216   1.53973
  2.94094   2.22865
  2.43315   1.50267
  0.58548   1.00342
  1.72353   1.26946
  2.33672   1.17802
 0.794892   2.12801
  1.19663   2.99001
 0.727589  0.365756
  1.25662  0.642113
  2.64632   2.52327
  1.55556   1.05483
 0.857305  0.562073
  1.44865   2.72468
  2.89082   2.69205
  1.92116   1.67624
 0.211806   2.31728
 0.636397  0.158202
 0.104175   2.51451
  1.20817  0.938814
 0.893644    2.2595
  2.24098   2.58583
  2.83686   1.21925
 0.959948  0.406763
  2.93749  0.640184
 0.683427  0.856601
  1.47986   1.44733
  2.94046   2.75349
 0.887033    1.1764
  2.99716   2.25982
  2.04011  0.592041
  1.37456  0.171812
  2.72284  0.885932
  2.61038   1.19387
  0.11365   1.77826
  2.02735   0.88822
  2.54475   2.04239
 0.826844  0.375938
  1.78128   1.86701
  1.96678  0.467883
 0.850821   2.09589
  1.09635   1.55144
  1.93097   1.26411
  1.86147  0.872699
  2.21695   2.94813
   2.2173  0.910747
 0.292046  0.154417
  1.81658  0.948453
 0.976116   2.12861
  1.33411  0.282464
  2.00976  0.223396
  1.69891   1.27744
  1.01119   2.95965
  1.54963   2.22707
  2.64816   2.10051
  1.00379   2.13214
  1.09331 0.0523723
   2.9408    2.6925
  1.88141   1.82178
  2.01199   1.49618
  2.32479   0.25167
 0.326226    2.7161
 0.860235   1.43912
  0.86557   1.84393
  1.83202    1.3863
  1.23114   2.72337
  2.99468  0.692876
  1.64437   1.02985
  2.64488  0.843582
  1.76026   1.94549
 0.376292   2.48453
 0.955878   2.20074
  1.22477   2.56071
 0.665826  0.568464
  2.82924   1.66718
  2.45039   2.44277
  1.97855 0.0663852
  1.84604   2.35931
  2.39649  0.464191
 0.172297   1.14026
  2.25196   2.85297
  2.98505  0.578301
  1.68278   2.28791
 0.942516   1.22845
  2.01704   1.65988
  2.30671 0.0854036
  1.86303 0.0555603
  2.21453   2.43239
  2.89679   0.38428
   2.7068  0.696134
  1.20807  0.522747
  2.71472   2.07165
  1.04603  0.594829
  1.75073 0.0559317
 0.229828   2.64909
 0.307311   2.91084
  1.36685   2.08594
   2.2577  0.463223
  2.76612   2.61635
 0.737166   2.21259
  2.41953   1.13593
  2.48765   1.78401
  2.30335   1.16183
  1.51458   2.81476
   1.3678   1.95508
  1.68278   1.09127
  2.40427   2.92973
  1.39562  0.924629
  0.94974    2.9854
  0.25242   1.15487
 0.202512  0.166439
  1.38938  0.598523
  2.88191  0.382673
   1.9719 0.0135842
 0.181557    2.5176
  2.08564   1.39232
  2.50279   1.47277
  2.14713   1.31098
  1.94434   1.06673
  2.45862   2.09089
  2.21886   0.90522
   2.9475   0.56692
  2.86212  0.706232
  1.52675   2.98313
  2.47626   1.78475
  2.08353   2.97303
  2.57315   1.36159
  0.70502  0.372308
  2.92604  0.114629
 0.196333    1.0026
  2.76607   1.00621
 0.807377   2.32236
  2.44523   0.90703
  1.20285   1.55663
 0.919822  0.807776
  1.37069   1.54872
  1.45761  0.170265
   1.3449    2.7124
 0.881692   2.40379
  1.70794   2.97271
 0.833269   2.68193
   0.7598   2.81211
  0.15678   2.30446
  2.79997  0.824197
  2.51653  0.911534
  2.16732   0.97239
  1.34254   2.73809
  2.10234  0.203652
  1.59054   1.97172
  0.12415 0.0299594
  2.40373    1.8084
 0.187604   1.46129
 0.627058  0.565555
 0.996756    1.8434
  1.91413   2.38977
 0.292281   1.95207
  2.47901   2.23316
  2.70762   2.88409
 0.597538   1.31505
 0.325091   2.48927
 0.149163   2.74653
  2.59277   2.48521
  2.17142   2.52336
  1.46842   2.34651
  2.39922   2.55059
 0.842784   1.21819
 0.127179   2.22546
 0.309586   2.40442
  1.76957   2.60467
  1.74088   1.86924
  1.96487   1.37599
 0.868037   2.38071
  1.30218  0.374099
  1.36599  0.585282
  2.12554  0.945437
 0.525483  0.893875
  2.50081  0.657392
  2.58842   1.15399
  1.91924   2.98658
  2.25249 0.0545333
  1.29859  0.699623
0.0209261   2.15775
  1.09565   2.58159
 0.453038   1.91618
  2.97401   1.19553
  2.10021   2.11572
   1.8795   1.80673
 0.469586   1.68665
 0.289893  0.432755
 0.671177   1.45729
 0.693683   1.38796
  1.51434   1.10057
 0.877717   1.05078
 0.645618   1.99738
   2.2688    1.6571
  2.66536  0.506566
  2.73002   1.26608
  2.52982  0.168026
  2.76224   1.37022
  2.86013   2.76493
  2.76689   2.71577
  2.98222   2.93762
  2.51725   1.98941
  2.93847   2.13787
   1.4353 0.0696938
  1.12731   1.18862
   2.7937   2.16613
  2.02964   1.39168
  2.74677   2.20903
  1.82059   2.98002
 0.741377   2.52045
  2.46541   2.34835
0.0622724  0.865831
  2.65576 0.0791299
   2.6133   1.10329
 0.176319   1.43947
 0.602417   1.65209
  1.79515   2.76085
  1.60154  0.216381
  2.93963   1.96766
  1.98277   2.19148
  1.88795   1.08799
  1.51587  0.144193
  1.68625   1.61528
  2.23216   1.71168
  1.89948   1.56385
  0.75383   2.56797
 0.344954  0.695358
  1.36912   1.96624
  2.15745   1.75832
 0.245515   2.36551
  1.48617   2.22044
  1.24817   1.74565
  2.40464   2.64867
  2.08972  0.851931
  2.75227  0.762396
  1.43413   2.37846
  2.78287   2.26491
0.0392866   2.96016
  0.61122   1.24379
  0.11271   1.00704
 0.298936  0.675826
  2.87235  0.823334
  1.07505  0.746011
  2.31437   2.10076
  1.26124   1.12563
 0.996089   2.82599
  1.26638    1.4667
  2.05922   2.89645
 0.129455  0.746817
 0.100028   2.62643
  1.15588   1.68425
 0.496908    2.5675
  2.15068   2.05868
 0.778919   1.75408
 0.954454   2.42439
  2.69452   2.37184
LINKS_SOURCE_DESTINATION_DISTANCE 1458
     0      1      1
     0      3      1
     0      4      1
     0      7      1
     0      9      1
     0     20      1
     0     24      1
     0     46      1
     0     98      1
     0    167      1
     0    278      1
     1      0      1
     1      2      1
     1      4      1
     1      5      1
     1      6      1
     1     10      1
     1     13      1
     1     14      1
     1     19      1
     1     34      1
     1     41      1
     1    115      1
     1    116      1
     1    146      1
     1    162      1
     2      1      1
     2      7      1
     2      8      1
     2     12      1
     2     13      1
     2     18      1
     2    125      1
     2    150      1
     2    183      1
     2    196      1
     2    252      1
     3      0      1
     3      4      1
     3      5      1
     3      6      1
     3     10      1
     3     25      1
     3     27      1
     3     48      1
     3     53      1
     3     62      1
     3     88      1
     3    133      1
     3    134      1
     3    214      1
     3    275      1
     4      1      1
     4      0      1
     4      3      1
     4      9      1
     4     15      1
     4     21      1
     4     22      1
     4     26      1
     4     32      1
     4     36      1
     4     37      1
     4     43      1
     4     47      1
     4     58      1
     4    103      1
     4    137      1
     4    185      1
     4    188      1
     4    240      1
     5      3      1
     5      1      1
     5      6      1
     5      7      1
     5      8      1
     5     17      1
     5     25      1
     5     37      1
     5     40      1
     5     47      1
     5     50      1
     5     64      1
     5    110      1
     6      1      1
     6      3      1
     6      5      1
     6     33      1
     6     41      1
     6     58      1
     6     68      1
     6     75      1
     6    106      1
     6    107      1
     6    113      1
     6    139      1
     6    171      1
     6    230      1
     6    286      1
     7      0      1
     7      2      1
     7      5      1
     7      8      1
     7      9      1
     7     40      1
     7     66      1
     7    111      1
     7    133      1
     8      2      1
     8      7      1
     8      5      1
     8     12      1
     8     15      1
     8     38      1
     8     39      1
     8     85      1
     8     95      1
     8    145      1
     9      7      1
     9      4      1
     9      0      1
     9     11      1
     9     16      1
     9     17      1
     9     18      1
     9     21      1
     9     46      1
     9     96      1
     9    105      1
     9    132      1
     9    167      1
     9    208      1
    10      3      1
    10      1      1
    10     11      1
    10     12      1
    10     13      1
    10     23      1
    10     30      1
    10     34      1
    10     84      1
    10    221      1
    11      9      1
    11     10      1
    11     23      1
    11     36      1
    11     52      1
    11     64      1
    11    194      1
    12     10      1
    12      8      1
    12      2      1
    12     14      1
    12     15      1
    12     16      1
    12     22      1
    12     27      1
    12     49      1
    12     70      1
    12     98      1
    12    282      1
    13     10      1
    13      1      1
    13      2      1
    13     21      1
    13     30      1
    13     77      1
    13    150      1
    13    205      1
    13    232      1
    14      1      1
    14     12      1
    14     19      1
    14     20      1
    14     28      1
    14     50      1
    14     72      1
    14     84      1
    14    130      1
    14    140      1
    15      4      1
    15      8      1
    15     12      1
    15     23      1
    15     28      1
    15     69      1
    15     78      1
    15    113      1
    15    226      1
    15    296      1
    16      9      1
    16     12      1
    16     26      1
    16     41      1
    17      5      1
    17      9      1
    17     24      1
    17    177      1
    17    180      1
    18      2      1
    18      9      1
    18     29      1
    18     31      1
    18     33      1
    18     42      1
    18     61      1
    18     71      1
    18    239      1
    19      1      1
    19     14      1
    19     44      1
    19     81      1
    19    155      1
    19    199      1
    19    207      1
    20      0      1
    20     14      1
    20     38      1
    20    119      1
    20    136      1
    20    198      1
    21     13      1
    21      4      1
    21      9      1
    21     25      1
    21     28      1
    21     36      1
    21     44      1
    21     57      1
    21    108      1
    21    161      1
    22      4      1
    22     12      1
    22     29      1
    22     32      1
    22     43      1
    22     70      1
    22    159      1
    23     10      1
    23     11      1
    23     15      1
    23     31      1
    23     39      1
    23     40      1
    23     43      1
    23     63      1
    23     73      1
    23    121      1
    23    153      1
    23    295      1
    24     17      1
    24      0      1
    24     67      1
    24     97      1
    24    136      1
    24    178      1
    25     21      1
    25      5      1
    25      3      1
    25    158      1
    25    189      1
    25    290      1
    26      4      1
    26     16      1
    26     35      1
    26     53      1
    26     56      1
    26     62      1
    27     12      1
    27      3      1
    27     55      1
    27     79      1
    27     88      1
    27    188      1
    27    193      1
    28     21      1
    28     15      1
    28     14      1
    28     37      1
    28    122      1
    28    231      1
    28    294      1
    29     18      1
    29     22      1
    29     50      1
    29     55      1
    29     61      1
    29    183      1
    29    298      1
    30     13      1
    30     10      1
    30     47      1
    30     48      1
    30    202      1
    30    210      1
    31     23      1
    31     18      1
    31     35      1
    31     73      1
    31    149      1
    31    213      1
    31    235      1
    31    268      1
    32     22      1
    32      4      1
    32     38      1
    32     65      1
    32     82      1
    32    108      1
    32    128      1
    33     18      1
    33      6      1
    33     45      1
    33     51      1
    33    114      1
    33    139      1
    33    199      1
    34      1      1
    34     10      1
    34     45      1
    34     51      1
    34     68      1
    34    273      1
    35     26      1
    35     31      1
    35    147      1
    35    262      1
    36     11      1
    36     21      1
    36      4      1
    36     39      1
    36    163      1
    36    167      1
    37      4      1
    37     28      1
    37      5      1
    37     42      1
    37     44      1
    37     82      1
    37    159      1
    37    172      1
    37    257      1
    38     32      1
    38      8      1
    38     20      1
    38    148      1
    39     23      1
    39      8      1
    39     36      1
    39     93      1
    39    123      1
    39    137      1
    39    138      1
    39    148      1
    39    173      1
    39    203      1
    39    214      1
    39    275      1
    39    298      1
    40      7      1
    40     23      1
    40      5      1
    40     54      1
    40     72      1
    40     98      1
    40    101      1
    40    120      1
    40    141      1
    41      6      1
    41     16      1
    41      1      1
    41     95      1
    41    242      1
    41    272      1
    42     18      1
    42     37      1
    42     70      1
    42     83      1
    42    102      1
    42    131      1
    43     23      1
    43     22      1
    43      4      1
    43     60      1
    43     63      1
    43     76      1
    43     87      1
    43    213      1
    44     37      1
    44     19      1
    44     21      1
    44     55      1
    44     75      1
    44     85      1
    44    223      1
    44    282      1
    45     34      1
    45     33      1
    45     49      1
    45     56      1
    45     69      1
    45    146      1
    45    193      1
    45    259      1
    45    273      1
    46      9      1
    46      0      1
    46     57      1
    46     87      1
    46    125      1
    47      4      1
    47     30      1
    47      5      1
    47     48      1
    47     54      1
    47    106      1
    47    112      1
    47    285      1
    48     30      1
    48      3      1
    48     47      1
    48     52      1
    48     59      1
    48     80      1
    48     94      1
    49     45      1
    49     12      1
    49     58      1
    49     65      1
    49     99      1
    49    153      1
    49    186      1
    49    190      1
    49    207      1
    49    208      1
    49    291      1
    50     29      1
    50     14      1
    50      5      1
    50     60      1
    50     74      1
    50     91      1
    50    127      1
    50    164      1
    50    194      1
    51     33      1
    51     34      1
    51     71      1
    51    133      1
    51    220      1
    52     11      1
    52     48      1
    52     97      1
    52    119      1
    52    130      1
    52    218      1
    52    233      1
    53     26      1
    53      3      1
    53     61      1
    53     66      1
    53     93      1
    53     96      1
    53    100      1
    53    106      1
    53    129      1
    54     47      1
    54     40      1
    54     76      1
    54     90      1
    54    135      1
    55     29      1
    55     27      1
    55     44      1
    55     57      1
    55     74      1
    55     77      1
    55     78      1
    55    187      1
    55    275      1
    56     26      1
    56     45      1
    56     59      1
    56     68      1
    56    147      1
    56    181      1
    56    297      1
    57     55      1
    57     46      1
    57     21      1
    57     59      1
    57     69      1
    58     49      1
    58      4      1
    58      6      1
    59     56      1
    59     57      1
    59     48      1
    59     86      1
    59     88      1
    59    124      1
    59    132      1
    59    159      1
    60     43      1
    60     50      1
    60     80      1
    60    165      1
    60    200      1
    60    210      1
    60    266      1
    61     29      1
    61     53      1
    61     18      1
    61     99      1
    61    118      1
    61    142      1
    61    143      1
    61    173      1
    61    201      1
    61    273      1
    62     26      1
    62      3      1
    62     67      1
    62    108      1
    62    193      1
    62    212      1
    62    281      1
    63     43      1
    63     23      1
    63     80      1
    63     81      1
    63     92      1
    64      5      1
    64     11      1
    64     67      1
    64    102      1
    64    184      1
    64    234      1
    64    239      1
    65     49      1
    65     32      1
    65    110      1
    65    122      1
    65    174      1
    66     53      1
    66      7      1
    66    105      1
    66    197      1
    66    274      1
    66    284      1
    67     24      1
    67     64      1
    67     62      1
    67    112      1
    67    113      1
    67    170      1
    67    267      1
    67    297      1
    68     34      1
    68     56      1
    68      6      1
    68    248      1
    68    252      1
    69     15      1
    69     45      1
    69     57      1
    69     79      1
    69    107      1
    69    186      1
    69    216      1
    70     42      1
    70     12      1
    70     22      1
    70    134      1
    70    225      1
    71     51      1
    71     18      1
    71     94      1
    71    190      1
    71    211      1
    71    231      1
    72     40      1
    72     14      1
    72     83      1
    72    217      1
    72    237      1
    73     31      1
    73     23      1
    73    117      1
    73    170      1
    73    254      1
    74     55      1
    74     50      1
    74    102      1
    74    209      1
    74    257      1
    75      6      1
    75     44      1
    75    100      1
    75    131      1
    75    291      1
    76     43      1
    76     54      1
    76    101      1
    76    289      1
    76    295      1
    77     13      1
    77     55      1
    77    157      1
    77    192      1
    78     55      1
    78     15      1
    78     89      1
    78    104      1
    78    215      1
    79     69      1
    79     27      1
    79    104      1
    79    227      1
    80     63      1
    80     60      1
    80     48      1
    80     86      1
    80    114      1
    81     19      1
    81     63      1
    81     84      1
    81    111      1
    81    224      1
    81    247      1
    82     37      1
    82     32      1
    82     91      1
    82    192      1
    82    208      1
    83     72      1
    83     42      1
    83    112      1
    83    128      1
    83    200      1
    83    253      1
    83    258      1
    84     81      1
    84     10      1
    84     14      1
    84     90      1
    85      8      1
    85     44      1
    85    146      1
    85    181      1
    85    234      1
    86     59      1
    86     80      1
    86    195      1
    86    201      1
    87     43      1
    87     46      1
    87     89      1
    87     92      1
    87    165      1
    87    175      1
    87    187      1
    87    258      1
    88      3      1
    88     59      1
    88     27      1
    88    129      1
    88    144      1
    88    215      1
    88    236      1
    88    240      1
    88    281      1
    89     78      1
    89     87      1
    89    117      1
    89    168      1
    89    204      1
    89    207      1
    89    270      1
    89    276      1
    90     54      1
    90     84      1
    90    109      1
    90    238      1
    91     82      1
    91     50      1
    91    141      1
    91    158      1
    91    172      1
    92     63      1
    92     87      1
    92    123      1
    92    132      1
    92    166      1
    92    216      1
    93     39      1
    93     53      1
    93    139      1
    93    143      1
    93    155      1
    93    264      1
    94     48      1
    94     71      1
    94    109      1
    94    110      1
    94    194      1
    94    243      1
    94    248      1
    94    263      1
    95      8      1
    95     41      1
    95    152      1
    95    182      1
    95    272      1
    96      9      1
    96     53      1
    96    120      1
    96    284      1
    97     24      1
    97     52      1
    97    100      1
    97    142      1
    97    156      1
    97    178      1
    97    191      1
    97    247      1
    98      0      1
    98     12      1
    98     40      1
    98    169      1
    98    198      1
    99     49      1
    99     61      1
    99    121      1
    99    145      1
    99    154      1
   100     75      1
   100     97      1
   100     53      1
   101     76      1
   101     40      1
   101    115      1
   101    165      1
   101    184      1
   101    195      1
   101    202      1
   102     42      1
   102     64      1
   102     74      1
   102    103      1
   102    119      1
   102    154      1
   102    169      1
   102    264      1
   103    102      1
   103      4      1
   103    150      1
   103    209      1
   103    218      1
   103    226      1
   104     79      1
   104     78      1
   104    109      1
   104    195      1
   104    251      1
   104    270      1
   105     66      1
   105      9      1
   105    124      1
   105    126      1
   105    163      1
   105    229      1
   106     47      1
   106     53      1
   106      6      1
   106    121      1
   107      6      1
   107     69      1
   107    140      1
   107    144      1
   108     21      1
   108     32      1
   108     62      1
   108    149      1
   108    190      1
   109     90      1
   109    104      1
   109     94      1
   109    116      1
   110     65      1
   110     94      1
   110      5      1
   111     81      1
   111      7      1
   111    118      1
   111    155      1
   111    264      1
   112     67      1
   112     47      1
   112     83      1
   112    128      1
   112    135      1
   112    206      1
   112    260      1
   113     15      1
   113      6      1
   113     67      1
   113    142      1
   113    166      1
   113    222      1
   113    241      1
   114     33      1
   114     80      1
   114    177      1
   114    288      1
   115      1      1
   115    101      1
   115    192      1
   115    246      1
   115    266      1
   116      1      1
   116    109      1
   116    126      1
   116    228      1
   117     73      1
   117     89      1
   117    211      1
   117    241      1
   117    243      1
   118    111      1
   118     61      1
   118    247      1
   119     20      1
   119     52      1
   119    102      1
   119    131      1
   120     96      1
   120     40      1
   120    180      1
   120    182      1
   120    191      1
   121     99      1
   121    106      1
   121     23      1
   121    127      1
   122     28      1
   122     65      1
   122    144      1
   122    222      1
   122    225      1
   122    233      1
   122    278      1
   123     92      1
   123     39      1
   123    141      1
   123    205      1
   124     59      1
   124    105      1
   125      2      1
   125     46      1
   126    105      1
   126    116      1
   126    162      1
   126    283      1
   127     50      1
   127    121      1
   128    112      1
   128     32      1
   128     83      1
   129     88      1
   129     53      1
   129    138      1
   129    197      1
   129    217      1
   129    261      1
   130     14      1
   130     52      1
   130    145      1
   131     42      1
   131     75      1
   131    119      1
   131    160      1
   131    171      1
   131    211      1
   131    244      1
   132     59      1
   132     92      1
   132      9      1
   132    224      1
   133      3      1
   133      7      1
   133     51      1
   134      3      1
   134     70      1
   134    185      1
   134    206      1
   134    251      1
   134    266      1
   135    112      1
   135     54      1
   135    143      1
   136     20      1
   136     24      1
   136    174      1
   136    196      1
   137     39      1
   137      4      1
   137    153      1
   138     39      1
   138    129      1
   138    254      1
   139      6      1
   139     93      1
   139     33      1
   139    152      1
   139    228      1
   139    244      1
   140    107      1
   140     14      1
   140    281      1
   140    299      1
   141    123      1
   141     91      1
   141     40      1
   141    160      1
   142     61      1
   142     97      1
   142    113      1
   142    253      1
   143    135      1
   143     93      1
   143     61      1
   143    223      1
   144    122      1
   144    107      1
   144     88      1
   144    271      1
   145     99      1
   145    130      1
   145      8      1
   145    151      1
   145    223      1
   146     45      1
   146     85      1
   146      1      1
   146    156      1
   146    164      1
   146    220      1
   147     56      1
   147     35      1
   147    151      1
   147    186      1
   147    221      1
   147    246      1
   148     39      1
   148     38      1
   148    169      1
   148    176      1
   149     31      1
   149    108      1
   149    242      1
   149    256      1
   149    290      1
   150      2      1
   150     13      1
   150    103      1
   150    156      1
   150    166      1
   150    235      1
   150    245      1
   150    259      1
   150    287      1
   151    145      1
   151    147      1
   151    157      1
   151    189      1
   151    287      1
   152    139      1
   152     95      1
   153     23      1
   153    137      1
   153     49      1
   153    168      1
   153    176      1
   154     99      1
   154    102      1
   154    204      1
   155    111      1
   155     19      1
   155     93      1
   155    161      1
   155    198      1
   155    249      1
   156    150      1
   156     97      1
   156    146      1
   156    162      1
   157    151      1
   157     77      1
   157    280      1
   158     25      1
   158     91      1
   158    212      1
   158    242      1
   158    256      1
   158    267      1
   159     37      1
   159     22      1
   159     59      1
   159    161      1
   159    227      1
   159    249      1
   160    131      1
   160    141      1
   160    255      1
   161     21      1
   161    159      1
   161    155      1
   161    189      1
   161    216      1
   161    222      1
   161    252      1
   161    271      1
   162    126      1
   162    156      1
   162      1      1
   162    203      1
   162    219      1
   162    267      1
   163    105      1
   163     36      1
   164    146      1
   164     50      1
   164    176      1
   165    101      1
   165     60      1
   165     87      1
   166     92      1
   166    150      1
   166    113      1
   166    179      1
   166    185      1
   167      0      1
   167      9      1
   167     36      1
   168    153      1
   168     89      1
   169    148      1
   169     98      1
   169    102      1
   169    197      1
   169    269      1
   170     67      1
   170     73      1
   170    179      1
   170    217      1
   170    250      1
   171      6      1
   171    131      1
   172     91      1
   172     37      1
   172    183      1
   173     61      1
   173     39      1
   174    136      1
   174     65      1
   174    175      1
   174    296      1
   175     87      1
   175    174      1
   175    260      1
   175    289      1
   176    153      1
   176    164      1
   176    148      1
   176    283      1
   177     17      1
   177    114      1
   177    219      1
   178     97      1
   178     24      1
   178    202      1
   178    249      1
   179    170      1
   179    166      1
   179    225      1
   180     17      1
   180    120      1
   181     85      1
   181     56      1
   181    295      1
   182     95      1
   182    120      1
   183     29      1
   183      2      1
   183    172      1
   183    203      1
   183    272      1
   184    101      1
   184     64      1
   184    212      1
   184    255      1
   185    166      1
   185    134      1
   185      4      1
   185    238      1
   185    240      1
   186     69      1
   186    147      1
   186     49      1
   186    287      1
   186    298      1
   187     87      1
   187     55      1
   187    274      1
   188      4      1
   188     27      1
   188    227      1
   189     25      1
   189    151      1
   189    161      1
   189    257      1
   190     49      1
   190    108      1
   190     71      1
   190    236      1
   191    120      1
   191     97      1
   192     77      1
   192    115      1
   192     82      1
   192    213      1
   193     45      1
   193     62      1
   193     27      1
   193    196      1
   194     94      1
   194     50      1
   194     11      1
   194    233      1
   195    101      1
   195     86      1
   195    104      1
   195    261      1
   196    193      1
   196      2      1
   196    136      1
   196    260      1
   197    169      1
   197    129      1
   197     66      1
   197    265      1
   198    155      1
   198     98      1
   198     20      1
   199     19      1
   199     33      1
   200     60      1
   200     83      1
   201     61      1
   201     86      1
   201    286      1
   202    101      1
   202     30      1
   202    178      1
   203     39      1
   203    183      1
   203    162      1
   203    250      1
   204    154      1
   204     89      1
   205    123      1
   205     13      1
   205    270      1
   206    134      1
   206    112      1
   207     49      1
   207     89      1
   207     19      1
   207    221      1
   207    235      1
   207    237      1
   207    261      1
   208     49      1
   208     82      1
   208      9      1
   209    103      1
   209     74      1
   209    230      1
   210     60      1
   210     30      1
   211    117      1
   211    131      1
   211     71      1
   212    158      1
   212    184      1
   212     62      1
   213    192      1
   213     43      1
   213     31      1
   213    232      1
   214     39      1
   214      3      1
   214    231      1
   215     78      1
   215     88      1
   215    268      1
   216     92      1
   216    161      1
   216     69      1
   217     72      1
   217    170      1
   217    129      1
   218    103      1
   218     52      1
   218    279      1
   219    177      1
   219    162      1
   219    246      1
   219    285      1
   220    146      1
   220     51      1
   220    229      1
   221    147      1
   221    207      1
   221     10      1
   221    238      1
   222    122      1
   222    161      1
   222    113      1
   223     44      1
   223    145      1
   223    143      1
   224     81      1
   224    132      1
   224    294      1
   225     70      1
   225    179      1
   225    122      1
   225    262      1
   226    103      1
   226     15      1
   226    241      1
   227    159      1
   227     79      1
   227    188      1
   228    139      1
   228    116      1
   229    105      1
   229    220      1
   229    284      1
   230    209      1
   230      6      1
   230    236      1
   230    255      1
   231     71      1
   231     28      1
   231    214      1
   232    213      1
   232     13      1
   232    245      1
   233    194      1
   233     52      1
   233    122      1
   234     85      1
   234     64      1
   234    237      1
   235    207      1
   235    150      1
   235     31      1
   235    248      1
   235    274      1
   236    190      1
   236    230      1
   236     88      1
   236    243      1
   236    292      1
   237    234      1
   237    207      1
   237     72      1
   237    269      1
   238    221      1
   238     90      1
   238    185      1
   238    265      1
   239     64      1
   239     18      1
   239    244      1
   240      4      1
   240    185      1
   240     88      1
   241    113      1
   241    226      1
   241    117      1
   242     41      1
   242    158      1
   242    149      1
   242    283      1
   243    236      1
   243     94      1
   243    117      1
   244    239      1
   244    131      1
   244    139      1
   244    297      1
   245    150      1
   245    232      1
   245    263      1
   246    115      1
   246    219      1
   246    147      1
   247    118      1
   247     97      1
   247     81      1
   248    235      1
   248     94      1
   248     68      1
   248    280      1
   249    155      1
   249    159      1
   249    178      1
   250    170      1
   250    203      1
   251    104      1
   251    134      1
   252     68      1
   252      2      1
   252    161      1
   253     83      1
   253    142      1
   254     73      1
   254    138      1
   254    278      1
   254    279      1
   255    184      1
   255    160      1
   255    230      1
   256    158      1
   256    149      1
   256    286      1
   257     37      1
   257     74      1
   257    189      1
   258     87      1
   258     83      1
   258    293      1
   259    150      1
   259     45      1
   259    265      1
   260    196      1
   260    112      1
   260    175      1
   261    195      1
   261    207      1
   261    129      1
   261    292      1
   262    225      1
   262     35      1
   263     94      1
   263    245      1
   263    288      1
   264     93      1
   264    111      1
   264    102      1
   264    299      1
   265    197      1
   265    259      1
   265    238      1
   265    276      1
   266    115      1
   266     60      1
   266    134      1
   267    162      1
   267    158      1
   267     67      1
   268    215      1
   268     31      1
   268    269      1
   268    277      1
   269    237      1
   269    268      1
   269    169      1
   270     89      1
   270    104      1
   270    205      1
   271    161      1
   271    144      1
   272     95      1
   272     41      1
   272    183      1
   272    277      1
   273     34      1
   273     61      1
   273     45      1
   274    235      1
   274     66      1
   274    187      1
   275     55      1
   275     39      1
   275      3      1
   276    265      1
   276     89      1
   277    272      1
   277    268      1
   278    122      1
   278    254      1
   278      0      1
   279    218      1
   279    254      1
   280    157      1
   280    248      1
   281    140      1
   281     88      1
   281     62      1
   282     44      1
   282     12      1
   283    242      1
   283    126      1
   283    176      1
   284     66      1
   284    229      1
   284     96      1
   285    219      1
   285     47      1
   286    256      1
   286    201      1
   286      6      1
   287    150      1
   287    151      1
   287    186      1
   288    114      1
   288    263      1
   289    175      1
   289     76      1
   290    149      1
   290     25      1
   291     75      1
   291     49      1
   291    293      1
   292    236      1
   292    261      1
   293    258      1
   293    291      1
   294     28      1
   294    224      1
   295     23      1
   295     76      1
   295    181      1
   296     15      1
   296    174      1
   297     67      1
   297     56      1
   297    244      1
   298     39      1
   298    186      1
   298     29      1
   299    140      1
   299    264      1
