COORD_X_Y 300
  1.64423   2.52507
  0.26906   2.67952
 0.740448   2.55688
  2.96119   1.44221
  2.19627   1.00097
 0.724961   2.83288
  2.52293  0.565397
  2.73665  0.656419
  1.96871   2.77709
  2.50042   1.13763
 0.701621  0.769096
  2.47737   2.79369
  0.99796   1.47507
  2.55337   1.40462
 0.173763   1.93802
  1.63797    2.2913
  2.77592   1.84444
  1.52499    1.5172
 0.676587   1.88942
   1.4976  0.827605
  2.47776   1.21848
  1.61062   1.10742
 0.593123    0.6948
 0.639871   1.83777
  2.05448   2.69213
  2.66429   2.80608
  0.49563   2.49484
   2.3786    1.4888
 0.625118   2.88748
 0.330384   1.02013
  2.04033    2.1546
  2.70102   2.09599
 0.674589   1.33497
  1.99745   2.67976
 0.836541   2.48632
 0.497039   2.07149
  2.68239    1.3579
 0.953862   1.93628
0.0929503   1.67439
  2.08326   2.54948
  1.55851 0.0967247
  2.02549   2.04905
 0.951078 0.0771724
  2.51047   1.57027
  1.10763  0.205639
 0.306194   2.05568
 0.232803  0.193117
 0.500464    1.0739
  2.62704  0.614937
  1.94711   2.51457
 0.199346   2.34631
   2.7404   1.90269
  1.84475   1.90953
 0.250244   2.55009
 0.695286   2.79911
 0.485799   2.25472
  1.04364   2.76537
 0.533645   1.88894
 0.871685   1.44281
  2.15182   2.46012
 0.453821  0.147518
  2.33486   1.18711
 0.440813   2.22589
  1.85923   2.03945
  1.35028   2.89362
  2.08477  0.616914
 0.017798   1.56854
  2.40522  0.166195
  2.39831   1.56311
  2.01132  0.763316
  1.73644  0.378745
  2.46983   1.49854
  1.22302   1.70403
 0.174706   2.26424
  2.38066  0.362125
  1.86145   2.64493
  1.84203   1.99294
  1.95826   1.30548
 0.745459   2.29037
  1.10243   2.03539
 0.181052   2.63324
  2.06035   2.54826
  2.73026    2.2269
  1.43871   1.85147
0.0798707   1.13409
  2.60066   1.73283
  1.12381    1.5614
  1.81209   2.55168
   1.3362    1.3489
  2.08239   1.83757
  1.80755   2.40436
  1.93631     1.527
 0.100235   2.05431
  2.10066   1.04701
  1.81033    0.4507
 0.205194  0.615564
   1.1873  0.937952
  2.86163   1.08234
     1.84   0.91544
  2.74253   2.79249
  1.10352   2.54366
  0.63394  0.428655
  0.19907 0.0666867
  2.88174  0.945661
  2.64672  0.338721
  2.65914  0.177533
  2.90776   2.27545
  1.53541   2.49306
  0.91475   1.84312
 0.627384  0.992958
  1.15113   2.23072
   2.7419    0.1019
  2.05999   1.89696
  1.86168   1.21827
  0.16747   2.41974
 0.561667   1.34182
  2.94953   2.02511
 0.456714  0.403364
  1.07771   2.64071
  2.81046   2.20822
  1.18323   2.58959
  0.17968  0.814366
  2.30158 0.0500307
 0.146916   2.33966
 0.576783   2.67335
  2.38284   2.64134
   2.7108   1.28015
  2.02467   2.39172
  2.59355   1.25282
 0.789162  0.120382
 0.301298  0.953983
 0.562259  0.544655
  2.65841  0.172538
  1.29472  0.501796
  2.09594   1.52678
 0.270317  0.328509
  1.89981    2.6371
  2.64852   1.77971
 0.927898  0.398031
  2.02734  0.629199
  2.16069     2.727
 0.615618   2.46094
  1.01074   0.83216
  1.90622   2.14493
    1.742     2.495
 0.539517   1.34034
   1.0084  0.957571
  2.68106   1.72149
  1.38851   1.29716
  1.67728   2.71568
  2.74582   1.96909
  2.70851   1.45807
  1.89605   2.84103
 0.227783   0.90298
  2.91974   1.27192
  1.44732   1.44254
  2.44189   1.83995
 0.497806    2.8072
  1.10347   1.89567
 0.890301   1.26249
  2.30682   1.22191
  2.28489   2.77078
  1.98544   1.80541
  2.03611    1.2686
 0.987659  0.597171
  1.66418   1.72909
  1.18065   1.57963
 0.978505    2.8573
  1.94564   1.81992
  1.20411   2.43515
  2.63341   2.62232
 0.488515  0.147517
  1.99947   1.96164
 0.149059  0.431303
  1.31549   0.40067
  1.85306   0.57932
  1.33719   2.02923
  2.98995   2.73086
  2.70494  0.292881
  2.24411   1.66963
  1.18509   2.90722
    1.322   0.66386
  2.34946  0.931487
 0.322504 0.00122358
  0.91005     2.201
  2.49483   2.52336
 0.285053  0.393215
  1.25664   1.77273
  2.69411  0.775877
  1.01848   2.65359
  1.50427  0.570462
0.0958881  0.486468
  2.60214   0.90594
 0.619337   1.29673
  2.24555   1.43355
  2.75278  0.943923
  1.88623  0.462993
  2.15954   0.27265
  2.70167   1.49057
 0.414798   1.80349
  1.66451  0.113899
  1.13874   1.18824
  2.10057   1.88648
  1.82807   1.30024
   1.5502   1.61901
 0.879823   2.37354
  1.73477   2.37905
 0.841158   1.16651
  2.89197  0.789523
  2.69103     2.415
  2.59956   2.64495
  2.13188   2.14193
 0.708433   2.39181
 0.652599  0.169747
  1.62947   1.53694
  2.73133    2.9763
  2.98385   1.65402
  1.74359  0.466486
  1.37049   2.77077
 0.056637   2.18445
 0.673632   1.35333
 0.341619    2.7136
  1.07187   1.44172
    1.954  0.426506
  1.18384   1.61274
  2.14954   1.27057
  2.19066   2.02241
  1.95404   2.01237
  2.78312    1.9539
  2.88877   2.09583
  2.91805   1.76383
  1.95557    1.8099
 0.270865   2.06684
  0.50186  0.940446
  2.37876  0.939825
  1.16972   2.96046
 0.317892   2.07758
 0.581867    1.1673
  1.71096   2.37197
  1.12147   2.80593
 0.604503   2.81274
 0.210181   1.79889
  2.71604   1.92173
  1.69091    2.8386
  1.79656  0.215462
  1.08959   2.87834
  2.31389  0.467063
 0.432175   1.82769
  2.14576  0.143042
 0.393622   2.94488
 0.680641  0.995427
   1.7488   2.38035
   1.7502   2.92378
  1.97857  0.640328
0.0524324  0.727818
 0.380384  0.521286
  1.19594   2.88208
 0.606256   1.69923
 0.693569   2.65845
  2.52869  0.987728
  2.63461  0.118673
  1.71363  0.905638
  1.86639  0.250673
  2.18897  0.772921
  2.43629   2.97448
  2.48197   2.32944
  2.36837  0.617906
  1.02668   2.17594
  2.51714  0.274469
  1.05361  0.996841
 0.813562   2.16678
  2.01947  0.387437
 0.594711  0.498302
0.0356208   1.25221
  1.81563   2.30104
 0.475753    1.5036
   2.7716   1.22367
  1.95818  0.745219
  1.46803  0.774269
  0.85171   1.94326
 0.523618    1.5231
 0.269305   2.96323
  2.64543  0.927246
  1.74126   1.11408
  2.20892   2.33806
  1.55827  0.938841
 0.995288    1.5138
  1.87482   2.29342
  1.89862   1.95767
  1.59183   0.25286
 0.185172   2.35844
 0.610956   0.43928
  1.81028  0.986977
 0.860628   2.39484
  1.63893  0.702914
   1.3657   1.91218
  1.81285   1.43225
  0.79075  0.641935
  2.86522   1.90235
   2.4729   2.29605
LINKS_SOURCE_DESTINATION_DISTANCE 1462
     0      1      1
     0      2      1
     0      3      1
     0      4      1
     0      7      1
     0     10      1
     0     14      1
     0     25      1
     0     38      1
     0     40      1
     0     50      1
     0     67      1
     0     73      1
     0    125      1
     0    139      1
     0    286      1
     1      0      1
     1      6      1
     1      8      1
     1     52      1
     1     77      1
     1    104      1
     1    153      1
     1    174      1
     2      0      1
     2     17      1
     2     19      1
     2     24      1
     2     28      1
     2     45      1
     2     55      1
     2     64      1
     2    233      1
     3      0      1
     3      4      1
     3      5      1
     3      6      1
     3      7      1
     3     15      1
     3     46      1
     3     58      1
     3     84      1
     3    200      1
     3    205      1
     4      3      1
     4      0      1
     4      5      1
     4      8      1
     4      9      1
     4     16      1
     4    187      1
     5      4      1
     5      3      1
     5      6      1
     5     10      1
     5     18      1
     5     30      1
     5     99      1
     5    118      1
     5    164      1
     5    218      1
     6      1      1
     6      3      1
     6      5      1
     6      9      1
     6     11      1
     6     12      1
     6     15      1
     6     16      1
     6     49      1
     6     60      1
     6     85      1
     7      0      1
     7      3      1
     7     33      1
     7    128      1
     7    207      1
     7    268      1
     8      1      1
     8      4      1
     8     10      1
     8     13      1
     8     25      1
     8     36      1
     8     41      1
     8     57      1
     8    102      1
     8    103      1
     8    135      1
     8    144      1
     8    172      1
     8    214      1
     8    286      1
     9      6      1
     9      4      1
     9     24      1
     9     27      1
     9     37      1
     9     72      1
     9     95      1
     9    105      1
    10      5      1
    10      8      1
    10      0      1
    10     11      1
    10     14      1
    10     15      1
    10     23      1
    10     29      1
    10     33      1
    10    110      1
    10    141      1
    10    165      1
    10    241      1
    10    245      1
    11      6      1
    11     10      1
    11     12      1
    11     22      1
    11     44      1
    11     47      1
    11     84      1
    11    116      1
    11    126      1
    11    151      1
    11    194      1
    11    227      1
    12     11      1
    12      6      1
    12     13      1
    12     14      1
    12     20      1
    12     31      1
    12     33      1
    12     35      1
    12     39      1
    12     48      1
    13     12      1
    13      8      1
    13     18      1
    13     58      1
    13     59      1
    13     80      1
    13     85      1
    13     93      1
    13    250      1
    14     10      1
    14     12      1
    14      0      1
    14     26      1
    14     54      1
    14     55      1
    14     59      1
    14    114      1
    14    130      1
    15     10      1
    15      6      1
    15      3      1
    15     16      1
    15     17      1
    15     18      1
    15     19      1
    15     21      1
    15     78      1
    15     96      1
    15    148      1
    15    191      1
    16      6      1
    16      4      1
    16     15      1
    16     19      1
    16     25      1
    16     26      1
    16     34      1
    16     36      1
    16     42      1
    16     50      1
    16     51      1
    16     62      1
    16     79      1
    17     15      1
    17      2      1
    17     20      1
    17     22      1
    17     34      1
    17     35      1
    17     41      1
    17     51      1
    17     74      1
    17    111      1
    17    133      1
    18      5      1
    18     13      1
    18     15      1
    18     20      1
    18     21      1
    18     22      1
    18     32      1
    18     40      1
    18     61      1
    18     65      1
    18     96      1
    18    102      1
    18    113      1
    18    151      1
    18    162      1
    18    163      1
    18    284      1
    19     15      1
    19      2      1
    19     16      1
    19     81      1
    19     93      1
    19    111      1
    19    192      1
    19    196      1
    19    238      1
    20     18      1
    20     17      1
    20     12      1
    20     32      1
    20     60      1
    20     75      1
    20    114      1
    21     18      1
    21     15      1
    21     31      1
    21     65      1
    21     68      1
    21     72      1
    21     98      1
    21    174      1
    21    181      1
    22     17      1
    22     18      1
    22     11      1
    22     23      1
    22     30      1
    22     31      1
    22     47      1
    22    155      1
    22    217      1
    23     10      1
    23     22      1
    23     28      1
    23     42      1
    23     43      1
    23     87      1
    23    171      1
    24      9      1
    24      2      1
    24     29      1
    24     56      1
    24    187      1
    25      0      1
    25     16      1
    25      8      1
    25     27      1
    25     67      1
    25    101      1
    25    182      1
    25    245      1
    25    256      1
    26     14      1
    26     16      1
    26    105      1
    27      9      1
    27     25      1
    27     79      1
    27    106      1
    27    109      1
    27    115      1
    27    224      1
    27    248      1
    28     23      1
    28      2      1
    28     29      1
    28     40      1
    28     44      1
    28     49      1
    28     52      1
    28     98      1
    28    225      1
    28    237      1
    29     28      1
    29     24      1
    29     10      1
    29     37      1
    29     42      1
    29    112      1
    29    160      1
    30      5      1
    30     22      1
    30     56      1
    31     12      1
    31     21      1
    31     22      1
    31    140      1
    31    167      1
    31    222      1
    32     20      1
    32     18      1
    32     34      1
    32     43      1
    32     44      1
    32     54      1
    33     10      1
    33      7      1
    33     12      1
    33     95      1
    33    229      1
    33    264      1
    34     32      1
    34     16      1
    34     17      1
    34     38      1
    34     45      1
    34     57      1
    34     60      1
    34    106      1
    34    170      1
    35     17      1
    35     12      1
    35     63      1
    35     69      1
    35     78      1
    35    100      1
    35    115      1
    35    124      1
    35    187      1
    35    231      1
    36     16      1
    36      8      1
    36     73      1
    36    193      1
    37      9      1
    37     29      1
    37     67      1
    37     77      1
    37    104      1
    37    167      1
    37    179      1
    37    241      1
    38      0      1
    38     34      1
    38     39      1
    38     48      1
    38     53      1
    38     97      1
    38    148      1
    38    175      1
    38    212      1
    38    229      1
    38    289      1
    39     12      1
    39     38      1
    39    190      1
    39    260      1
    40     28      1
    40      0      1
    40     18      1
    40     86      1
    40    121      1
    40    143      1
    40    228      1
    40    267      1
    41     17      1
    41      8      1
    41     58      1
    41    100      1
    41    127      1
    41    185      1
    42     16      1
    42     23      1
    42     29      1
    42     46      1
    42     56      1
    42     92      1
    42    284      1
    42    293      1
    43     32      1
    43     23      1
    43     76      1
    43     81      1
    43     84      1
    43    195      1
    44     32      1
    44     11      1
    44     28      1
    44     71      1
    44     74      1
    44    142      1
    44    159      1
    45      2      1
    45     34      1
    45     64      1
    45     70      1
    45    136      1
    45    154      1
    45    253      1
    45    257      1
    46      3      1
    46     42      1
    46     70      1
    46    184      1
    47     11      1
    47     22      1
    47     83      1
    47    116      1
    47    118      1
    47    150      1
    47    161      1
    47    172      1
    47    173      1
    47    201      1
    47    274      1
    48     12      1
    48     38      1
    48     57      1
    48     71      1
    48     75      1
    48     76      1
    48     87      1
    48     89      1
    48    219      1
    49      6      1
    49     28      1
    49     86      1
    49    115      1
    49    165      1
    49    199      1
    50      0      1
    50     16      1
    50     53      1
    50     61      1
    50    105      1
    50    222      1
    50    298      1
    51     17      1
    51     16      1
    51     61      1
    51    110      1
    51    133      1
    51    258      1
    51    282      1
    52     28      1
    52      1      1
    52     64      1
    52     66      1
    52     69      1
    52    122      1
    52    149      1
    52    161      1
    52    211      1
    52    273      1
    53     50      1
    53     38      1
    53     91      1
    53     94      1
    53     95      1
    53    123      1
    53    138      1
    53    296      1
    54     32      1
    54     14      1
    54    107      1
    54    139      1
    55     14      1
    55      2      1
    55     59      1
    55     68      1
    55     96      1
    55    124      1
    55    154      1
    55    246      1
    55    273      1
    56     24      1
    56     42      1
    56     30      1
    56     90      1
    56    100      1
    56    182      1
    56    234      1
    57      8      1
    57     34      1
    57     48      1
    57    119      1
    57    179      1
    57    268      1
    58     13      1
    58      3      1
    58     41      1
    58     63      1
    58    108      1
    58    184      1
    58    263      1
    59     55      1
    59     14      1
    59     13      1
    59     66      1
    59     73      1
    59    108      1
    59    232      1
    59    291      1
    60      6      1
    60     20      1
    60     34      1
    60     89      1
    60     91      1
    60    171      1
    60    183      1
    61     18      1
    61     51      1
    61     50      1
    61     62      1
    61     97      1
    61    101      1
    61    166      1
    61    204      1
    61    288      1
    62     61      1
    62     16      1
    62     82      1
    62    137      1
    62    192      1
    63     58      1
    63     35      1
    63    145      1
    63    261      1
    64     45      1
    64      2      1
    64     52      1
    64     65      1
    64     69      1
    64     90      1
    64    111      1
    64    123      1
    64    146      1
    64    177      1
    64    181      1
    65     64      1
    65     18      1
    65     21      1
    65    107      1
    65    119      1
    65    140      1
    65    168      1
    65    170      1
    65    172      1
    65    295      1
    66     52      1
    66     59      1
    66    122      1
    66    210      1
    67      0      1
    67     37      1
    67     25      1
    67    128      1
    67    132      1
    67    141      1
    67    162      1
    67    292      1
    68     21      1
    68     55      1
    68    109      1
    68    202      1
    69     52      1
    69     35      1
    69     64      1
    69     77      1
    69     86      1
    69    103      1
    69    226      1
    69    252      1
    70     45      1
    70     46      1
    70     80      1
    70    122      1
    70    129      1
    70    184      1
    70    223      1
    71     48      1
    71     44      1
    71     83      1
    71    198      1
    71    207      1
    71    210      1
    72     21      1
    72      9      1
    72    112      1
    73      0      1
    73     59      1
    73     36      1
    73     82      1
    73    137      1
    73    138      1
    73    263      1
    73    270      1
    74     44      1
    74     17      1
    74    104      1
    74    153      1
    74    191      1
    74    261      1
    74    281      1
    75     48      1
    75     20      1
    75    120      1
    75    203      1
    75    297      1
    76     48      1
    76     43      1
    76    102      1
    76    129      1
    76    152      1
    77     37      1
    77     69      1
    77      1      1
    77    178      1
    78     15      1
    78     35      1
    78     80      1
    78     94      1
    78    180      1
    79     16      1
    79     27      1
    79    156      1
    80     78      1
    80     70      1
    80     13      1
    80     82      1
    80    160      1
    80    166      1
    81     19      1
    81     43      1
    81    134      1
    81    140      1
    81    158      1
    82     73      1
    82     62      1
    82     80      1
    82    135      1
    83     47      1
    83     71      1
    83    113      1
    83    117      1
    83    150      1
    84     43      1
    84      3      1
    84     11      1
    84     88      1
    84    175      1
    84    274      1
    85      6      1
    85     13      1
    85    118      1
    85    212      1
    85    290      1
    86     40      1
    86     49      1
    86     69      1
    86     88      1
    86    103      1
    86    127      1
    87     23      1
    87     48      1
    87     93      1
    87    248      1
    88     84      1
    88     86      1
    88     92      1
    88    220      1
    88    228      1
    89     48      1
    89     60      1
    89    117      1
    89    237      1
    90     64      1
    90     56      1
    90    188      1
    91     60      1
    91     53      1
    91    135      1
    91    144      1
    91    239      1
    92     42      1
    92     88      1
    92    230      1
    93     13      1
    93     87      1
    93     19      1
    93    171      1
    93    242      1
    94     78      1
    94     53      1
    94    121      1
    94    221      1
    95      9      1
    95     53      1
    95     33      1
    95    217      1
    95    234      1
    96     15      1
    96     18      1
    96     55      1
    96     99      1
    96    156      1
    97     38      1
    97     61      1
    97    178      1
    97    208      1
    97    238      1
    98     28      1
    98     21      1
    98    148      1
    98    155      1
    98    272      1
    99      5      1
    99     96      1
    99    125      1
    99    191      1
    99    246      1
   100     41      1
   100     56      1
   100     35      1
   100    143      1
   100    230      1
   101     25      1
   101     61      1
   101    152      1
   102     76      1
   102     18      1
   102      8      1
   102    120      1
   102    136      1
   102    169      1
   102    196      1
   102    275      1
   103     69      1
   103     86      1
   103      8      1
   103    193      1
   103    298      1
   104     74      1
   104     37      1
   104      1      1
   104    262      1
   105     50      1
   105     26      1
   105      9      1
   105    147      1
   106     34      1
   106     27      1
   106    271      1
   107     54      1
   107     65      1
   107    124      1
   107    149      1
   107    162      1
   107    248      1
   108     58      1
   108     59      1
   108    126      1
   108    131      1
   108    186      1
   108    200      1
   109     68      1
   109     27      1
   109    147      1
   109    156      1
   110     51      1
   110     10      1
   110    132      1
   110    208      1
   110    219      1
   110    285      1
   110    288      1
   111     64      1
   111     19      1
   111     17      1
   111    165      1
   111    228      1
   112     72      1
   112     29      1
   112    290      1
   113     83      1
   113     18      1
   113    134      1
   113    206      1
   113    234      1
   113    254      1
   114     20      1
   114     14      1
   114    177      1
   114    196      1
   114    271      1
   115     35      1
   115     49      1
   115     27      1
   115    158      1
   116     47      1
   116     11      1
   116    125      1
   116    173      1
   117     89      1
   117     83      1
   117    188      1
   117    211      1
   117    218      1
   118     47      1
   118     85      1
   118      5      1
   118    144      1
   118    214      1
   118    254      1
   119     57      1
   119     65      1
   119    155      1
   119    186      1
   120     75      1
   120    102      1
   120    142      1
   120    174      1
   120    204      1
   120    206      1
   121     94      1
   121     40      1
   121    201      1
   121    232      1
   122     66      1
   122     52      1
   122     70      1
   122    281      1
   123     64      1
   123     53      1
   123    157      1
   124     55      1
   124    107      1
   124     35      1
   124    130      1
   124    295      1
   125      0      1
   125     99      1
   125    116      1
   125    149      1
   125    157      1
   125    220      1
   126     11      1
   126    108      1
   126    161      1
   126    213      1
   126    243      1
   126    294      1
   127     86      1
   127     41      1
   128     67      1
   128      7      1
   128    179      1
   128    235      1
   128    266      1
   128    269      1
   129     76      1
   129     70      1
   129    131      1
   129    146      1
   129    239      1
   129    273      1
   130    124      1
   130     14      1
   130    190      1
   130    195      1
   130    203      1
   130    216      1
   131    108      1
   131    129      1
   132     67      1
   132    110      1
   132    139      1
   132    142      1
   133     17      1
   133     51      1
   133    202      1
   134     81      1
   134    113      1
   134    145      1
   134    225      1
   134    275      1
   135     91      1
   135      8      1
   135     82      1
   135    164      1
   135    168      1
   135    183      1
   135    279      1
   136     45      1
   136    102      1
   136    227      1
   136    255      1
   136    278      1
   137     73      1
   137     62      1
   137    147      1
   137    206      1
   137    249      1
   138     53      1
   138     73      1
   138    157      1
   138    173      1
   138    209      1
   139      0      1
   139     54      1
   139    132      1
   139    168      1
   139    210      1
   140     81      1
   140     65      1
   140     31      1
   140    175      1
   140    204      1
   141     67      1
   141     10      1
   141    189      1
   142     44      1
   142    132      1
   142    120      1
   143    100      1
   143     40      1
   143    280      1
   144      8      1
   144    118      1
   144     91      1
   144    159      1
   145    134      1
   145     63      1
   146     64      1
   146    129      1
   146    212      1
   146    270      1
   147    109      1
   147    137      1
   147    105      1
   147    209      1
   147    245      1
   147    255      1
   147    283      1
   148     98      1
   148     38      1
   148     15      1
   148    176      1
   148    240      1
   148    278      1
   149     52      1
   149    107      1
   149    125      1
   149    158      1
   149    220      1
   149    221      1
   150     47      1
   150     83      1
   150    189      1
   150    192      1
   151     18      1
   151     11      1
   151    170      1
   151    176      1
   152    101      1
   152     76      1
   152    197      1
   152    249      1
   153      1      1
   153     74      1
   153    197      1
   153    249      1
   153    269      1
   153    289      1
   154     55      1
   154     45      1
   154    185      1
   155    119      1
   155     22      1
   155     98      1
   155    163      1
   156     79      1
   156     96      1
   156    109      1
   157    138      1
   157    125      1
   157    123      1
   157    169      1
   158    149      1
   158     81      1
   158    115      1
   158    167      1
   158    222      1
   158    223      1
   159     44      1
   159    144      1
   159    169      1
   159    207      1
   160     29      1
   160     80      1
   160    181      1
   160    182      1
   161     52      1
   161     47      1
   161    126      1
   161    215      1
   161    243      1
   162    107      1
   162     18      1
   162     67      1
   163     18      1
   163    155      1
   164    135      1
   164      5      1
   164    252      1
   165    111      1
   165     49      1
   165     10      1
   166     80      1
   166     61      1
   166    177      1
   166    213      1
   166    255      1
   166    299      1
   167    158      1
   167     37      1
   167     31      1
   168    139      1
   168    135      1
   168     65      1
   168    293      1
   169    157      1
   169    102      1
   169    159      1
   169    259      1
   170     34      1
   170    151      1
   170     65      1
   170    282      1
   171     93      1
   171     23      1
   171     60      1
   172     47      1
   172      8      1
   172     65      1
   172    236      1
   173    138      1
   173    116      1
   173     47      1
   173    208      1
   174     21      1
   174    120      1
   174      1      1
   174    230      1
   175     84      1
   175     38      1
   175    140      1
   175    199      1
   176    148      1
   176    151      1
   177    166      1
   177    114      1
   177     64      1
   177    180      1
   177    236      1
   177    250      1
   178     97      1
   178     77      1
   179     57      1
   179     37      1
   179    128      1
   180     78      1
   180    177      1
   181    160      1
   181     21      1
   181     64      1
   181    201      1
   182    160      1
   182     25      1
   182     56      1
   182    185      1
   183     60      1
   183    135      1
   184     70      1
   184     46      1
   184     58      1
   184    194      1
   184    213      1
   184    258      1
   185    154      1
   185    182      1
   185     41      1
   186    119      1
   186    108      1
   186    194      1
   186    278      1
   187     35      1
   187      4      1
   187     24      1
   187    266      1
   188     90      1
   188    117      1
   188    226      1
   188    283      1
   189    141      1
   189    150      1
   189    215      1
   189    216      1
   189    219      1
   189    274      1
   189    279      1
   190    130      1
   190     39      1
   190    224      1
   191     74      1
   191     15      1
   191     99      1
   191    198      1
   191    214      1
   191    247      1
   192     19      1
   192     62      1
   192    150      1
   192    244      1
   193     36      1
   193    103      1
   193    231      1
   193    257      1
   193    289      1
   194     11      1
   194    184      1
   194    186      1
   194    225      1
   194    272      1
   195    130      1
   195     43      1
   195    226      1
   196    114      1
   196    102      1
   196     19      1
   196    200      1
   196    276      1
   197    152      1
   197    153      1
   197    262      1
   198     71      1
   198    191      1
   199    175      1
   199     49      1
   199    205      1
   199    209      1
   199    269      1
   199    280      1
   200    196      1
   200      3      1
   200    108      1
   200    203      1
   200    260      1
   201    181      1
   201    121      1
   201     47      1
   202    133      1
   202     68      1
   202    253      1
   203    200      1
   203    130      1
   203     75      1
   203    287      1
   204     61      1
   204    120      1
   204    140      1
   205      3      1
   205    199      1
   206    137      1
   206    120      1
   206    113      1
   207     71      1
   207      7      1
   207    159      1
   207    217      1
   208     97      1
   208    110      1
   208    173      1
   208    251      1
   208    254      1
   209    138      1
   209    147      1
   209    199      1
   210     66      1
   210     71      1
   210    139      1
   211    117      1
   211     52      1
   211    257      1
   212     85      1
   212    146      1
   212     38      1
   213    166      1
   213    126      1
   213    184      1
   213    235      1
   213    253      1
   214      8      1
   214    191      1
   214    118      1
   215    161      1
   215    189      1
   215    221      1
   216    130      1
   216    189      1
   217     22      1
   217     95      1
   217    207      1
   218      5      1
   218    117      1
   218    277      1
   219     48      1
   219    189      1
   219    110      1
   219    277      1
   220    125      1
   220    149      1
   220     88      1
   220    241      1
   221     94      1
   221    149      1
   221    215      1
   222     31      1
   222    158      1
   222     50      1
   223    158      1
   223     70      1
   223    242      1
   224     27      1
   224    190      1
   224    256      1
   224    261      1
   225    134      1
   225    194      1
   225     28      1
   226     69      1
   226    195      1
   226    188      1
   226    265      1
   227    136      1
   227     11      1
   228    111      1
   228     40      1
   228     88      1
   229     33      1
   229     38      1
   229    233      1
   229    244      1
   230     92      1
   230    100      1
   230    174      1
   231     35      1
   231    193      1
   232    121      1
   232     59      1
   232    252      1
   232    262      1
   233      2      1
   233    229      1
   233    299      1
   234     95      1
   234    113      1
   234     56      1
   235    128      1
   235    213      1
   235    247      1
   236    177      1
   236    172      1
   237     28      1
   237     89      1
   238     97      1
   238     19      1
   238    264      1
   238    265      1
   238    286      1
   239    129      1
   239     91      1
   239    240      1
   239    247      1
   239    259      1
   240    239      1
   240    148      1
   240    244      1
   241    220      1
   241     10      1
   241     37      1
   241    267      1
   242    223      1
   242     93      1
   242    251      1
   242    268      1
   243    126      1
   243    161      1
   243    285      1
   244    192      1
   244    229      1
   244    240      1
   244    246      1
   245     25      1
   245    147      1
   245     10      1
   246     55      1
   246    244      1
   246     99      1
   247    239      1
   247    191      1
   247    235      1
   247    287      1
   248    107      1
   248     27      1
   248     87      1
   248    297      1
   249    137      1
   249    153      1
   249    152      1
   249    250      1
   250    177      1
   250     13      1
   250    249      1
   251    208      1
   251    242      1
   251    276      1
   252    232      1
   252    164      1
   252     69      1
   252    265      1
   253    202      1
   253     45      1
   253    213      1
   253    259      1
   254    113      1
   254    118      1
   254    208      1
   254    260      1
   254    297      1
   255    147      1
   255    166      1
   255    136      1
   255    285      1
   256    224      1
   256     25      1
   256    276      1
   257    211      1
   257     45      1
   257    193      1
   258     51      1
   258    184      1
   258    283      1
   259    169      1
   259    253      1
   259    239      1
   260    254      1
   260    200      1
   260     39      1
   261     63      1
   261     74      1
   261    224      1
   261    294      1
   262    197      1
   262    104      1
   262    232      1
   263     73      1
   263     58      1
   264     33      1
   264    238      1
   265    238      1
   265    252      1
   265    226      1
   266    187      1
   266    128      1
   267    241      1
   267     40      1
   268    242      1
   268      7      1
   268     57      1
   268    293      1
   269    128      1
   269    199      1
   269    153      1
   270     73      1
   270    146      1
   271    106      1
   271    114      1
   272    194      1
   272     98      1
   273    129      1
   273     52      1
   273     55      1
   274    189      1
   274     84      1
   274     47      1
   275    102      1
   275    134      1
   276    196      1
   276    256      1
   276    251      1
   277    218      1
   277    219      1
   277    291      1
   277    292      1
   278    186      1
   278    148      1
   278    136      1
   279    135      1
   279    189      1
   280    143      1
   280    199      1
   281    122      1
   281     74      1
   282     51      1
   282    170      1
   283    188      1
   283    147      1
   283    258      1
   284     42      1
   284     18      1
   285    255      1
   285    243      1
   285    110      1
   286    238      1
   286      8      1
   286      0      1
   287    203      1
   287    247      1
   288     61      1
   288    110      1
   288    290      1
   289    153      1
   289    193      1
   289     38      1
   289    292      1
   290     85      1
   290    112      1
   290    288      1
   290    296      1
   291    277      1
   291     59      1
   292    277      1
   292    289      1
   292     67      1
   293    168      1
   293     42      1
   293    268      1
   294    126      1
   294    261      1
   295    124      1
   295     65      1
   296    290      1
   296     53      1
   297    248      1
   297     75      1
   297    254      1
   298     50      1
   298    103      1
   299    166      1
   299    233      1
