COORD_X_Y 500
  1.46091   2.95611
 0.218937    2.5699
  1.41592   1.27792
  2.07528   2.05418
 0.427105   0.45337
  2.39364  0.756058
  2.56726  0.376102
 0.558444   2.36878
  1.15947   1.63316
  1.23032   1.76193
   1.6704  0.437088
  2.04655    1.0712
  1.47775  0.283934
  1.15659    1.3289
  1.28903    1.2278
 0.317557   1.86682
 0.921465   2.85543
  2.70305   1.79802
 0.657214  0.119133
 0.726377   1.17742
  2.71491 0.0755228
 0.501341  0.595354
  2.10942   1.63785
  1.41974  0.904001
  1.00466   1.49299
  2.37679   2.08115
 0.526114   2.73777
  1.39062   2.45662
 0.376532   2.97704
 0.936563   1.66825
  1.39555   0.47296
  1.81076   2.15649
  2.13639   1.52313
  1.94048   1.54719
 0.804567   2.71908
  2.20014   1.30073
  2.70784   2.45454
  1.85015  0.690391
  1.42888 0.0609875
  1.54031   2.05506
  1.86694   2.18989
  1.18247   2.27401
  1.02203   2.18223
  1.16879   2.79883
 0.760717   1.52105
 0.376159   1.85657
  1.37479   1.04468
  2.13504   1.59181
 0.677931  0.809401
  2.51876   2.84744
  1.07651  0.762951
 0.512617   1.12194
  2.81515  0.884205
 0.854425   0.99635
  1.65834   2.14432
  1.14077  0.795357
  1.51782    1.6791
  0.68817   1.57737
 0.556202   1.00998
 0.902105   1.34215
   1.7749   1.90857
 0.967137   1.85854
  1.94595   2.41886
  2.73899   1.90543
  2.81897   1.29339
  2.11107   1.27182
 0.211082   1.73609
 0.413709   2.83045
   2.3046   0.81794
  2.64394  0.897217
 0.679347   1.67661
 0.530285  0.675139
  1.16657  0.856395
 0.839285  0.944904
     2.41   1.16355
  2.75924   2.01232
  1.73301   1.33557
  2.50675  0.966838
 0.548862   0.60443
  2.22548    2.4284
 0.248095   1.66968
  2.41301  0.137747
  1.29558   2.64673
   1.2953   1.11865
  1.48932   2.40527
 0.687015  0.182162
  2.01555   2.31502
  1.06616  0.633089
  2.02822   2.40164
  1.91736   1.26425
 0.840686   1.26776
  2.57002    2.1643
  2.84063   1.05541
 0.941677  0.763523
0.0241611   2.19827
  2.82197   0.40458
  1.13413   1.29143
 0.345602   0.26443
 0.466647  0.322276
  1.91859 0.0960108
  1.05615   1.28687
  1.38899   1.95506
  1.12894   2.50347
 0.984684   1.80111
  1.71427    1.1703
  2.64821   2.24616
  0.96692   2.15153
  1.05501  0.644735
  2.39896   1.10899
 0.981996  0.201091
  1.21737 0.0618475
  1.61261   2.32087
  2.95549  0.386744
  2.92591   2.71857
  1.20133   2.77834
  1.11764    2.3675
  2.35468  0.304546
  2.54054  0.447612
   2.2102  0.959964
  1.37242   2.14968
  1.77201   2.93162
  2.16933   1.59075
 0.520286     1.627
  2.79217   0.15453
 0.470997   2.48352
  2.96471   1.76944
  2.44059  0.997719
0.0102395   1.14092
  1.68383   2.48017
  2.72272  0.223818
  1.44001   1.88094
  2.84533   2.37902
  2.49455  0.327856
  2.79368   2.63417
   1.8267   2.04729
  2.77929  0.619192
  1.26074   1.31628
  1.17028   2.22648
 0.390917   2.84246
  2.14289   1.55257
0.0840298   2.09669
  1.97772   2.11199
  1.36275   2.64137
  2.34748  0.605167
  2.35992  0.591694
 0.461544   1.14048
 0.925596 0.0887043
 0.204426  0.705922
  1.52169   1.16617
  1.53348  0.303833
  1.43743   2.03828
  2.20576   1.39313
 0.564893   1.09587
    2.803    2.8789
 0.219291  0.797082
  2.60887  0.712174
  2.30562   1.62997
 0.156496  0.735337
  2.87901   1.37883
 0.417063   1.65043
  1.75679   1.00839
  2.98265   1.28838
  2.85489  0.625657
  1.58847   2.59433
 0.216172   2.73319
  1.15811   2.96659
 0.242145   0.12188
 0.117381  0.641164
  2.51861   1.43395
  2.53685    1.7032
 0.807803   1.85551
  2.66669   2.29036
  1.67415   2.25553
  2.49208   1.86938
  2.56754  0.393436
 0.763572   2.55909
  2.68416  0.783447
  1.71538   1.61275
 0.815506  0.919454
   2.9181  0.365055
  2.23337    2.4245
 0.842701   1.45968
  1.28514   2.09516
  2.88772    1.3309
 0.647287   2.79288
 0.600991   1.88585
  1.87388   1.89869
0.0151186   1.38422
 0.884329   2.97394
 0.102605   1.13727
  1.28674   1.43646
  2.88667  0.746336
   2.8817   2.89663
  1.94484   1.89919
  2.58778    1.6107
  2.06162  0.851385
 0.803645   1.67298
  1.25895  0.293994
  2.04268   1.72016
   2.4978  0.463313
0.00570886   1.86219
 0.142415   2.76927
  1.55925   1.33309
  1.37489  0.566832
0.00980079   1.08479
  1.05007   0.81445
  1.10923 0.0221025
0.00110179   0.98654
 0.845355   0.95736
 0.610106  0.717962
 0.106603   2.79024
  1.23552   1.66003
  2.59689  0.514077
 0.123604   2.73971
  1.86314  0.839876
  1.24722  0.871048
 0.675145   2.08035
  2.55504   2.45461
  1.84936   1.14314
  1.60192   1.33021
 0.547994  0.845763
  1.17281  0.904436
  1.34728   2.90018
  2.57073   1.68708
  1.59964  0.531123
  0.56574   1.81632
  1.23058   2.49998
  2.76263   1.03131
  1.67448   1.98222
  2.46254  0.883237
 0.630969  0.404318
 0.554653   2.44757
  2.85882   0.30897
 0.964425   2.83967
  2.08475 0.0275124
  1.16984  0.157999
   2.9359  0.691609
  2.02688   1.20826
  1.35827   1.85954
  0.70397   1.06721
   1.2858   0.98736
  1.50147  0.445234
  1.16668    1.4336
  1.53157  0.180838
  1.73181  0.865903
 0.447293  0.416536
  1.68673   2.71848
  1.58319    2.9535
 0.161875   1.11921
  2.76788   1.24957
  1.03719   2.27108
  2.27476   2.03623
  1.32436   1.76526
  2.97629   2.57721
  2.45788 0.0537236
0.0813877   1.91005
  1.94808   2.90661
 0.593706   2.65052
  2.83934  0.199658
  0.37351   1.12067
  2.13801   2.46953
0.0677309  0.777322
 0.342436   1.56667
  1.83827  0.667087
 0.505982  0.502309
  2.72987  0.730585
  2.07443   2.68331
 0.166127  0.145808
  2.68991   1.41844
  2.66207   0.28325
0.0268085   1.42834
 0.326642   1.65142
 0.669119   2.93231
  2.30656   2.96821
 0.593139  0.828922
 0.455497   1.06341
  1.59006  0.903051
  2.67761  0.256649
0.0362229    2.5695
 0.780406   1.19549
  1.37465   1.84852
 0.790695   1.06219
  0.46824    1.1431
  1.86584   2.06915
  2.68836  0.708046
 0.158499 0.0703865
  2.64968   2.55759
   1.8608   1.87961
  2.88087  0.916655
  1.54485    1.0554
 0.869964   1.93683
 0.405011   2.19172
 0.978172   2.45933
  1.86446   1.33139
   2.1696   2.94422
 0.642055   1.26585
  1.55196    2.1945
  2.16135  0.109899
 0.448402   1.76712
   2.0527   0.94678
 0.858601  0.167545
  2.93583   1.23719
  2.38792   1.13584
  1.00525  0.552902
  2.58418   2.65401
 0.997297   2.77685
  1.81064   1.29911
  2.50281   2.89422
 0.652004   2.08447
   1.5607   2.69327
  1.50308  0.978595
  1.23079   2.06553
   1.2789  0.560509
  2.48346   2.72189
  1.88133   2.15745
  1.26689  0.745545
 0.113426   1.50673
  2.15168   2.62275
  2.02911   2.16308
  1.13284   2.07488
  2.94816   1.68793
 0.972744  0.725724
  1.43082   2.23821
 0.934834   2.61661
  2.81376  0.722388
  2.32335  0.620196
 0.946479   1.61237
0.0118911   2.49105
  2.32263  0.391673
   2.5888   2.14945
0.000568448   2.71733
 0.371404  0.983663
 0.457275   1.15061
  1.05119   2.13308
  2.55408   1.07699
 0.432695   1.52603
 0.747019    2.0507
   1.0351  0.355431
   2.5878   2.97107
  1.40669   2.14437
  1.66078  0.644589
0.0657906   2.70964
  2.52312   1.18585
  1.35466  0.711146
 0.629575  0.437499
    2.962   1.70034
 0.865686   1.50901
  2.62614  0.136342
  2.94836   2.99889
   2.5586  0.634029
 0.495158  0.037547
 0.531754  0.951506
  1.51054  0.826001
  2.18193 0.0223416
  1.19775  0.319998
 0.184728   2.11081
 0.237271   2.14725
 0.818233  0.877602
  1.60116   2.16321
  2.66384   1.29424
 0.503725   2.64693
  1.64658   0.73328
 0.200616    1.6682
 0.509618   1.51844
  2.88871   1.54276
  1.44696 0.0203341
 0.335515  0.181024
  1.29827   1.17374
   2.5955   2.48765
  2.48994    2.0864
  1.27421 0.0758974
  2.53361   2.53072
  2.26002  0.129265
  1.49384   1.75509
  2.33315   1.82872
  1.41138   1.43341
  2.82313   2.24895
 0.141987   2.00362
  1.08995   2.20002
  2.67385 0.0458798
  1.80422  0.640844
 0.324744  0.127419
  2.33205    2.2893
 0.958593    1.7503
 0.643765 0.0947877
   1.3346   1.20195
 0.177925 0.0481009
  1.13271   2.78564
  1.26913   1.23499
  2.82242   1.25176
  2.31854    1.8979
  2.26377   1.05886
 0.647452   2.69329
  2.25205   1.40659
  2.29721   1.28175
  1.54867   2.36685
  1.49389  0.411667
  1.96425   1.47078
  2.20449   2.55993
  1.01688  0.375799
  2.77243  0.646384
  2.96433  0.454461
 0.507668  0.691465
 0.803614  0.874139
  2.66016  0.613807
  2.94923    2.9072
  2.45327   1.62198
  1.08591   2.13449
  2.06687   1.88282
  2.83385  0.292743
0.0735021  0.397854
  1.04253  0.174615
   1.5578   1.32709
  1.87301   2.66076
 0.701416   2.79643
  2.28053   1.64567
 0.711791    1.3786
  1.86578   1.88715
 0.655553    2.8164
 0.556998   2.40076
  2.77944  0.621832
  2.96214   1.97873
  1.56533   2.45089
  2.70608   2.19326
 0.625051   0.96351
 0.243203  0.430114
  2.13566  0.596835
 0.237528   0.80746
  1.72545   1.66941
  1.71188   1.35115
   2.4233   2.12307
  2.89859   2.54726
 0.888182 0.0144715
  0.36143 0.0301416
   1.6911  0.189756
  2.62457   1.94559
  2.42651 0.0376106
  2.26315    1.4156
  2.19079   2.81584
 0.854994   1.61302
  1.87387   2.87456
0.0720791   2.73239
  2.53168   1.69181
  1.91937   1.50627
 0.252404   2.48426
  2.93264  0.202005
 0.438535   1.21282
 0.380946   1.03671
  0.45333   2.49012
  1.81597   2.28859
  2.14466    1.5039
  1.61779  0.409905
  1.55406   2.38575
  2.79404   2.61013
   1.6056    2.5261
  2.64879   2.24136
  1.47407   2.62753
 0.953988   2.63769
 0.896508   0.16268
  1.15177  0.384495
  1.46675  0.192528
    2.358   0.49336
  2.62561   1.95014
  2.58227   2.37651
 0.922972   2.34638
 0.920154   2.97561
 0.125668  0.330962
  1.71088  0.983265
   1.4857   2.43842
 0.978453   2.80729
  2.95124   1.87846
  2.94892  0.589843
  2.25901  0.748852
 0.920297  0.995831
 0.862754  0.323401
  2.04225  0.751261
  1.48246   2.37165
  1.12146 0.0649752
  0.93636  0.606208
  0.19841   2.75717
 0.132275   2.63659
 0.230486   2.09854
 0.959218   1.66687
 0.728603   2.52942
  1.60781   2.67197
     1.08   2.80198
  2.68038  0.901642
  2.60424  0.336218
  1.16484   1.78908
  2.60524   1.48856
  1.30956   1.56592
  2.57357   1.24922
  2.99641  0.910653
  1.65814   2.09278
  2.12082   1.21732
  2.65323   2.46156
 0.526347   1.21339
  1.13827   1.69604
  1.85739   2.48598
 0.357303   2.61233
LINKS_SOURCE_DESTINATION_DISTANCE 2480
     0      1      1
     0      2      1
     0      5      1
     0      8      1
     0     15      1
     0     23      1
     0     27      1
     0     28      1
     0     29      1
     0     40      1
     0     82      1
     0     84      1
     0    121      1
     0    128      1
     0    147      1
     0    148      1
     0    181      1
     0    327      1
     1      0      1
     1      4      1
     1      7      1
     1      8      1
     1     17      1
     1     35      1
     1     58      1
     1     62      1
     1    360      1
     1    402      1
     1    473      1
     2      0      1
     2      3      1
     2      4      1
     2      6      1
     2      7      1
     2      9      1
     2     12      1
     2     13      1
     2     18      1
     2     53      1
     2     66      1
     2     68      1
     2     80      1
     2    110      1
     2    214      1
     2    228      1
     2    489      1
     3      2      1
     3      4      1
     3      7      1
     3     11      1
     3     14      1
     3     26      1
     3     38      1
     3     43      1
     3    127      1
     3    184      1
     3    189      1
     3    218      1
     3    222      1
     4      2      1
     4      3      1
     4      1      1
     4      5      1
     4      6      1
     4     13      1
     4     18      1
     4     19      1
     4    251      1
     5      4      1
     5      0      1
     5      8      1
     5      9      1
     5     16      1
     5     17      1
     5     19      1
     5     22      1
     5     26      1
     5     29      1
     5     33      1
     5     39      1
     5     42      1
     5     52      1
     5     95      1
     5    133      1
     5    281      1
     5    328      1
     5    338      1
     6      2      1
     6      4      1
     6     13      1
     6     27      1
     6     68      1
     6     72      1
     6    104      1
     6    192      1
     6    195      1
     6    200      1
     6    250      1
     6    264      1
     6    268      1
     6    413      1
     6    419      1
     7      3      1
     7      2      1
     7      1      1
     7     10      1
     7     20      1
     7     24      1
     7     42      1
     7     85      1
     7     92      1
     7    197      1
     7    326      1
     7    423      1
     8      1      1
     8      0      1
     8      5      1
     8     14      1
     8     15      1
     8     17      1
     8     26      1
     8     30      1
     8     45      1
     8    105      1
     9      2      1
     9      5      1
     9     10      1
     9     12      1
     9     24      1
     9     25      1
     9     50      1
     9     53      1
     9     56      1
     9     57      1
     9    401      1
     9    425      1
    10      7      1
    10      9      1
    10     11      1
    10     16      1
    10     21      1
    10     25      1
    10     27      1
    10     57      1
    10    275      1
    11      3      1
    11     10      1
    11     14      1
    11     16      1
    11     18      1
    11     22      1
    11     36      1
    11     47      1
    11     54      1
    11     71      1
    11     99      1
    11    107      1
    11    111      1
    11    159      1
    11    243      1
    11    369      1
    12      9      1
    12      2      1
    12     22      1
    12     43      1
    12     60      1
    12     88      1
    12    150      1
    12    392      1
    13      6      1
    13      2      1
    13      4      1
    13     20      1
    13     44      1
    13     77      1
    13     91      1
    13    348      1
    13    491      1
    14      3      1
    14      8      1
    14     11      1
    14     35      1
    14     48      1
    14     58      1
    14    108      1
    14    131      1
    14    161      1
    14    193      1
    14    221      1
    14    236      1
    15      0      1
    15      8      1
    15     23      1
    15     51      1
    15     58      1
    15     76      1
    15    108      1
    15    213      1
    15    261      1
    15    330      1
    15    466      1
    16     10      1
    16      5      1
    16     11      1
    16     19      1
    16     45      1
    16     46      1
    16     71      1
    16     79      1
    16     94      1
    16    101      1
    16    118      1
    16    128      1
    16    177      1
    16    197      1
    16    228      1
    16    240      1
    16    277      1
    16    278      1
    16    334      1
    16    371      1
    16    380      1
    16    440      1
    17      1      1
    17      5      1
    17      8      1
    17     69      1
    17     90      1
    17    365      1
    17    381      1
    18      2      1
    18      4      1
    18     11      1
    18     20      1
    18     31      1
    18     37      1
    18     40      1
    18     74      1
    18     81      1
    18    108      1
    18    210      1
    18    239      1
    18    416      1
    19      5      1
    19      4      1
    19     16      1
    19     50      1
    19     90      1
    19    195      1
    20     18      1
    20      7      1
    20     13      1
    20     21      1
    20     30      1
    20     49      1
    20     75      1
    20     78      1
    20    124      1
    20    137      1
    20    274      1
    21     10      1
    21     20      1
    21     30      1
    21     82      1
    21    119      1
    21    367      1
    21    441      1
    22      5      1
    22     11      1
    22     12      1
    22     23      1
    22     24      1
    22     32      1
    22     36      1
    22     38      1
    22    133      1
    22    143      1
    22    496      1
    23     15      1
    23      0      1
    23     22      1
    23     29      1
    23     40      1
    23     61      1
    23     66      1
    23     73      1
    23     81      1
    23    100      1
    23    128      1
    23    177      1
    23    223      1
    23    295      1
    23    328      1
    23    465      1
    24     22      1
    24      9      1
    24      7      1
    24     28      1
    24     31      1
    24     37      1
    24     44      1
    24     46      1
    24     54      1
    24     66      1
    24     85      1
    24    111      1
    24    212      1
    24    260      1
    24    263      1
    24    477      1
    25      9      1
    25     10      1
    25     33      1
    25     48      1
    25     92      1
    26      8      1
    26      5      1
    26      3      1
    26     34      1
    26     45      1
    26     89      1
    26     98      1
    26    115      1
    26    126      1
    26    318      1
    26    337      1
    26    421      1
    26    435      1
    26    474      1
    27     10      1
    27      0      1
    27      6      1
    27     34      1
    27     56      1
    27    125      1
    27    132      1
    27    247      1
    28      0      1
    28     24      1
    28     32      1
    28     41      1
    28     43      1
    28     91      1
    28    112      1
    28    253      1
    29      5      1
    29      0      1
    29     23      1
    29     47      1
    29     59      1
    29     73      1
    29    232      1
    30      8      1
    30     20      1
    30     21      1
    30     39      1
    30     41      1
    30     57      1
    30     75      1
    30     86      1
    30    104      1
    30    106      1
    30    149      1
    30    152      1
    30    176      1
    31     18      1
    31     24      1
    31     44      1
    31     52      1
    31    124      1
    31    200      1
    31    202      1
    31    414      1
    32     22      1
    32     28      1
    32     51      1
    32     62      1
    32     67      1
    32     75      1
    32     88      1
    32    102      1
    32    168      1
    32    297      1
    33     25      1
    33      5      1
    33     82      1
    33    172      1
    33    174      1
    33    255      1
    33    409      1
    34     26      1
    34     27      1
    34     35      1
    34     41      1
    34     61      1
    34    120      1
    34    165      1
    34    245      1
    34    298      1
    34    437      1
    35      1      1
    35     14      1
    35     34      1
    35     74      1
    35    206      1
    35    438      1
    36     22      1
    36     11      1
    36     39      1
    36     60      1
    36     63      1
    36    136      1
    36    172      1
    36    234      1
    36    329      1
    37     18      1
    37     24      1
    37     49      1
    37     63      1
    37     76      1
    37     83      1
    37     98      1
    37    105      1
    37    210      1
    37    252      1
    37    272      1
    37    311      1
    37    476      1
    38      3      1
    38     22      1
    38     42      1
    38     55      1
    38    113      1
    38    147      1
    38    183      1
    38    235      1
    38    249      1
    38    384      1
    38    387      1
    38    429      1
    38    480      1
    39      5      1
    39     36      1
    39     30      1
    39     97      1
    39    110      1
    39    124      1
    39    145      1
    39    154      1
    39    305      1
    39    480      1
    40     18      1
    40     23      1
    40      0      1
    40     55      1
    40     59      1
    40     60      1
    40     87      1
    40    268      1
    40    346      1
    41     28      1
    41     34      1
    41     30      1
    41    370      1
    42      7      1
    42     38      1
    42      5      1
    42     79      1
    42    131      1
    42    185      1
    43      3      1
    43     12      1
    43     28      1
    43    148      1
    43    172      1
    43    219      1
    43    318      1
    43    364      1
    44     13      1
    44     24      1
    44     31      1
    44     54      1
    44     68      1
    44    114      1
    44    115      1
    44    156      1
    44    189      1
    44    240      1
    44    254      1
    44    291      1
    44    443      1
    45      8      1
    45     16      1
    45     26      1
    45    166      1
    45    213      1
    45    237      1
    45    304      1
    45    311      1
    45    319      1
    45    489      1
    46     24      1
    46     16      1
    46     47      1
    46     56      1
    46     80      1
    46    111      1
    46    236      1
    46    288      1
    46    445      1
    47     29      1
    47     46      1
    47     11      1
    47     52      1
    47     95      1
    47    129      1
    47    196      1
    47    312      1
    47    362      1
    47    396      1
    48     25      1
    48     14      1
    48    134      1
    48    231      1
    48    314      1
    48    410      1
    49     37      1
    49     20      1
    49    109      1
    49    224      1
    49    253      1
    50      9      1
    50     19      1
    50     65      1
    50     72      1
    50     87      1
    50    119      1
    50    133      1
    50    204      1
    50    288      1
    50    312      1
    50    316      1
    50    371      1
    50    377      1
    50    457      1
    51     32      1
    51     15      1
    51    118      1
    51    156      1
    51    217      1
    51    402      1
    52      5      1
    52     47      1
    52     31      1
    52     64      1
    52    208      1
    52    227      1
    52    358      1
    52    381      1
    52    481      1
    53      9      1
    53      2      1
    53     69      1
    53     76      1
    53    167      1
    53    169      1
    53    366      1
    54     44      1
    54     11      1
    54     24      1
    54    117      1
    54    187      1
    54    481      1
    55     38      1
    55     40      1
    55     77      1
    55    134      1
    55    147      1
    55    160      1
    55    181      1
    55    208      1
    55    347      1
    56      9      1
    56     27      1
    56     46      1
    56     70      1
    56    142      1
    56    168      1
    56    196      1
    56    215      1
    57      9      1
    57     10      1
    57     30      1
    57     96      1
    57     97      1
    57    110      1
    57    199      1
    57    215      1
    57    345      1
    58      1      1
    58     15      1
    58     14      1
    58     64      1
    58     77      1
    58     96      1
    58    349      1
    58    429      1
    59     40      1
    59     29      1
    59     81      1
    59     94      1
    59     99      1
    59    129      1
    59    151      1
    60     36      1
    60     12      1
    60     40      1
    60     78      1
    60     85      1
    60    112      1
    60    122      1
    61     23      1
    61     34      1
    61     65      1
    61    188      1
    61    281      1
    61    368      1
    62     32      1
    62      1      1
    62    104      1
    62    105      1
    62    152      1
    62    167      1
    62    233      1
    62    467      1
    63     37      1
    63     36      1
    63     83      1
    63    101      1
    63    113      1
    63    123      1
    63    125      1
    63    154      1
    63    242      1
    63    259      1
    63    287      1
    63    473      1
    64     58      1
    64     52      1
    64     71      1
    64    102      1
    64    107      1
    64    271      1
    64    307      1
    65     61      1
    65     50      1
    65     67      1
    65    126      1
    65    184      1
    65    283      1
    66      2      1
    66     23      1
    66     24      1
    66    122      1
    66    163      1
    67     65      1
    67     32      1
    67    134      1
    67    279      1
    68      6      1
    68     44      1
    68      2      1
    68    351      1
    69     17      1
    69     53      1
    69     70      1
    69    135      1
    69    284      1
    69    361      1
    70     56      1
    70     69      1
    70    131      1
    70    150      1
    70    193      1
    70    223      1
    70    353      1
    71     16      1
    71     11      1
    71     64      1
    71     74      1
    71     84      1
    71     91      1
    71    113      1
    71    231      1
    71    254      1
    71    279      1
    71    308      1
    72     50      1
    72      6      1
    72    100      1
    72    173      1
    72    192      1
    72    317      1
    72    339      1
    73     23      1
    73     29      1
    73    106      1
    73    143      1
    73    154      1
    73    182      1
    73    300      1
    73    351      1
    73    391      1
    74     35      1
    74     18      1
    74     71      1
    74    116      1
    74    356      1
    74    359      1
    74    487      1
    75     32      1
    75     20      1
    75     30      1
    75     79      1
    75    118      1
    75    137      1
    75    246      1
    75    315      1
    75    340      1
    76     15      1
    76     53      1
    76     37      1
    76     86      1
    76    125      1
    76    141      1
    76    185      1
    76    286      1
    77     13      1
    77     58      1
    77     55      1
    77    139      1
    77    151      1
    77    232      1
    78     20      1
    78     60      1
    78    116      1
    78    122      1
    78    138      1
    79     42      1
    79     75      1
    79     16      1
    79     87      1
    79    140      1
    79    142      1
    79    146      1
    79    468      1
    80      2      1
    80     46      1
    80    103      1
    80    170      1
    80    209      1
    80    226      1
    80    295      1
    80    297      1
    80    316      1
    80    451      1
    81     59      1
    81     18      1
    81     23      1
    81    127      1
    81    166      1
    81    211      1
    81    234      1
    81    267      1
    81    298      1
    81    371      1
    82      0      1
    82     33      1
    82     21      1
    82     83      1
    82    155      1
    82    280      1
    83     82      1
    83     37      1
    83     63      1
    83    323      1
    83    324      1
    83    494      1
    84      0      1
    84     71      1
    84     89      1
    84    180      1
    84    199      1
    84    250      1
    84    410      1
    85      7      1
    85     24      1
    85     60      1
    85    135      1
    85    141      1
    85    152      1
    86     76      1
    86     30      1
    86    109      1
    86    140      1
    86    165      1
    86    192      1
    86    400      1
    86    433      1
    86    491      1
    87     50      1
    87     79      1
    87     40      1
    87    109      1
    87    142      1
    87    209      1
    88     12      1
    88     32      1
    88     93      1
    88    101      1
    88    144      1
    88    268      1
    88    310      1
    88    424      1
    89     84      1
    89     26      1
    89    130      1
    89    179      1
    89    383      1
    89    491      1
    90     19      1
    90     17      1
    90    157      1
    90    159      1
    90    184      1
    90    296      1
    90    431      1
    90    462      1
    91     71      1
    91     13      1
    91     28      1
    91    331      1
    92      7      1
    92     25      1
    92     93      1
    92    117      1
    92    155      1
    92    174      1
    92    398      1
    92    463      1
    92    494      1
    93     92      1
    93     88      1
    94     59      1
    94     16      1
    94    319      1
    94    427      1
    95     47      1
    95      5      1
    95    196      1
    95    206      1
    95    255      1
    95    313      1
    95    493      1
    96     58      1
    96     57      1
    96    103      1
    96    135      1
    96    139      1
    96    143      1
    96    435      1
    97     57      1
    97     39      1
    97    164      1
    97    186      1
    97    190      1
    97    224      1
    98     26      1
    98     37      1
    98    132      1
    98    194      1
    98    327      1
    98    343      1
    98    434      1
    98    493      1
    99     11      1
    99     59      1
    99    136      1
    99    376      1
    99    392      1
   100     72      1
   100     23      1
   100    126      1
   100    162      1
   100    186      1
   100    243      1
   101     16      1
   101     63      1
   101     88      1
   101    308      1
   102     32      1
   102     64      1
   102    145      1
   102    173      1
   102    374      1
   102    385      1
   103     96      1
   103     80      1
   103    145      1
   103    151      1
   103    171      1
   103    216      1
   103    264      1
   103    427      1
   104      6      1
   104     30      1
   104     62      1
   104    141      1
   104    183      1
   104    187      1
   105     37      1
   105     62      1
   105      8      1
   106     30      1
   106     73      1
   106    130      1
   106    203      1
   106    354      1
   106    428      1
   107     11      1
   107     64      1
   107    120      1
   107    132      1
   107    191      1
   107    257      1
   108     14      1
   108     15      1
   108     18      1
   108    123      1
   108    221      1
   108    290      1
   108    322      1
   109     87      1
   109     86      1
   109     49      1
   109    257      1
   110      2      1
   110     39      1
   110     57      1
   110    123      1
   110    149      1
   110    173      1
   110    178      1
   110    194      1
   110    255      1
   110    397      1
   111     24      1
   111     46      1
   111     11      1
   111    230      1
   111    385      1
   111    391      1
   112     28      1
   112     60      1
   112    114      1
   112    115      1
   112    120      1
   112    170      1
   112    197      1
   112    455      1
   113     38      1
   113     71      1
   113     63      1
   114    112      1
   114     44      1
   115    112      1
   115     44      1
   115     26      1
   115    463      1
   116     78      1
   116     74      1
   116    121      1
   116    129      1
   116    149      1
   116    171      1
   116    218      1
   116    317      1
   116    350      1
   116    367      1
   117     54      1
   117     92      1
   117    156      1
   117    205      1
   117    353      1
   117    387      1
   117    390      1
   117    418      1
   118     16      1
   118     75      1
   118     51      1
   118    309      1
   118    353      1
   119     21      1
   119     50      1
   119    153      1
   119    176      1
   120    107      1
   120    112      1
   120     34      1
   120    214      1
   120    417      1
   120    480      1
   121      0      1
   121    116      1
   121    320      1
   121    416      1
   122     60      1
   122     66      1
   122     78      1
   122    212      1
   122    258      1
   123     63      1
   123    108      1
   123    110      1
   123    136      1
   123    190      1
   123    202      1
   123    208      1
   123    292      1
   123    306      1
   124     20      1
   124     31      1
   124     39      1
   124    144      1
   124    229      1
   124    247      1
   125     76      1
   125     27      1
   125     63      1
   125    162      1
   125    368      1
   125    444      1
   126     26      1
   126    100      1
   126     65      1
   126    161      1
   126    162      1
   126    239      1
   126    348      1
   126    388      1
   126    399      1
   126    460      1
   127      3      1
   127     81      1
   127    336      1
   127    347      1
   128      0      1
   128     23      1
   128     16      1
   128    201      1
   128    415      1
   128    449      1
   128    472      1
   129    116      1
   129     59      1
   129     47      1
   129    384      1
   130    106      1
   130     89      1
   130    287      1
   130    422      1
   130    446      1
   131     70      1
   131     14      1
   131     42      1
   131    291      1
   132     27      1
   132    107      1
   132     98      1
   132    158      1
   132    243      1
   132    362      1
   133     50      1
   133     22      1
   133      5      1
   133    160      1
   133    316      1
   133    333      1
   133    404      1
   134     48      1
   134     55      1
   134     67      1
   134    178      1
   134    191      1
   134    211      1
   134    285      1
   135     85      1
   135     96      1
   135     69      1
   135    146      1
   135    352      1
   135    386      1
   136    123      1
   136     36      1
   136     99      1
   136    138      1
   136    144      1
   136    148      1
   136    163      1
   136    216      1
   136    274      1
   136    289      1
   137     75      1
   137     20      1
   137    313      1
   138     78      1
   138    136      1
   138    164      1
   138    175      1
   138    219      1
   138    237      1
   138    486      1
   139     96      1
   139     77      1
   139    163      1
   139    168      1
   139    340      1
   139    450      1
   139    461      1
   140     86      1
   140     79      1
   140    205      1
   140    207      1
   140    254      1
   140    275      1
   140    293      1
   140    364      1
   140    380      1
   141     85      1
   141    104      1
   141     76      1
   141    225      1
   142     56      1
   142     79      1
   142     87      1
   142    160      1
   142    252      1
   142    354      1
   143     96      1
   143     73      1
   143     22      1
   143    223      1
   143    272      1
   143    355      1
   144    124      1
   144     88      1
   144    136      1
   144    157      1
   144    241      1
   145    102      1
   145     39      1
   145    103      1
   145    146      1
   145    169      1
   145    193      1
   145    299      1
   146    145      1
   146     79      1
   146    135      1
   147      0      1
   147     38      1
   147     55      1
   148     43      1
   148      0      1
   148    136      1
   148    158      1
   148    207      1
   148    409      1
   149     30      1
   149    116      1
   149    110      1
   149    157      1
   149    158      1
   149    260      1
   149    388      1
   149    439      1
   150     70      1
   150     12      1
   150    179      1
   150    204      1
   150    230      1
   150    232      1
   150    334      1
   150    466      1
   151    103      1
   151     59      1
   151     77      1
   151    153      1
   151    270      1
   151    459      1
   152     30      1
   152     85      1
   152     62      1
   152    265      1
   152    313      1
   152    396      1
   153    119      1
   153    151      1
   153    198      1
   153    248      1
   153    301      1
   153    333      1
   153    411      1
   153    418      1
   154     63      1
   154     39      1
   154     73      1
   154    203      1
   154    222      1
   154    278      1
   154    302      1
   154    329      1
   154    376      1
   154    383      1
   155     82      1
   155     92      1
   155    369      1
   155    380      1
   156    117      1
   156     51      1
   156     44      1
   156    296      1
   156    497      1
   157    144      1
   157    149      1
   157     90      1
   158    148      1
   158    149      1
   158    132      1
   159     90      1
   159     11      1
   159    181      1
   159    435      1
   160     55      1
   160    142      1
   160    133      1
   160    191      1
   160    293      1
   160    344      1
   160    407      1
   161    126      1
   161     14      1
   162    126      1
   162    100      1
   162    125      1
   162    273      1
   162    277      1
   162    321      1
   163     66      1
   163    136      1
   163    139      1
   163    174      1
   163    263      1
   163    393      1
   163    449      1
   164     97      1
   164    138      1
   164    226      1
   164    230      1
   164    275      1
   164    349      1
   165     86      1
   165     34      1
   165    403      1
   166     81      1
   166     45      1
   166    271      1
   166    312      1
   167     62      1
   167     53      1
   167    264      1
   167    495      1
   168     56      1
   168    139      1
   168     32      1
   168    225      1
   168    265      1
   168    326      1
   168    394      1
   168    424      1
   169    145      1
   169     53      1
   169    303      1
   169    408      1
   169    475      1
   170    112      1
   170     80      1
   170    178      1
   170    198      1
   170    429      1
   170    492      1
   171    103      1
   171    116      1
   171    182      1
   171    456      1
   172     33      1
   172     36      1
   172     43      1
   172    213      1
   172    451      1
   173    110      1
   173     72      1
   173    102      1
   173    175      1
   173    180      1
   173    321      1
   173    332      1
   173    375      1
   174    163      1
   174     92      1
   174     33      1
   174    379      1
   174    482      1
   175    138      1
   175    173      1
   175    248      1
   175    346      1
   176     30      1
   176    119      1
   176    188      1
   176    280      1
   177     16      1
   177     23      1
   177    220      1
   177    324      1
   178    170      1
   178    134      1
   178    110      1
   178    399      1
   179    150      1
   179     89      1
   180     84      1
   180    173      1
   180    207      1
   181      0      1
   181    159      1
   181     55      1
   181    238      1
   181    346      1
   181    450      1
   181    466      1
   182     73      1
   182    171      1
   182    205      1
   182    214      1
   182    267      1
   182    314      1
   183     38      1
   183    104      1
   183    200      1
   183    270      1
   184      3      1
   184     90      1
   184     65      1
   184    227      1
   184    309      1
   184    470      1
   185     76      1
   185     42      1
   185    210      1
   185    252      1
   185    331      1
   186     97      1
   186    100      1
   186    194      1
   186    454      1
   187    104      1
   187     54      1
   187    201      1
   187    204      1
   187    227      1
   187    276      1
   187    379      1
   187    419      1
   188     61      1
   188    176      1
   189      3      1
   189     44      1
   189    269      1
   189    464      1
   190    123      1
   190     97      1
   190    300      1
   190    452      1
   191    107      1
   191    160      1
   191    134      1
   192     72      1
   192     86      1
   192      6      1
   192    217      1
   192    324      1
   192    390      1
   192    420      1
   193    145      1
   193     70      1
   193     14      1
   193    229      1
   193    413      1
   194     98      1
   194    186      1
   194    110      1
   194    244      1
   195      6      1
   195     19      1
   195    201      1
   195    282      1
   195    356      1
   196     47      1
   196     95      1
   196     56      1
   197      7      1
   197     16      1
   197    112      1
   198    153      1
   198    170      1
   198    261      1
   199     84      1
   199     57      1
   199    220      1
   200     31      1
   200    183      1
   200      6      1
   200    233      1
   201    187      1
   201    195      1
   201    128      1
   201    262      1
   201    286      1
   201    366      1
   201    400      1
   201    410      1
   201    411      1
   201    485      1
   202    123      1
   202     31      1
   202    277      1
   203    154      1
   203    106      1
   203    219      1
   203    325      1
   204    187      1
   204    150      1
   204     50      1
   204    246      1
   204    292      1
   204    332      1
   204    350      1
   205    117      1
   205    182      1
   205    140      1
   206     95      1
   206     35      1
   207    140      1
   207    148      1
   207    180      1
   207    212      1
   207    327      1
   207    395      1
   208     55      1
   208     52      1
   208    123      1
   208    383      1
   209     87      1
   209     80      1
   209    218      1
   210     18      1
   210    185      1
   210     37      1
   210    258      1
   210    424      1
   210    464      1
   210    465      1
   211    134      1
   211     81      1
   211    235      1
   211    363      1
   211    399      1
   212    122      1
   212     24      1
   212    207      1
   212    222      1
   212    245      1
   212    256      1
   212    307      1
   212    309      1
   213     45      1
   213     15      1
   213    172      1
   214    182      1
   214      2      1
   214    120      1
   214    305      1
   214    395      1
   215     56      1
   215     57      1
   215    241      1
   215    242      1
   216    136      1
   216    103      1
   216    266      1
   216    342      1
   217     51      1
   217    192      1
   217    319      1
   217    438      1
   218    209      1
   218    116      1
   218      3      1
   218    244      1
   218    299      1
   219    203      1
   219     43      1
   219    138      1
   219    289      1
   219    436      1
   219    441      1
   220    177      1
   220    199      1
   220    269      1
   220    278      1
   220    303      1
   221    108      1
   221     14      1
   221    343      1
   222    212      1
   222    154      1
   222      3      1
   222    417      1
   223     70      1
   223     23      1
   223    143      1
   223    303      1
   223    310      1
   223    437      1
   224     49      1
   224     97      1
   224    301      1
   225    141      1
   225    168      1
   225    386      1
   226     80      1
   226    164      1
   226    285      1
   226    300      1
   227    187      1
   227    184      1
   227     52      1
   227    336      1
   227    384      1
   227    469      1
   228     16      1
   228      2      1
   228    274      1
   228    460      1
   229    124      1
   229    193      1
   229    259      1
   230    111      1
   230    150      1
   230    164      1
   231     48      1
   231     71      1
   231    238      1
   231    328      1
   231    333      1
   231    406      1
   231    468      1
   232     77      1
   232     29      1
   232    150      1
   232    251      1
   232    461      1
   233     62      1
   233    200      1
   233    273      1
   233    454      1
   234     81      1
   234     36      1
   235     38      1
   235    211      1
   235    321      1
   235    325      1
   236     14      1
   236     46      1
   236    246      1
   236    344      1
   236    401      1
   236    430      1
   237     45      1
   237    138      1
   237    256      1
   237    366      1
   237    423      1
   238    181      1
   238    231      1
   238    391      1
   239     18      1
   239    126      1
   239    266      1
   239    281      1
   239    449      1
   239    479      1
   240     16      1
   240     44      1
   240    249      1
   241    144      1
   241    215      1
   241    412      1
   241    470      1
   242    215      1
   242     63      1
   242    248      1
   242    294      1
   242    414      1
   242    452      1
   243    100      1
   243     11      1
   243    132      1
   243    322      1
   244    218      1
   244    194      1
   244    251      1
   244    276      1
   245     34      1
   245    212      1
   246    204      1
   246    236      1
   246     75      1
   246    269      1
   246    492      1
   247    124      1
   247     27      1
   247    260      1
   247    286      1
   247    323      1
   247    469      1
   248    153      1
   248    242      1
   248    175      1
   248    258      1
   248    349      1
   249    240      1
   249     38      1
   249    262      1
   249    408      1
   250     84      1
   250      6      1
   250    266      1
   250    425      1
   251    244      1
   251      4      1
   251    232      1
   251    359      1
   252     37      1
   252    142      1
   252    185      1
   252    257      1
   252    320      1
   253     28      1
   253     49      1
   253    279      1
   253    337      1
   254    140      1
   254     71      1
   254     44      1
   254    282      1
   255     95      1
   255    110      1
   255     33      1
   255    256      1
   255    294      1
   256    255      1
   256    212      1
   256    237      1
   256    323      1
   257    107      1
   257    109      1
   257    252      1
   257    347      1
   257    368      1
   258    210      1
   258    248      1
   258    122      1
   258    422      1
   259     63      1
   259    229      1
   260    149      1
   260     24      1
   260    247      1
   260    284      1
   260    322      1
   260    415      1
   261    198      1
   261     15      1
   261    457      1
   261    484      1
   262    201      1
   262    249      1
   262    374      1
   263     24      1
   263    163      1
   264    167      1
   264      6      1
   264    103      1
   264    335      1
   264    357      1
   264    372      1
   265    152      1
   265    168      1
   265    290      1
   265    452      1
   265    477      1
   265    496      1
   266    216      1
   266    239      1
   266    250      1
   266    295      1
   266    456      1
   267     81      1
   267    182      1
   267    301      1
   268     88      1
   268      6      1
   268     40      1
   268    273      1
   268    283      1
   268    345      1
   268    372      1
   269    189      1
   269    246      1
   269    220      1
   269    338      1
   269    397      1
   269    484      1
   270    151      1
   270    183      1
   270    325      1
   270    358      1
   271    166      1
   271     64      1
   272     37      1
   272    143      1
   272    457      1
   272    498      1
   273    162      1
   273    233      1
   273    268      1
   273    306      1
   274    228      1
   274    136      1
   274     20      1
   274    302      1
   274    495      1
   275    140      1
   275    164      1
   275     10      1
   276    187      1
   276    244      1
   276    356      1
   277    162      1
   277     16      1
   277    202      1
   277    404      1
   278    154      1
   278     16      1
   278    220      1
   278    432      1
   279    253      1
   279     67      1
   279     71      1
   279    408      1
   280    176      1
   280     82      1
   281      5      1
   281    239      1
   281     61      1
   281    427      1
   281    439      1
   281    453      1
   281    465      1
   282    195      1
   282    254      1
   282    306      1
   282    377      1
   283     65      1
   283    268      1
   283    304      1
   284    260      1
   284     69      1
   284    314      1
   284    315      1
   284    471      1
   285    226      1
   285    134      1
   285    345      1
   285    476      1
   286     76      1
   286    201      1
   286    247      1
   286    320      1
   286    462      1
   286    479      1
   287     63      1
   287    130      1
   287    348      1
   288     50      1
   288     46      1
   288    403      1
   288    411      1
   289    136      1
   289    219      1
   289    360      1
   290    265      1
   290    108      1
   290    342      1
   291    131      1
   291     44      1
   292    204      1
   292    123      1
   292    455      1
   293    160      1
   293    140      1
   293    433      1
   293    434      1
   294    242      1
   294    255      1
   294    339      1
   294    358      1
   294    394      1
   294    484      1
   295     23      1
   295     80      1
   295    266      1
   295    397      1
   295    494      1
   296     90      1
   296    156      1
   296    458      1
   297     80      1
   297     32      1
   297    373      1
   298     34      1
   298     81      1
   299    218      1
   299    145      1
   300     73      1
   300    190      1
   300    226      1
   300    398      1
   300    407      1
   300    421      1
   300    442      1
   301    224      1
   301    267      1
   301    153      1
   301    430      1
   301    446      1
   302    154      1
   302    274      1
   302    315      1
   303    223      1
   303    220      1
   303    169      1
   304    283      1
   304     45      1
   304    458      1
   305     39      1
   305    214      1
   305    455      1
   306    282      1
   306    273      1
   306    123      1
   306    330      1
   306    342      1
   306    355      1
   306    370      1
   307    212      1
   307     64      1
   307    448      1
   308     71      1
   308    101      1
   309    184      1
   309    118      1
   309    212      1
   309    498      1
   310    223      1
   310     88      1
   311     45      1
   311     37      1
   312     47      1
   312     50      1
   312    166      1
   312    488      1
   313    137      1
   313     95      1
   313    152      1
   314    284      1
   314     48      1
   314    182      1
   314    338      1
   314    412      1
   314    417      1
   315    302      1
   315    284      1
   315     75      1
   315    475      1
   316    133      1
   316     50      1
   316     80      1
   316    361      1
   317     72      1
   317    116      1
   317    363      1
   317    388      1
   318     43      1
   318     26      1
   319    217      1
   319     45      1
   319     94      1
   319    419      1
   320    252      1
   320    121      1
   320    286      1
   320    351      1
   321    173      1
   321    162      1
   321    235      1
   321    459      1
   322    260      1
   322    243      1
   322    108      1
   322    378      1
   322    425      1
   323     83      1
   323    247      1
   323    256      1
   323    354      1
   323    426      1
   324    192      1
   324    177      1
   324     83      1
   324    339      1
   324    352      1
   325    203      1
   325    270      1
   325    235      1
   325    357      1
   325    382      1
   325    499      1
   326    168      1
   326      7      1
   327     98      1
   327      0      1
   327    207      1
   328    231      1
   328     23      1
   328      5      1
   329     36      1
   329    154      1
   329    341      1
   329    428      1
   329    488      1
   330     15      1
   330    306      1
   330    377      1
   330    393      1
   331    185      1
   331     91      1
   331    414      1
   332    173      1
   332    204      1
   332    365      1
   333    133      1
   333    231      1
   333    153      1
   333    474      1
   333    487      1
   334     16      1
   334    150      1
   334    335      1
   334    336      1
   334    341      1
   334    420      1
   335    334      1
   335    264      1
   335    402      1
   335    406      1
   335    499      1
   336    227      1
   336    127      1
   336    334      1
   336    378      1
   337     26      1
   337    253      1
   338      5      1
   338    314      1
   338    269      1
   338    394      1
   339    294      1
   339     72      1
   339    324      1
   339    431      1
   339    472      1
   340     75      1
   340    139      1
   340    475      1
   341    334      1
   341    329      1
   342    290      1
   342    216      1
   342    306      1
   343     98      1
   343    221      1
   344    236      1
   344    160      1
   344    440      1
   344    448      1
   345    268      1
   345    285      1
   345     57      1
   346    175      1
   346    181      1
   346     40      1
   347     55      1
   347    257      1
   347    127      1
   348    287      1
   348     13      1
   348    126      1
   348    367      1
   349    164      1
   349    248      1
   349     58      1
   349    350      1
   349    476      1
   350    204      1
   350    116      1
   350    349      1
   351    320      1
   351     73      1
   351     68      1
   351    393      1
   352    135      1
   352    324      1
   352    355      1
   352    497      1
   353    118      1
   353     70      1
   353    117      1
   353    432      1
   353    451      1
   354    142      1
   354    323      1
   354    106      1
   355    143      1
   355    306      1
   355    352      1
   355    423      1
   355    483      1
   356     74      1
   356    195      1
   356    276      1
   356    386      1
   356    490      1
   357    264      1
   357    325      1
   358    294      1
   358     52      1
   358    270      1
   358    405      1
   359     74      1
   359    251      1
   359    375      1
   359    405      1
   359    445      1
   359    467      1
   360    289      1
   360      1      1
   360    418      1
   361    316      1
   361     69      1
   362     47      1
   362    132      1
   362    379      1
   363    211      1
   363    317      1
   364    140      1
   364     43      1
   365     17      1
   365    332      1
   365    436      1
   366    201      1
   366    237      1
   366     53      1
   366    373      1
   367    116      1
   367    348      1
   367     21      1
   368    257      1
   368    125      1
   368     61      1
   369     11      1
   369    155      1
   369    378      1
   369    433      1
   369    456      1
   370     41      1
   370    306      1
   371     50      1
   371     81      1
   371     16      1
   371    469      1
   372    264      1
   372    268      1
   372    426      1
   373    297      1
   373    366      1
   373    453      1
   374    262      1
   374    102      1
   375    359      1
   375    173      1
   375    389      1
   376     99      1
   376    154      1
   377    330      1
   377     50      1
   377    282      1
   378    322      1
   378    369      1
   378    336      1
   378    382      1
   379    187      1
   379    174      1
   379    362      1
   380     16      1
   380    155      1
   380    140      1
   380    389      1
   381     52      1
   381     17      1
   381    447      1
   381    483      1
   382    378      1
   382    325      1
   382    447      1
   383    154      1
   383     89      1
   383    208      1
   383    406      1
   384    227      1
   384     38      1
   384    129      1
   385    111      1
   385    102      1
   386    225      1
   386    356      1
   386    135      1
   386    421      1
   387     38      1
   387    117      1
   387    442      1
   388    317      1
   388    149      1
   388    126      1
   388    478      1
   389    375      1
   389    380      1
   390    192      1
   390    117      1
   391     73      1
   391    238      1
   391    111      1
   392     12      1
   392     99      1
   393    330      1
   393    351      1
   393    163      1
   394    338      1
   394    294      1
   394    168      1
   395    214      1
   395    207      1
   396    152      1
   396     47      1
   397    295      1
   397    269      1
   397    110      1
   398    300      1
   398     92      1
   398    443      1
   399    178      1
   399    211      1
   399    126      1
   400     86      1
   400    201      1
   401      9      1
   401    236      1
   402      1      1
   402     51      1
   402    335      1
   403    288      1
   403    165      1
   403    405      1
   404    133      1
   404    277      1
   404    409      1
   405    403      1
   405    359      1
   405    358      1
   406    335      1
   406    231      1
   406    383      1
   407    160      1
   407    300      1
   408    279      1
   408    249      1
   408    169      1
   409    148      1
   409     33      1
   409    404      1
   410    201      1
   410     48      1
   410     84      1
   411    153      1
   411    288      1
   411    201      1
   411    412      1
   412    314      1
   412    241      1
   412    411      1
   413      6      1
   413    193      1
   414    331      1
   414     31      1
   414    242      1
   415    260      1
   415    128      1
   416     18      1
   416    121      1
   417    120      1
   417    314      1
   417    222      1
   418    117      1
   418    153      1
   418    360      1
   419    319      1
   419      6      1
   419    187      1
   420    334      1
   420    192      1
   421    300      1
   421     26      1
   421    386      1
   422    258      1
   422    130      1
   423    237      1
   423    355      1
   423      7      1
   423    488      1
   424     88      1
   424    210      1
   424    168      1
   425    322      1
   425      9      1
   425    250      1
   426    323      1
   426    372      1
   427    103      1
   427     94      1
   427    281      1
   427    499      1
   428    106      1
   428    329      1
   428    440      1
   429     58      1
   429    170      1
   429     38      1
   430    236      1
   430    301      1
   430    479      1
   430    497      1
   431    339      1
   431     90      1
   431    445      1
   432    278      1
   432    353      1
   432    486      1
   433    369      1
   433    293      1
   433     86      1
   434     98      1
   434    293      1
   435     96      1
   435     26      1
   435    159      1
   436    365      1
   436    219      1
   436    444      1
   436    486      1
   437    223      1
   437     34      1
   437    478      1
   437    490      1
   438    217      1
   438     35      1
   439    149      1
   439    281      1
   440    344      1
   440    428      1
   440     16      1
   441    219      1
   441     21      1
   441    444      1
   442    387      1
   442    300      1
   443    398      1
   443     44      1
   444    436      1
   444    125      1
   444    441      1
   444    453      1
   445     46      1
   445    359      1
   445    431      1
   445    483      1
   446    130      1
   446    301      1
   447    382      1
   447    381      1
   447    471      1
   448    307      1
   448    344      1
   449    239      1
   449    128      1
   449    163      1
   450    181      1
   450    139      1
   451     80      1
   451    353      1
   451    172      1
   452    242      1
   452    265      1
   452    190      1
   452    463      1
   453    373      1
   453    444      1
   453    281      1
   454    186      1
   454    233      1
   454    467      1
   454    468      1
   455    112      1
   455    305      1
   455    292      1
   456    369      1
   456    266      1
   456    171      1
   457    261      1
   457     50      1
   457    272      1
   458    296      1
   458    304      1
   458    482      1
   459    151      1
   459    321      1
   459    460      1
   460    126      1
   460    228      1
   460    459      1
   461    139      1
   461    232      1
   462     90      1
   462    286      1
   463     92      1
   463    115      1
   463    452      1
   464    210      1
   464    189      1
   465    281      1
   465     23      1
   465    210      1
   466    150      1
   466     15      1
   466    181      1
   467    454      1
   467    359      1
   467     62      1
   468    231      1
   468    454      1
   468     79      1
   469    227      1
   469    371      1
   469    247      1
   470    241      1
   470    184      1
   470    477      1
   471    284      1
   471    447      1
   472    128      1
   472    339      1
   473      1      1
   473     63      1
   473    485      1
   474     26      1
   474    333      1
   475    340      1
   475    169      1
   475    315      1
   476     37      1
   476    349      1
   476    285      1
   477     24      1
   477    470      1
   477    265      1
   478    388      1
   478    437      1
   479    239      1
   479    430      1
   479    286      1
   480     38      1
   480    120      1
   480     39      1
   481     54      1
   481     52      1
   482    458      1
   482    174      1
   483    445      1
   483    355      1
   483    381      1
   484    269      1
   484    261      1
   484    294      1
   485    473      1
   485    201      1
   486    436      1
   486    432      1
   486    138      1
   487    333      1
   487     74      1
   488    329      1
   488    312      1
   488    423      1
   489     45      1
   489      2      1
   490    437      1
   490    356      1
   491     86      1
   491     89      1
   491     13      1
   492    246      1
   492    170      1
   493     95      1
   493     98      1
   494     92      1
   494    295      1
   494     83      1
   495    274      1
   495    167      1
   496    265      1
   496     22      1
   497    430      1
   497    156      1
   497    352      1
   498    272      1
   498    309      1
   499    335      1
   499    427      1
   499    325      1
