COORD_X_Y 100
 0.383244  0.366512
  2.99057   2.52424
    1.729   1.33632
  1.40789   2.59508
  1.24536  0.200142
  1.99527   2.00293
  2.43525  0.118822
0.0358954   2.29302
 0.244964   1.91418
 0.394076  0.684875
 0.433331  0.930894
 0.415137   1.67457
  1.74964   2.40689
  1.71528   2.95143
  1.23633  0.629861
  1.66549  0.691367
 0.582403   1.14599
0.0439776   1.09955
  2.85206  0.318528
  2.55642   1.92769
  2.86782 0.0509814
 0.744408   2.73364
  1.07266  0.252969
 0.286372  0.648614
  1.54989  0.845255
  2.62547 0.0711748
  1.97526   1.74473
 0.382806  0.837745
  1.00701   1.83373
  2.89114  0.732163
  2.93086   1.70195
  1.92947   2.08601
  2.14517   2.07322
  2.87607   1.24818
   2.5341   1.38301
  1.66534   1.16753
  2.10948   2.42377
  2.56862   2.96441
 0.141068  0.716706
0.0169372  0.549894
 0.733973   1.93276
  1.76752   1.46137
  1.17385   2.21853
  1.06513  0.511541
  1.38732   1.17522
  1.09125   1.45541
  2.80601  0.302855
  1.97483   2.98506
  1.47587   1.31885
  2.09876     2.545
 0.624592    2.1118
 0.149591   2.86433
  1.55866  0.492843
  2.17919  0.882227
  1.12037   1.80814
0.0378321  0.804001
  2.71102   2.75709
  2.90306   2.08239
  1.06562  0.217373
 0.817535   1.75212
  2.12125 0.0261023
  1.19322   2.28565
  1.09341   1.40879
  1.88699   1.64494
  1.33563   1.40779
  1.70412  0.766349
  2.68437   2.98495
  1.06542    2.8781
 0.982038  0.487124
  1.81253  0.488844
  0.86656   1.03719
  1.11042   1.35156
  2.08416   0.68475
 0.249527  0.558018
 0.434822    1.4358
  2.28005  0.686925
   2.2181   1.43734
  0.94682   1.93657
  1.82382   2.56693
  1.65588  0.380289
  1.67784   2.52832
  1.51614   1.86127
  2.62931  0.451208
 0.610963   1.17144
  1.31218  0.859685
 0.534966 0.0723815
 0.770003   1.29302
  1.55781   1.16592
  1.73835   1.16302
  2.78057   1.20545
  1.32136   2.31923
 0.794786   1.76138
0.0994544   2.36597
  1.41732    1.9932
0.0776651    1.6132
  2.95952   1.87112
  1.47336   1.95235
  1.05844   2.66381
  1.81445   2.31212
 0.473722   1.71621
LINKS_SOURCE_DESTINATION_DISTANCE 480
     0      1      1
     0      2      1
     0      5      1
     0      7      1
     0      9      1
     0     11      1
     0     12      1
     0     13      1
     0     15      1
     0     16      1
     0     22      1
     0     37      1
     0     39      1
     0     50      1
     0     59      1
     0     89      1
     0     91      1
     1      0      1
     1      4      1
     1      5      1
     1      6      1
     1      9      1
     1     73      1
     1     79      1
     1     82      1
     2      0      1
     2      3      1
     2      9      1
     2     10      1
     2     12      1
     2     30      1
     2     53      1
     2     58      1
     2     65      1
     2     70      1
     2     84      1
     2     85      1
     3      2      1
     3      4      1
     3      6      1
     3     14      1
     3     18      1
     3     19      1
     3     20      1
     3     45      1
     3     74      1
     3     86      1
     4      1      1
     4      3      1
     4      6      1
     4      7      1
     4      8      1
     4     10      1
     4     15      1
     4     19      1
     4     51      1
     4     58      1
     4     88      1
     4     93      1
     5      0      1
     5      1      1
     5      8      1
     5     10      1
     5     11      1
     6      1      1
     6      3      1
     6      4      1
     6      8      1
     6     48      1
     6     56      1
     6     75      1
     6     91      1
     7      4      1
     7      0      1
     7     15      1
     7     31      1
     7     32      1
     7     65      1
     7     88      1
     8      5      1
     8      4      1
     8      6      1
     8     11      1
     8     12      1
     8     21      1
     8     22      1
     8     27      1
     8     30      1
     8     33      1
     8     35      1
     8     69      1
     8     81      1
     9      0      1
     9      1      1
     9      2      1
     9     14      1
     9     17      1
     9     50      1
     9     52      1
     9     54      1
    10      2      1
    10      5      1
    10      4      1
    10     14      1
    10     16      1
    10     18      1
    10     21      1
    10     23      1
    10     27      1
    10     38      1
    10     85      1
    11      0      1
    11      8      1
    11      5      1
    11     16      1
    11     17      1
    11     20      1
    11     26      1
    11     40      1
    11     44      1
    11     66      1
    11     83      1
    12      0      1
    12      2      1
    12      8      1
    12     13      1
    12     17      1
    12     18      1
    12     24      1
    12     36      1
    12     74      1
    13      0      1
    13     12      1
    13     25      1
    13     41      1
    14     10      1
    14      3      1
    14      9      1
    15      4      1
    15      7      1
    15      0      1
    15     42      1
    15     49      1
    15     60      1
    15     76      1
    16      0      1
    16     10      1
    16     11      1
    16     26      1
    16     34      1
    17     11      1
    17     12      1
    17      9      1
    17     24      1
    17     28      1
    18     12      1
    18      3      1
    18     10      1
    18     23      1
    18     29      1
    18     33      1
    18     34      1
    19      3      1
    19      4      1
    19     20      1
    19     28      1
    19     56      1
    20      3      1
    20     19      1
    20     11      1
    20     21      1
    20     32      1
    20     35      1
    20     51      1
    21     20      1
    21      8      1
    21     10      1
    21     25      1
    21     31      1
    21     40      1
    21     47      1
    21     64      1
    21     71      1
    21     84      1
    22      8      1
    22      0      1
    22     23      1
    22     25      1
    22     31      1
    22     47      1
    23     10      1
    23     22      1
    23     18      1
    23     39      1
    24     17      1
    24     12      1
    24     29      1
    24     45      1
    25     13      1
    25     21      1
    25     22      1
    25     34      1
    25     36      1
    25     44      1
    25     55      1
    25     63      1
    25     73      1
    25     79      1
    26     11      1
    26     16      1
    26     27      1
    26     29      1
    26     38      1
    26     40      1
    26     67      1
    27      8      1
    27     26      1
    27     10      1
    27     41      1
    27     51      1
    27     61      1
    28     19      1
    28     17      1
    28     99      1
    29     26      1
    29     24      1
    29     18      1
    30      2      1
    30      8      1
    30     58      1
    30     64      1
    30     84      1
    31      7      1
    31     21      1
    31     22      1
    31     37      1
    31     88      1
    32     20      1
    32      7      1
    32     37      1
    32     52      1
    32     68      1
    33      8      1
    33     18      1
    33     50      1
    33     78      1
    34     25      1
    34     16      1
    34     18      1
    34     47      1
    34     76      1
    35     20      1
    35      8      1
    35     42      1
    35     77      1
    35     91      1
    36     12      1
    36     25      1
    36     54      1
    36     77      1
    36     87      1
    37      0      1
    37     31      1
    37     32      1
    37     46      1
    37     57      1
    38     10      1
    38     26      1
    38     49      1
    39      0      1
    39     23      1
    39     43      1
    39     68      1
    39     69      1
    39     86      1
    40     11      1
    40     26      1
    40     21      1
    40     57      1
    40     59      1
    40     94      1
    41     13      1
    41     27      1
    41     43      1
    41     46      1
    41     49      1
    41     53      1
    41     92      1
    42     35      1
    42     15      1
    42     48      1
    43     39      1
    43     41      1
    43     81      1
    43     98      1
    44     25      1
    44     11      1
    44     48      1
    45      3      1
    45     24      1
    45     55      1
    45     56      1
    45     72      1
    46     41      1
    46     37      1
    46     74      1
    47     34      1
    47     21      1
    47     22      1
    47     60      1
    47     62      1
    47     70      1
    47     83      1
    47     93      1
    48     44      1
    48      6      1
    48     42      1
    48     63      1
    49     38      1
    49     15      1
    49     41      1
    49     68      1
    49     70      1
    50      0      1
    50      9      1
    50     33      1
    51     20      1
    51     27      1
    51      4      1
    51     64      1
    51     96      1
    52      9      1
    52     32      1
    52     54      1
    52     75      1
    52     90      1
    53      2      1
    53     41      1
    53     90      1
    54     36      1
    54      9      1
    54     52      1
    54     66      1
    55     25      1
    55     45      1
    55     71      1
    55     72      1
    56      6      1
    56     45      1
    56     19      1
    56     79      1
    56     83      1
    57     40      1
    57     37      1
    57     61      1
    57     62      1
    57     97      1
    58      2      1
    58     30      1
    58      4      1
    58     59      1
    58     60      1
    59      0      1
    59     40      1
    59     58      1
    60     15      1
    60     58      1
    60     47      1
    61     27      1
    61     57      1
    61     81      1
    62     57      1
    62     47      1
    62     69      1
    62     80      1
    63     25      1
    63     48      1
    63     67      1
    64     30      1
    64     21      1
    64     51      1
    65      2      1
    65      7      1
    66     11      1
    66     54      1
    67     63      1
    67     26      1
    67     97      1
    68     39      1
    68     49      1
    68     32      1
    68     77      1
    69     39      1
    69      8      1
    69     62      1
    70      2      1
    70     49      1
    70     47      1
    71     21      1
    71     55      1
    72     55      1
    72     45      1
    73     25      1
    73      1      1
    74      3      1
    74     46      1
    74     12      1
    75      6      1
    75     52      1
    75     90      1
    76     15      1
    76     34      1
    76     78      1
    77     35      1
    77     36      1
    77     68      1
    78     33      1
    78     76      1
    78     80      1
    78     82      1
    79     56      1
    79      1      1
    79     25      1
    79     92      1
    79     94      1
    79     95      1
    80     62      1
    80     78      1
    81     61      1
    81      8      1
    81     43      1
    82      1      1
    82     78      1
    83     11      1
    83     56      1
    83     47      1
    84      2      1
    84     30      1
    84     21      1
    84     96      1
    85      2      1
    85     10      1
    85     87      1
    86      3      1
    86     39      1
    86     89      1
    87     36      1
    87     85      1
    88      7      1
    88      4      1
    88     31      1
    89      0      1
    89     86      1
    90     52      1
    90     53      1
    90     75      1
    91      6      1
    91     35      1
    91      0      1
    91     93      1
    92     79      1
    92     41      1
    93     47      1
    93     91      1
    93      4      1
    93     95      1
    93     98      1
    94     40      1
    94     79      1
    95     93      1
    95     79      1
    95     99      1
    96     84      1
    96     51      1
    97     67      1
    97     57      1
    98     93      1
    98     43      1
    99     28      1
    99     95      1
