COORD_X_Y 400
  2.97353   1.24424
 0.914407   1.58997
  2.95158   2.26798
  1.35213   1.62857
   1.6925   2.43865
  2.32424   2.02323
  2.69725   1.38539
  2.74333   2.34507
  2.39173  0.928163
  1.55546  0.973588
  2.08621  0.834866
  1.20825   2.57943
  1.13951   2.71404
  2.17672   2.71602
  2.28769  0.839943
  2.91767   1.74788
 0.774317  0.615539
 0.194174   2.83682
  1.83069   2.71873
  1.13512   0.93969
  1.31624  0.738369
  0.39099   1.36693
   2.5558    1.7097
  2.39189   2.78287
  1.13363   1.49598
  1.98753   2.60819
0.00447936  0.857165
 0.625069   1.41423
  1.45058  0.434266
 0.606992   1.52025
0.00807135  0.636257
  2.68754   0.56616
  2.81753  0.148978
  2.39493  0.623284
  2.08408   2.53902
   1.2773   2.65046
  2.10585   2.56946
  1.88592   1.87563
  1.31967   2.29395
  1.93101   2.82839
  2.92224    2.5536
  1.73453  0.716589
  1.65733  0.527759
  2.20885  0.662524
  1.26294 0.0275402
  1.32169   1.04285
  1.41506   1.64858
   1.1969   1.09461
  1.45433   1.43632
   1.8251 0.00747097
  2.40851   2.41707
  2.71344   1.93207
 0.311572   1.12524
  1.86278  0.274627
  1.50487   2.62391
 0.400167   1.82092
  2.36673 0.0433564
 0.410151   2.67426
 0.586057   2.43603
  2.17092  0.275882
 0.327702  0.115753
 0.569199   1.46832
 0.313583   2.77585
  2.81075  0.568246
  1.85401   2.36931
  2.66243   2.08282
  1.13489   1.54799
 0.886952   2.78829
  1.22499  0.405133
 0.294423   1.86826
 0.965673   1.32176
  2.24087    2.9539
 0.501604   1.35904
 0.366764   1.41252
  2.96072   2.80745
  2.78438   2.06232
  2.49978   1.80356
   2.3409   1.40221
  2.31592 0.0829956
  2.61397  0.651679
  1.36009   1.27961
  2.45258  0.228506
  1.65264  0.260973
 0.631701  0.446387
 0.790754  0.925693
  1.92176  0.438237
  1.05187   1.79448
 0.558123   0.78142
  1.45688   2.64507
 0.753158  0.322763
 0.909534   2.84282
 0.907034  0.672721
 0.539146  0.829447
  2.92632   2.69858
  1.78892   2.64404
  1.93922  0.265253
  2.48649  0.305556
 0.783899   2.64544
  1.21206  0.234669
 0.777464  0.816878
   2.5058  0.777513
  2.91401  0.410318
 0.969159 0.0499607
 0.479818   1.30447
  2.22554   2.20595
 0.238349   0.70287
  2.33966  0.569495
  2.84493   2.43373
   2.0327   2.78286
 0.687342   1.64963
  1.24753  0.564879
   1.0148  0.693656
  2.47938  0.249775
  2.75101   2.16814
  1.89018  0.207787
  2.12401   2.08585
  2.85276   2.10341
  2.06188   1.19661
 0.452623   1.03676
  2.63084  0.707763
  1.63002   1.82795
  1.91018    1.4717
  2.73372   2.53548
    2.321 0.0144321
  1.49003  0.713868
 0.870875  0.861312
  1.67196   2.79092
  1.62848   1.41302
 0.456222  0.639535
  1.23706  0.166772
  2.79071   2.82851
  0.32358   2.28548
  1.96078  0.365513
  2.90982   1.15516
 0.124894   2.88458
  1.44476 0.0118795
  2.53856   1.26739
 0.762645   2.74641
  1.13641   0.66507
 0.417862    1.2736
 0.949891    2.2103
  2.86594   1.44149
  1.31154  0.744207
 0.623661   2.65728
   2.4075   2.93785
  1.35883    1.7235
  1.25918   2.95523
  2.33912 0.0556843
  2.86794   2.14872
  2.63145   1.72471
  1.91628   1.69928
  1.22501  0.702164
  2.28123   2.80265
  1.32427    2.1353
 0.914729  0.260488
  2.31936   2.54286
  0.58216  0.921178
  1.28179   2.15659
  2.11481   2.73801
  2.21244  0.972321
  2.08019   1.13373
  1.30113   2.98791
  2.35956  0.469706
 0.564569  0.866212
  1.70415   2.36034
  2.43328  0.184006
 0.372807    1.8879
 0.362186   2.07892
   2.6352  0.846832
 0.481683   1.15218
0.0831382   1.52015
  2.63445   2.79444
  2.17376   2.32454
  2.67171   2.15512
  1.43056  0.629761
  2.90325   1.23511
  2.92133   2.47477
  2.91669   2.24426
 0.248846   1.64753
 0.150778    1.2219
  1.59675   2.93157
  2.05498   1.31297
  1.12972  0.278275
  2.65141  0.571421
  1.59534   2.97576
  1.67315   1.51185
  2.98442    2.8053
 0.601358  0.459736
  2.57363   2.46656
    0.478   1.11414
 0.722249   1.64069
   1.9058    2.9464
  1.25831   1.01317
 0.142166   2.85346
  2.68441  0.261793
  2.68596   1.48387
 0.112836  0.888195
  2.72995   2.19856
  1.39475   2.82585
0.0513666    1.8017
   2.6944  0.241142
  1.33988  0.963161
  2.75337  0.310056
  2.94648   1.69891
  2.74435  0.650154
  1.58944  0.926497
  2.68796   1.28475
   1.5246   1.04901
 0.901307   1.05558
  1.38475  0.265483
  2.24369  0.577442
 0.369464   1.24949
 0.863459   2.58811
  2.74836   0.43709
  2.26696  0.175649
 0.808278   1.01057
   2.5148  0.950776
  1.08489   1.03768
   2.7918   1.51875
  2.89147   1.27508
  1.66789  0.207832
   2.3778   1.85257
  2.36676  0.436324
  1.25287   0.88462
  1.51304   1.66723
0.0516558   2.92651
  1.32003   1.00472
   1.2135   2.96643
  2.14298   1.29764
 0.819187   2.16554
  2.17842   1.36098
  2.04876   0.19897
    1.081   2.15973
 0.571115  0.976107
 0.531495  0.102646
 0.260619   2.62638
  2.24334   1.92439
  2.07422   2.24848
 0.691799  0.683934
 0.855058  0.302369
  1.74911  0.068707
 0.548342  0.211366
  1.02564  0.824832
 0.383092  0.689861
  1.37523  0.688969
  2.70418    2.7021
 0.546903  0.136541
  2.26893  0.338015
  2.90101   2.33826
  2.45154   1.52919
  2.86364   2.76343
  2.80524  0.873172
  1.06754   1.62993
 0.499586    2.1677
 0.718055   2.44845
  1.74315   1.00503
  1.19319   1.09352
  1.89293    1.1219
 0.976734 0.00330716
 0.338623   2.96245
  1.43862   1.17789
 0.924397  0.984694
  1.64982   1.62944
  1.21961   1.03713
  1.97777 0.0575161
  2.75336   1.62727
 0.064743  0.512065
  1.50706  0.809531
  1.06688   2.88388
    1.333  0.633734
  2.30172  0.375794
  2.89765  0.934123
  2.54358   1.74612
  1.17105   2.02702
  1.00398  0.639161
0.0136008   1.45671
  2.43611   2.07177
  2.20917   1.75193
 0.968677   2.03222
  0.54065  0.741753
  2.95799   1.38116
 0.861274   2.36483
  2.94727   1.37629
  2.45269   2.04136
 0.173595  0.657903
 0.818626   2.89366
 0.537558  0.653633
  1.89224  0.162434
  2.88326   2.97926
  1.95178   1.60979
 0.348083   2.85992
  2.81907   2.68956
  2.01441   2.37544
   2.7573  0.620338
  0.19499   2.37307
  1.66936   2.93745
0.0790929   2.29716
  2.26079   2.92992
  2.89302   1.40965
 0.691124   2.70476
  2.44668  0.538566
 0.349296   1.49883
  1.43287   2.63151
   1.4074   1.65485
  1.48566   1.51736
  2.85895   2.35533
  1.23712   2.46406
 0.864189   1.63378
 0.249015  0.514843
 0.331248    1.1426
 0.885579   2.86635
  1.34306   2.77948
  2.47321  0.575181
 0.744121 0.0841266
  2.69549   1.90949
  1.71701   2.87055
  2.71561  0.564334
 0.399068   1.81098
  1.48104  0.577628
  1.19853  0.652826
 0.653943    2.0039
  2.15852  0.379308
  2.63621   1.41369
  2.83207  0.319242
  2.66963   1.59455
 0.590505   2.35335
  2.08287   2.89564
  1.28808   2.95314
  1.77648   2.34009
  1.04506   2.78901
0.00819537   2.03449
 0.486945   2.38795
 0.237308  0.225278
 0.388027   1.89936
 0.509602   2.75229
  2.34347   1.73971
  1.66247 0.0549366
  1.79919  0.388801
  2.04665   1.64765
  1.77702   1.69017
  1.01809   2.84214
  2.49407  0.877014
   2.5365   2.80136
  1.33474    1.9999
  2.62086   2.70474
 0.898786   2.22743
  1.51684   1.47902
 0.910677   2.30819
  2.08464   1.33489
  1.89183  0.582386
 0.841216   1.30829
   2.9248   1.17317
  2.36304  0.965704
  1.97146  0.207255
 0.068212  0.782157
  2.85547  0.907661
  1.24068   1.51883
  2.45446  0.560836
 0.484954   1.47163
  1.17732   2.95542
 0.522725   2.80218
  2.11425  0.982486
  2.69572  0.161356
 0.854988  0.491302
  2.31157  0.228173
  1.11134   1.06171
 0.658135   2.00605
  0.17815   1.37582
  1.88259   1.19506
  1.18743   2.17931
  1.94219   2.43434
  2.40968   2.89284
 0.935765  0.487285
  2.91002    1.6434
  2.08233   2.40362
  1.61091   2.96136
  2.95743   0.49035
  2.33397   2.02801
  1.01033 0.0733405
 0.387981  0.141267
   1.0872   2.37085
 0.177545   1.56539
  2.66369  0.520365
  2.74843   2.76811
  2.63815   2.85072
 0.928122  0.248277
 0.341074  0.358463
   1.2878    2.0528
  2.12828   1.37223
 0.437897   2.56571
  1.90662  0.376196
   2.5678   2.36091
  2.40277   1.17806
0.0903666  0.269342
 0.747951    2.1605
 0.127535  0.410756
 0.636951   2.56164
   2.7206   2.17644
 0.213423  0.282263
  2.69694   2.98716
LINKS_SOURCE_DESTINATION_DISTANCE 1952
     0      1      1
     0      2      1
     0      4      1
     0      5      1
     0      7      1
     0      8      1
     0      9      1
     0     38      1
     0     55      1
     0     88      1
     0    112      1
     0    158      1
     0    182      1
     0    214      1
     0    328      1
     1      0      1
     1      3      1
     1      4      1
     1      5      1
     1      6      1
     1     11      1
     1     19      1
     1     24      1
     1     25      1
     1     33      1
     1     56      1
     1     69      1
     1     78      1
     1    145      1
     1    178      1
     1    225      1
     1    368      1
     2      0      1
     2      4      1
     2      6      1
     2     13      1
     2     16      1
     2     27      1
     2     55      1
     2     74      1
     2     75      1
     2     87      1
     2     97      1
     2    343      1
     3      1      1
     3      5      1
     3      7      1
     3     17      1
     3     18      1
     3     21      1
     3     46      1
     3     65      1
     3     77      1
     3    105      1
     3    128      1
     3    284      1
     4      2      1
     4      0      1
     4      1      1
     4      7      1
     4     11      1
     4     12      1
     4     18      1
     4     19      1
     4     45      1
     4    102      1
     4    149      1
     4    161      1
     4    339      1
     5      0      1
     5      3      1
     5      1      1
     5     11      1
     5     15      1
     5     28      1
     5     52      1
     5     57      1
     5    100      1
     5    129      1
     6      2      1
     6      1      1
     6      8      1
     6     14      1
     6     20      1
     6     27      1
     6     37      1
     6     44      1
     6     48      1
     6     85      1
     6     86      1
     6    139      1
     6    376      1
     7      3      1
     7      4      1
     7      0      1
     7     10      1
     7     12      1
     7     17      1
     7     22      1
     7     24      1
     7     42      1
     7    197      1
     7    283      1
     7    294      1
     7    358      1
     8      0      1
     8      6      1
     8      9      1
     8     10      1
     8     26      1
     8     33      1
     8     35      1
     8     38      1
     8    210      1
     8    274      1
     9      8      1
     9      0      1
     9     10      1
     9     13      1
     9     19      1
     9     31      1
     9     50      1
     9     70      1
     9     71      1
     9     88      1
     9    396      1
    10      8      1
    10      7      1
    10      9      1
    10     14      1
    10     24      1
    10     35      1
    10     53      1
    10     54      1
    10     60      1
    10    207      1
    10    347      1
    10    379      1
    11      4      1
    11      1      1
    11      5      1
    11     13      1
    11     14      1
    11     15      1
    11     23      1
    11    117      1
    11    167      1
    11    219      1
    11    221      1
    11    371      1
    12      4      1
    12      7      1
    12     27      1
    12     34      1
    12     72      1
    12     81      1
    12    114      1
    12    130      1
    12    131      1
    12    310      1
    12    333      1
    13      9      1
    13      2      1
    13     11      1
    13     21      1
    13     39      1
    13     59      1
    13     68      1
    13     84      1
    13    109      1
    13    124      1
    13    134      1
    13    195      1
    13    236      1
    13    303      1
    13    340      1
    14      6      1
    14     10      1
    14     11      1
    14     25      1
    14     35      1
    14     47      1
    14     49      1
    14     60      1
    14     86      1
    14    112      1
    15     11      1
    15      5      1
    15     16      1
    15     18      1
    15     74      1
    15     85      1
    15    168      1
    15    177      1
    15    187      1
    15    380      1
    16     15      1
    16      2      1
    16     20      1
    16     23      1
    16     26      1
    16     28      1
    16     41      1
    16     53      1
    16     96      1
    16    115      1
    16    159      1
    16    189      1
    16    218      1
    16    224      1
    17      3      1
    17      7      1
    17     25      1
    17     34      1
    17     36      1
    17     76      1
    17     92      1
    17    237      1
    17    251      1
    18     15      1
    18      4      1
    18      3      1
    18     22      1
    18     37      1
    18     58      1
    18     61      1
    19      1      1
    19      4      1
    19      9      1
    19     21      1
    19     48      1
    19    107      1
    19    108      1
    19    265      1
    19    282      1
    20     16      1
    20      6      1
    20     30      1
    20    200      1
    20    252      1
    21      3      1
    21     19      1
    21     13      1
    21     30      1
    21     40      1
    21     55      1
    21     83      1
    21    135      1
    22     18      1
    22      7      1
    22     23      1
    22     29      1
    22     75      1
    22    116      1
    22    174      1
    22    188      1
    22    246      1
    22    260      1
    22    265      1
    22    396      1
    23     11      1
    23     22      1
    23     16      1
    23     28      1
    23     32      1
    23     36      1
    23     46      1
    23    136      1
    23    155      1
    23    205      1
    23    243      1
    24     10      1
    24      1      1
    24      7      1
    24     52      1
    24     59      1
    24    148      1
    24    210      1
    24    243      1
    25      1      1
    25     14      1
    25     17      1
    25     77      1
    25    181      1
    25    244      1
    26      8      1
    26     16      1
    26     31      1
    26     56      1
    26     77      1
    26     91      1
    26    130      1
    26    149      1
    26    374      1
    27     12      1
    27      2      1
    27      6      1
    27     82      1
    27    141      1
    27    158      1
    27    162      1
    27    201      1
    28      5      1
    28     16      1
    28     23      1
    28     29      1
    28     39      1
    28     43      1
    28    146      1
    28    153      1
    29     22      1
    29     28      1
    29    127      1
    29    296      1
    30     20      1
    30     21      1
    30     32      1
    30     46      1
    30     73      1
    30     97      1
    30     98      1
    30    104      1
    30    132      1
    30    154      1
    31     26      1
    31      9      1
    31     36      1
    31     63      1
    31     65      1
    31    217      1
    31    236      1
    31    241      1
    31    262      1
    32     30      1
    32     23      1
    32     40      1
    32     42      1
    32     49      1
    32     69      1
    32     81      1
    32    178      1
    33      1      1
    33      8      1
    33     48      1
    33     52      1
    33    182      1
    34     12      1
    34     17      1
    34     41      1
    34     73      1
    34     82      1
    34    183      1
    35      8      1
    35     14      1
    35     10      1
    35     92      1
    35     94      1
    35    180      1
    35    187      1
    35    326      1
    35    383      1
    36     23      1
    36     31      1
    36     17      1
    36     38      1
    36     45      1
    36     51      1
    36     62      1
    36     64      1
    36     66      1
    36    185      1
    36    290      1
    36    348      1
    37      6      1
    37     18      1
    37     64      1
    37     68      1
    37     91      1
    37    146      1
    37    147      1
    37    161      1
    37    240      1
    38      0      1
    38      8      1
    38     36      1
    38     45      1
    38     63      1
    38    157      1
    38    184      1
    38    257      1
    38    331      1
    38    378      1
    39     28      1
    39     13      1
    39     67      1
    39     82      1
    40     32      1
    40     21      1
    40     44      1
    40     51      1
    40     57      1
    40     62      1
    40     81      1
    40    101      1
    40    128      1
    40    160      1
    40    194      1
    40    325      1
    40    352      1
    40    357      1
    41     34      1
    41     16      1
    41     43      1
    41     60      1
    41     72      1
    41     83      1
    41     98      1
    41    107      1
    41    206      1
    41    219      1
    41    272      1
    41    361      1
    42     32      1
    42      7      1
    42     57      1
    42     71      1
    42    115      1
    42    125      1
    42    126      1
    42    142      1
    42    204      1
    42    368      1
    43     41      1
    43     28      1
    43     66      1
    43    336      1
    44     40      1
    44      6      1
    44    145      1
    44    172      1
    44    176      1
    44    181      1
    44    215      1
    44    251      1
    45      4      1
    45     38      1
    45     36      1
    45     47      1
    45     87      1
    45    187      1
    45    249      1
    45    374      1
    46     30      1
    46      3      1
    46     23      1
    46     85      1
    46    166      1
    46    208      1
    46    211      1
    46    246      1
    46    270      1
    46    372      1
    47     45      1
    47     14      1
    47     50      1
    47    113      1
    47    176      1
    47    180      1
    47    246      1
    48     19      1
    48      6      1
    48     33      1
    48     68      1
    48     89      1
    48    150      1
    48    164      1
    48    373      1
    49     14      1
    49     32      1
    49     99      1
    49    151      1
    49    229      1
    49    266      1
    49    289      1
    50     47      1
    50      9      1
    50    123      1
    50    163      1
    50    253      1
    51     40      1
    51     36      1
    51     61      1
    51     72      1
    51    136      1
    52      5      1
    52     24      1
    52     33      1
    52     54      1
    52    113      1
    52    222      1
    53     16      1
    53     10      1
    53     87      1
    53     93      1
    53    150      1
    53    166      1
    54     10      1
    54     52      1
    54     78      1
    54    128      1
    54    190      1
    54    192      1
    54    366      1
    55      0      1
    55     21      1
    55      2      1
    55     59      1
    56      1      1
    56     26      1
    56    114      1
    56    116      1
    56    144      1
    56    225      1
    56    299      1
    56    326      1
    57     40      1
    57     42      1
    57      5      1
    57     58      1
    57     94      1
    57    101      1
    57    121      1
    57    362      1
    58     57      1
    58     18      1
    58     89      1
    58    152      1
    58    163      1
    58    174      1
    59     55      1
    59     24      1
    59     13      1
    59     70      1
    59     80      1
    59    126      1
    59    167      1
    59    247      1
    60     41      1
    60     10      1
    60     14      1
    60     74      1
    60     75      1
    60    103      1
    60    133      1
    60    290      1
    60    322      1
    61     51      1
    61     18      1
    61     67      1
    61     84      1
    61     95      1
    61    116      1
    61    192      1
    61    397      1
    62     36      1
    62     40      1
    62     67      1
    62     90      1
    62    109      1
    62    123      1
    62    151      1
    62    153      1
    62    172      1
    62    185      1
    62    335      1
    62    378      1
    63     31      1
    63     38      1
    63     73      1
    63     79      1
    63    103      1
    63    126      1
    63    360      1
    64     36      1
    64     37      1
    64     79      1
    64    348      1
    64    356      1
    65      3      1
    65     31      1
    65     91      1
    65    104      1
    65    123      1
    65    143      1
    65    179      1
    65    220      1
    65    365      1
    66     43      1
    66     36      1
    66     69      1
    66     79      1
    66     96      1
    67     62      1
    67     61      1
    67     39      1
    67    100      1
    67    120      1
    67    127      1
    67    135      1
    67    171      1
    67    293      1
    68     48      1
    68     13      1
    68     37      1
    68     76      1
    68    164      1
    68    286      1
    68    309      1
    69     32      1
    69      1      1
    69     66      1
    69     80      1
    69     95      1
    69    160      1
    70     59      1
    70      9      1
    70    106      1
    70    196      1
    70    203      1
    70    283      1
    71      9      1
    71     42      1
    72     12      1
    72     51      1
    72     41      1
    72     76      1
    72    134      1
    72    222      1
    72    286      1
    73     63      1
    73     34      1
    73     30      1
    73    102      1
    73    125      1
    73    145      1
    73    146      1
    73    238      1
    73    386      1
    74      2      1
    74     15      1
    74     60      1
    74    170      1
    74    234      1
    75     22      1
    75     60      1
    75      2      1
    75     90      1
    75     99      1
    75    124      1
    75    232      1
    75    351      1
    76     72      1
    76     68      1
    76     17      1
    76    101      1
    76    191      1
    76    226      1
    76    286      1
    77     25      1
    77     26      1
    77      3      1
    77    105      1
    77    137      1
    77    203      1
    78      1      1
    78     54      1
    78    190      1
    78    344      1
    79     64      1
    79     63      1
    79     66      1
    79    276      1
    79    311      1
    80     69      1
    80     59      1
    80    118      1
    80    355      1
    80    381      1
    81     12      1
    81     32      1
    81     40      1
    81    140      1
    82     39      1
    82     34      1
    82     27      1
    82    200      1
    82    233      1
    82    264      1
    83     21      1
    83     41      1
    83    160      1
    84     61      1
    84     13      1
    84    106      1
    84    306      1
    85     15      1
    85     46      1
    85      6      1
    86     14      1
    86      6      1
    86     93      1
    86    111      1
    86    122      1
    86    220      1
    86    260      1
    86    284      1
    86    349      1
    87     45      1
    87     53      1
    87      2      1
    87    120      1
    87    319      1
    88      0      1
    88      9      1
    88     90      1
    88    113      1
    88    212      1
    88    295      1
    88    366      1
    89     48      1
    89     58      1
    89    108      1
    89    209      1
    89    257      1
    89    267      1
    90     75      1
    90     62      1
    90     88      1
    90     97      1
    90    156      1
    90    181      1
    90    271      1
    91     26      1
    91     37      1
    91     65      1
    91     99      1
    91    137      1
    91    162      1
    91    169      1
    91    258      1
    91    278      1
    91    279      1
    92     35      1
    92     17      1
    92    148      1
    92    207      1
    92    213      1
    92    355      1
    93     86      1
    93     53      1
    93    189      1
    93    225      1
    94     35      1
    94     57      1
    94    183      1
    94    214      1
    94    345      1
    95     69      1
    95     61      1
    95    107      1
    95    249      1
    95    261      1
    96     16      1
    96     66      1
    96    162      1
    96    244      1
    96    256      1
    97     30      1
    97     90      1
    97      2      1
    97    110      1
    97    112      1
    97    273      1
    97    306      1
    98     30      1
    98     41      1
    98    119      1
    98    277      1
    98    321      1
    99     49      1
    99     75      1
    99     91      1
    99    305      1
    99    319      1
    99    344      1
   100     67      1
   100      5      1
   100    111      1
   100    157      1
   100    159      1
   100    336      1
   101     57      1
   101     40      1
   101     76      1
   101    131      1
   101    342      1
   101    345      1
   102      4      1
   102     73      1
   102    132      1
   102    194      1
   102    197      1
   102    281      1
   103     63      1
   103     60      1
   103    105      1
   103    122      1
   103    150      1
   103    168      1
   103    175      1
   103    202      1
   103    212      1
   103    391      1
   104     30      1
   104     65      1
   104    119      1
   104    135      1
   104    205      1
   104    263      1
   104    301      1
   105    103      1
   105     77      1
   105      3      1
   105    117      1
   105    118      1
   105    183      1
   105    253      1
   105    392      1
   106     70      1
   106     84      1
   106    137      1
   106    152      1
   106    177      1
   106    257      1
   107     95      1
   107     19      1
   107     41      1
   108     89      1
   108     19      1
   108    198      1
   108    213      1
   108    328      1
   108    357      1
   109     13      1
   109     62      1
   109    110      1
   109    140      1
   109    153      1
   109    199      1
   109    247      1
   109    287      1
   110    109      1
   110     97      1
   110    121      1
   110    139      1
   110    171      1
   111     86      1
   111    100      1
   111    142      1
   111    184      1
   111    239      1
   111    258      1
   111    364      1
   111    393      1
   112     14      1
   112     97      1
   112      0      1
   112    117      1
   112    129      1
   112    156      1
   112    215      1
   112    221      1
   112    254      1
   112    288      1
   112    291      1
   113     47      1
   113     52      1
   113     88      1
   113    120      1
   113    195      1
   113    217      1
   113    218      1
   113    238      1
   113    293      1
   114     56      1
   114     12      1
   114    165      1
   114    226      1
   114    230      1
   114    388      1
   115     16      1
   115     42      1
   115    122      1
   115    154      1
   115    158      1
   115    188      1
   115    201      1
   115    232      1
   115    252      1
   115    317      1
   116     61      1
   116     22      1
   116     56      1
   116    199      1
   116    307      1
   117    112      1
   117     11      1
   117    105      1
   117    138      1
   117    206      1
   117    318      1
   118    105      1
   118     80      1
   118    139      1
   118    147      1
   118    173      1
   119     98      1
   119    104      1
   119    133      1
   119    191      1
   119    229      1
   119    249      1
   119    268      1
   119    367      1
   120     67      1
   120     87      1
   120    113      1
   121    110      1
   121     57      1
   121    148      1
   121    280      1
   122    103      1
   122    115      1
   122     86      1
   122    143      1
   122    168      1
   122    245      1
   122    255      1
   122    269      1
   122    346      1
   123     65      1
   123     50      1
   123     62      1
   123    138      1
   124     13      1
   124     75      1
   124    227      1
   124    292      1
   124    312      1
   125     73      1
   125     42      1
   125    141      1
   125    208      1
   125    235      1
   125    333      1
   125    392      1
   126     59      1
   126     42      1
   126     63      1
   126    305      1
   126    333      1
   127     29      1
   127     67      1
   127    197      1
   127    200      1
   127    205      1
   128     40      1
   128     54      1
   128      3      1
   128    155      1
   128    179      1
   129      5      1
   129    112      1
   129    152      1
   130     12      1
   130     26      1
   130    140      1
   130    389      1
   131     12      1
   131    101      1
   131    206      1
   131    350      1
   132     30      1
   132    102      1
   133    119      1
   133     60      1
   133    163      1
   134     13      1
   134     72      1
   134    144      1
   134    239      1
   135     67      1
   135     21      1
   135    104      1
   135    165      1
   135    174      1
   135    240      1
   135    384      1
   136     23      1
   136     51      1
   136    180      1
   137    106      1
   137     91      1
   137     77      1
   138    123      1
   138    117      1
   138    202      1
   138    389      1
   139    110      1
   139    118      1
   139      6      1
   139    345      1
   140    109      1
   140    130      1
   140     81      1
   140    161      1
   140    193      1
   140    216      1
   140    223      1
   140    317      1
   141    125      1
   141     27      1
   141    359      1
   142     42      1
   142    111      1
   142    270      1
   143     65      1
   143    122      1
   143    173      1
   144     56      1
   144    134      1
   144    165      1
   144    218      1
   144    261      1
   145     44      1
   145      1      1
   145     73      1
   145    215      1
   145    217      1
   145    226      1
   146     37      1
   146     73      1
   146     28      1
   146    245      1
   146    299      1
   146    334      1
   146    341      1
   147    118      1
   147     37      1
   147    372      1
   148     92      1
   148    121      1
   148     24      1
   148    262      1
   148    372      1
   149      4      1
   149     26      1
   149    176      1
   149    178      1
   149    272      1
   149    296      1
   149    369      1
   150    103      1
   150     48      1
   150     53      1
   150    164      1
   151     49      1
   151     62      1
   152    106      1
   152    129      1
   152     58      1
   152    304      1
   153    109      1
   153     28      1
   153     62      1
   153    182      1
   153    223      1
   154    115      1
   154     30      1
   154    157      1
   154    237      1
   154    315      1
   155    128      1
   155     23      1
   155    275      1
   155    290      1
   155    302      1
   156     90      1
   156    112      1
   156    331      1
   157    100      1
   157     38      1
   157    154      1
   157    171      1
   157    188      1
   157    255      1
   157    278      1
   157    312      1
   158    115      1
   158      0      1
   158     27      1
   158    169      1
   158    270      1
   158    362      1
   158    387      1
   159     16      1
   159    100      1
   159    243      1
   159    255      1
   159    385      1
   159    398      1
   160     83      1
   160     40      1
   160     69      1
   160    256      1
   161    140      1
   161      4      1
   161     37      1
   162     96      1
   162     27      1
   162     91      1
   162    227      1
   162    297      1
   162    309      1
   163     50      1
   163    133      1
   163     58      1
   164     68      1
   164    150      1
   164     48      1
   164    170      1
   164    209      1
   164    279      1
   164    287      1
   164    390      1
   165    135      1
   165    144      1
   165    114      1
   165    170      1
   165    322      1
   166     46      1
   166     53      1
   166    266      1
   166    273      1
   167     11      1
   167     59      1
   167    231      1
   168     15      1
   168    122      1
   168    103      1
   168    208      1
   168    238      1
   168    337      1
   169     91      1
   169    158      1
   169    175      1
   169    186      1
   169    221      1
   169    230      1
   170    165      1
   170    164      1
   170     74      1
   170    175      1
   170    193      1
   171    110      1
   171    157      1
   171     67      1
   171    285      1
   171    354      1
   171    388      1
   172     62      1
   172     44      1
   172    228      1
   172    247      1
   172    352      1
   173    118      1
   173    143      1
   173    240      1
   174     22      1
   174    135      1
   174     58      1
   175    170      1
   175    103      1
   175    169      1
   175    186      1
   175    233      1
   176    149      1
   176     47      1
   176     44      1
   176    229      1
   177    106      1
   177     15      1
   177    204      1
   177    363      1
   178     32      1
   178      1      1
   178    149      1
   178    309      1
   179     65      1
   179    128      1
   179    196      1
   179    377      1
   180    136      1
   180     47      1
   180     35      1
   180    207      1
   180    259      1
   180    397      1
   181     25      1
   181     44      1
   181     90      1
   181    196      1
   181    209      1
   181    304      1
   182    153      1
   182     33      1
   182      0      1
   183    105      1
   183     94      1
   183     34      1
   183    198      1
   183    248      1
   183    305      1
   184     38      1
   184    111      1
   184    228      1
   184    237      1
   184    298      1
   184    330      1
   184    340      1
   185     36      1
   185     62      1
   185    224      1
   185    323      1
   186    169      1
   186    175      1
   186    276      1
   186    387      1
   187     35      1
   187     15      1
   187     45      1
   187    241      1
   187    244      1
   187    323      1
   187    364      1
   187    399      1
   188     22      1
   188    115      1
   188    157      1
   188    266      1
   188    275      1
   189     93      1
   189     16      1
   190     78      1
   190     54      1
   190    192      1
   190    234      1
   190    376      1
   191     76      1
   191    119      1
   191    279      1
   192     54      1
   192     61      1
   192    190      1
   193    170      1
   193    140      1
   193    224      1
   193    306      1
   194    102      1
   194     40      1
   194    254      1
   194    360      1
   195    113      1
   195     13      1
   195    267      1
   195    315      1
   195    338      1
   195    342      1
   196    179      1
   196    181      1
   196     70      1
   196    274      1
   197    127      1
   197      7      1
   197    102      1
   197    233      1
   197    263      1
   198    108      1
   198    183      1
   199    116      1
   199    109      1
   199    242      1
   199    254      1
   199    260      1
   199    277      1
   200     82      1
   200    127      1
   200     20      1
   200    318      1
   201     27      1
   201    115      1
   202    103      1
   202    138      1
   203     77      1
   203     70      1
   203    242      1
   203    317      1
   203    365      1
   203    370      1
   204    177      1
   204     42      1
   204    216      1
   204    248      1
   204    250      1
   205    104      1
   205     23      1
   205    127      1
   206    131      1
   206     41      1
   206    117      1
   206    268      1
   206    346      1
   207     10      1
   207    180      1
   207     92      1
   207    231      1
   207    250      1
   207    289      1
   207    300      1
   208    125      1
   208     46      1
   208    168      1
   208    327      1
   208    354      1
   208    358      1
   209     89      1
   209    164      1
   209    181      1
   209    235      1
   209    313      1
   209    382      1
   210      8      1
   210     24      1
   210    211      1
   211     46      1
   211    210      1
   211    269      1
   212     88      1
   212    103      1
   212    394      1
   213    108      1
   213     92      1
   214     94      1
   214      0      1
   214    259      1
   214    316      1
   214    328      1
   214    367      1
   215     44      1
   215    145      1
   215    112      1
   216    204      1
   216    140      1
   216    241      1
   217    145      1
   217     31      1
   217    113      1
   218    113      1
   218    144      1
   218     16      1
   218    267      1
   218    298      1
   218    327      1
   218    332      1
   219     11      1
   219     41      1
   220     86      1
   220     65      1
   220    303      1
   221    112      1
   221    169      1
   221     11      1
   222     52      1
   222     72      1
   222    382      1
   223    153      1
   223    140      1
   224     16      1
   224    185      1
   224    193      1
   224    264      1
   225      1      1
   225     93      1
   225     56      1
   226     76      1
   226    114      1
   226    145      1
   226    310      1
   227    162      1
   227    124      1
   228    172      1
   228    184      1
   228    349      1
   229    176      1
   229    119      1
   229     49      1
   229    283      1
   229    353      1
   230    169      1
   230    114      1
   230    395      1
   231    167      1
   231    207      1
   231    394      1
   232     75      1
   232    115      1
   232    269      1
   232    364      1
   233    175      1
   233     82      1
   233    197      1
   233    301      1
   233    366      1
   234     74      1
   234    190      1
   234    343      1
   234    353      1
   234    386      1
   235    125      1
   235    209      1
   236     31      1
   236     13      1
   236    315      1
   237    154      1
   237    184      1
   237     17      1
   237    242      1
   237    263      1
   237    297      1
   237    301      1
   237    394      1
   238     73      1
   238    113      1
   238    168      1
   239    134      1
   239    111      1
   239    300      1
   240    173      1
   240     37      1
   240    135      1
   240    288      1
   241    187      1
   241     31      1
   241    216      1
   241    251      1
   241    307      1
   241    348      1
   242    203      1
   242    237      1
   242    199      1
   242    369      1
   243    159      1
   243     23      1
   243     24      1
   244    187      1
   244     25      1
   244     96      1
   244    245      1
   244    256      1
   245    146      1
   245    122      1
   245    244      1
   246     46      1
   246     47      1
   246     22      1
   247    109      1
   247     59      1
   247    172      1
   247    281      1
   247    329      1
   248    204      1
   248    183      1
   249     95      1
   249    119      1
   249     45      1
   250    204      1
   250    207      1
   250    311      1
   251     44      1
   251    241      1
   251     17      1
   252    115      1
   252     20      1
   252    319      1
   253     50      1
   253    105      1
   254    199      1
   254    112      1
   254    194      1
   255    157      1
   255    159      1
   255    122      1
   255    292      1
   255    302      1
   256    160      1
   256     96      1
   256    244      1
   256    385      1
   257    106      1
   257     38      1
   257     89      1
   257    280      1
   257    289      1
   257    297      1
   257    308      1
   257    314      1
   258     91      1
   258    111      1
   258    293      1
   258    316      1
   259    214      1
   259    180      1
   260    199      1
   260     22      1
   260     86      1
   261     95      1
   261    144      1
   261    271      1
   262     31      1
   262    148      1
   262    342      1
   263    104      1
   263    197      1
   263    237      1
   263    318      1
   263    383      1
   264     82      1
   264    224      1
   264    296      1
   265     22      1
   265     19      1
   265    395      1
   266     49      1
   266    166      1
   266    188      1
   266    334      1
   267    195      1
   267    218      1
   267     89      1
   268    206      1
   268    119      1
   268    282      1
   268    387      1
   269    211      1
   269    232      1
   269    122      1
   269    321      1
   269    399      1
   270     46      1
   270    142      1
   270    158      1
   270    291      1
   270    347      1
   270    363      1
   271    261      1
   271     90      1
   271    313      1
   271    361      1
   272    149      1
   272     41      1
   273    166      1
   273     97      1
   273    335      1
   273    350      1
   273    373      1
   274      8      1
   274    196      1
   274    295      1
   274    335      1
   275    155      1
   275    188      1
   276    186      1
   276     79      1
   276    287      1
   276    308      1
   276    323      1
   276    356      1
   277     98      1
   277    199      1
   277    390      1
   278     91      1
   278    157      1
   278    346      1
   279    191      1
   279     91      1
   279    164      1
   279    314      1
   280    257      1
   280    121      1
   281    102      1
   281    247      1
   282    268      1
   282     19      1
   282    325      1
   283     70      1
   283    229      1
   283      7      1
   284      3      1
   284     86      1
   284    285      1
   284    337      1
   285    284      1
   285    171      1
   286     68      1
   286     72      1
   286     76      1
   286    341      1
   287    109      1
   287    276      1
   287    164      1
   287    371      1
   288    112      1
   288    240      1
   289    257      1
   289    207      1
   289     49      1
   289    292      1
   289    330      1
   290     36      1
   290    155      1
   290     60      1
   291    270      1
   291    112      1
   291    393      1
   292    289      1
   292    255      1
   292    124      1
   293    258      1
   293    113      1
   293     67      1
   293    294      1
   294    293      1
   294      7      1
   294    380      1
   295    274      1
   295     88      1
   296    149      1
   296    264      1
   296     29      1
   297    257      1
   297    237      1
   297    162      1
   297    349      1
   297    351      1
   297    381      1
   297    395      1
   298    184      1
   298    218      1
   298    320      1
   299    146      1
   299     56      1
   299    311      1
   299    339      1
   300    207      1
   300    239      1
   301    233      1
   301    237      1
   301    104      1
   301    321      1
   301    365      1
   302    155      1
   302    255      1
   302    332      1
   302    338      1
   303    220      1
   303     13      1
   304    152      1
   304    181      1
   305     99      1
   305    183      1
   305    126      1
   305    324      1
   306    193      1
   306     84      1
   306     97      1
   307    116      1
   307    241      1
   308    257      1
   308    276      1
   308    357      1
   309     68      1
   309    178      1
   309    162      1
   310     12      1
   310    226      1
   311    299      1
   311     79      1
   311    250      1
   311    379      1
   312    124      1
   312    157      1
   312    396      1
   313    271      1
   313    209      1
   314    279      1
   314    257      1
   314    320      1
   314    381      1
   315    154      1
   315    195      1
   315    236      1
   315    340      1
   315    371      1
   316    214      1
   316    258      1
   316    351      1
   317    115      1
   317    140      1
   317    203      1
   317    329      1
   317    377      1
   318    263      1
   318    117      1
   318    200      1
   318    382      1
   319    252      1
   319     87      1
   319     99      1
   319    391      1
   320    314      1
   320    298      1
   321    269      1
   321     98      1
   321    301      1
   321    324      1
   321    379      1
   322    165      1
   322     60      1
   323    276      1
   323    187      1
   323    185      1
   324    321      1
   324    305      1
   325     40      1
   325    282      1
   325    398      1
   326     35      1
   326     56      1
   327    208      1
   327    218      1
   327    363      1
   328    214      1
   328      0      1
   328    108      1
   329    317      1
   329    247      1
   330    184      1
   330    289      1
   330    359      1
   331     38      1
   331    156      1
   332    218      1
   332    302      1
   332    339      1
   333    125      1
   333    126      1
   333     12      1
   334    266      1
   334    146      1
   335    274      1
   335     62      1
   335    273      1
   335    336      1
   336     43      1
   336    335      1
   336    100      1
   336    344      1
   337    284      1
   337    168      1
   338    195      1
   338    302      1
   338    375      1
   339    299      1
   339      4      1
   339    332      1
   340     13      1
   340    184      1
   340    315      1
   341    146      1
   341    286      1
   341    352      1
   342    101      1
   342    262      1
   342    195      1
   342    373      1
   343      2      1
   343    234      1
   344     99      1
   344    336      1
   344     78      1
   345    101      1
   345    139      1
   345     94      1
   346    278      1
   346    122      1
   346    206      1
   346    370      1
   346    398      1
   347    270      1
   347     10      1
   348     64      1
   348     36      1
   348    241      1
   348    384      1
   349     86      1
   349    228      1
   349    297      1
   350    273      1
   350    131      1
   350    391      1
   351    297      1
   351     75      1
   351    316      1
   352    172      1
   352     40      1
   352    341      1
   352    375      1
   353    234      1
   353    229      1
   353    392      1
   354    171      1
   354    208      1
   354    378      1
   355     80      1
   355     92      1
   356    276      1
   356     64      1
   357     40      1
   357    308      1
   357    108      1
   358    208      1
   358      7      1
   359    330      1
   359    141      1
   360     63      1
   360    194      1
   361     41      1
   361    271      1
   362     57      1
   362    158      1
   363    177      1
   363    327      1
   363    270      1
   364    187      1
   364    232      1
   364    111      1
   365     65      1
   365    301      1
   365    203      1
   366     54      1
   366    233      1
   366     88      1
   367    214      1
   367    119      1
   368     42      1
   368      1      1
   369    242      1
   369    149      1
   370    346      1
   370    203      1
   371     11      1
   371    315      1
   371    287      1
   372    148      1
   372     46      1
   372    147      1
   373     48      1
   373    342      1
   373    273      1
   374     26      1
   374     45      1
   375    352      1
   375    338      1
   376    190      1
   376      6      1
   377    317      1
   377    179      1
   378     62      1
   378    354      1
   378     38      1
   379    311      1
   379    321      1
   379     10      1
   380    294      1
   380     15      1
   381    314      1
   381    297      1
   381     80      1
   382    318      1
   382    209      1
   382    222      1
   383    263      1
   383     35      1
   384    135      1
   384    348      1
   385    256      1
   385    159      1
   386    234      1
   386     73      1
   387    158      1
   387    186      1
   387    268      1
   388    114      1
   388    171      1
   389    138      1
   389    130      1
   390    277      1
   390    164      1
   391    319      1
   391    103      1
   391    350      1
   392    125      1
   392    353      1
   392    105      1
   393    291      1
   393    111      1
   394    212      1
   394    231      1
   394    237      1
   395    297      1
   395    265      1
   395    230      1
   396    312      1
   396      9      1
   396     22      1
   397    180      1
   397     61      1
   398    346      1
   398    159      1
   398    325      1
   399    269      1
   399    187      1
