COORD_X_Y 300
 0.952072  0.730748
 0.410497  0.485547
  2.01707    1.3656
 0.113504    1.2452
  1.46066   1.46745
  2.54703   2.06566
 0.829819   1.21791
 0.631112   1.23005
 0.140008   1.51456
  2.88809   1.73175
  1.63069 0.0337802
  1.82936   1.51981
  1.87178  0.636541
  1.24552    2.1185
  2.84928   2.57737
 0.678558   2.06357
 0.768228   1.36907
 0.578231   2.56148
  1.19818  0.953123
  0.87424   2.31755
   1.4602   2.16483
 0.656296   0.78107
  2.61975   1.98596
  2.16587   1.11687
  2.62766  0.590409
  2.58677   1.41481
  2.74714  0.812482
  1.84087    1.3674
0.0841253    1.0068
  2.81556   2.24599
 0.146312   2.73362
  1.28148   1.24627
  2.33643  0.115027
  1.98856  0.708154
  2.89778   2.35708
  2.65067   1.03972
  2.25671  0.475216
 0.834398  0.507574
 0.953161  0.292889
  1.09168  0.143782
  2.37584   2.35132
  2.78865   0.10011
  2.58011   2.42508
  1.18167   1.96557
 0.511326   2.51064
    1.162  0.326434
 0.259407    0.3498
 0.158483    1.7792
  2.75239   2.89873
  1.18999   2.22747
 0.456032   1.00087
  1.11734   2.07608
  1.40723  0.974391
  2.60494  0.684382
  2.92015   2.21543
  1.52776  0.612954
  2.12515  0.821196
 0.510523  0.085228
  1.70121   2.60426
0.0525409   2.44722
  1.26706   2.02899
  1.72243  0.736354
  2.74756  0.721208
  2.94642   1.55548
  1.84585    1.3867
 0.425338  0.322924
  1.55803   1.94509
 0.607522   2.07034
  1.81391  0.746591
 0.812709  0.178922
  2.43473   0.83559
 0.234292   1.45272
 0.767743   1.43651
  1.31135   2.31963
 0.686615   1.47994
  2.65702  0.168722
 0.649615   1.00728
  1.39826   2.02259
  1.08633  0.214145
  2.24925   1.40076
  1.50629   2.21008
   2.5967   2.68701
  2.79442  0.577451
  2.71724  0.922377
 0.661487   1.82918
  2.11586  0.892739
  2.70995  0.522809
  1.77375    2.9762
  2.76084   2.09767
  2.71598   1.64085
 0.951633  0.961838
  1.96448   2.03572
  1.81387   1.68571
  1.71667  0.131913
  2.68533   2.38583
 0.578291  0.739119
   1.5483   2.69667
  1.62147  0.774676
  1.55582  0.241971
  1.62073  0.146264
 0.142594   1.36433
  1.41043   1.28589
 0.150961   2.55484
0.0337385   1.06838
  2.13075   1.84632
 0.102563   1.32532
  2.35751   2.17868
  2.84498  0.412839
  2.15692   2.84684
   2.2734   2.66311
  2.80444  0.153617
 0.511918   2.42022
  2.98704   2.39489
  2.88753   2.74799
  2.28749  0.223283
  2.25162   2.12005
 0.413288  0.975894
0.0996129   2.11106
  2.85696  0.742226
  1.48667 0.0115448
  2.42898  0.563314
  1.12663   1.56156
  1.23798    1.5466
  2.42096   0.89814
 0.633536  0.520942
  1.51304    2.6372
  2.89667   1.73887
 0.541868   1.85705
  2.15685   0.28736
  2.73167   1.69761
  1.63376   1.45924
  2.91086   2.88897
  1.23142   2.27754
  1.04191   1.11445
  2.29416   1.32193
 0.603743   1.80688
  1.59935 0.0440755
 0.943156   2.30066
 0.985892   0.63163
 0.117283   1.44114
 0.930508   1.09315
  1.63342     0.911
0.0609288   2.76362
   1.4119   1.42526
 0.664737  0.342265
  1.21102   1.18481
  1.40283 0.0936649
  2.33703   1.86881
 0.253485  0.239959
 0.169565   1.81449
 0.383885  0.895166
 0.148603   2.80704
  1.78977   1.42123
  1.79223  0.197712
  2.42247  0.715165
 0.826181 0.0270477
  1.54593   1.96657
  1.41797   1.94599
  1.35916   1.59764
  2.16159   1.32111
  2.55398  0.952154
  2.34838   2.54126
 0.441242   1.53036
   1.8404  0.347088
 0.824413   1.10183
  2.09472   1.04423
  2.88898   2.96165
  2.04655   2.00193
 0.025092   1.94673
  2.10395   2.14432
  2.74442  0.812614
  2.23209   1.97116
  0.47336   2.29888
  2.12082   2.02195
  2.98498   2.06037
  2.26635   2.63205
 0.016389  0.664915
  1.06678   2.66553
 0.483917  0.396029
  2.63785    1.7725
  2.44018   2.67928
  2.41449   2.57079
  2.68484     2.431
  1.69347   1.24263
  2.64184    1.8302
  2.71679   1.51983
  2.97387   1.91671
  2.28304   1.72293
  0.76059   1.28421
  0.10345  0.574548
 0.486173  0.739479
  2.06859  0.889503
  2.88966   2.41905
  1.21543  0.807151
 0.854735   1.80103
  1.41307  0.860997
  2.92617   1.34874
  2.00022   2.81791
 0.928828  0.666032
   2.5395   1.70785
  2.27524   2.03561
  1.06578   2.67997
  2.56662 0.0582974
0.00495332  0.153339
0.0645049   2.96074
  1.42536   0.55111
  1.33603   2.35161
  1.77268   1.30469
  2.18637   1.53858
  1.18306   2.17267
  2.69955   1.72937
  2.15026   1.63562
  2.38478  0.279487
  1.37501  0.164323
  2.04774   2.58657
  2.57539  0.868325
  2.23157    2.0139
  0.62545   1.16432
  2.41754 0.0294945
 0.776386  0.782565
 0.261476    2.9713
  2.89265   2.34752
  2.65156  0.760799
  1.82537    0.9887
  1.03603   1.47157
  1.18918   1.98647
 0.529567   2.17452
  1.68108   2.46712
  1.01913   0.57904
 0.574046   1.85217
  1.86066   1.45255
 0.242088   1.74296
  2.44385   1.93959
  2.85042  0.239745
 0.942029   2.68594
  1.37134   1.56567
  2.59148   1.30225
  1.07127   1.39113
  1.76738   1.61796
  0.28492   1.28758
  0.57546    0.3618
  1.15324   2.80587
   2.0158   1.71837
  1.64487  0.777617
  2.42875   1.40187
  1.23429   2.43195
  2.63667 0.0111357
 0.410843   1.65036
  1.52589   2.41218
  2.61371    1.7744
 0.709856   2.01666
  2.77681   2.59107
  1.87414  0.705579
 0.785939   2.11009
 0.187449    2.3442
 0.419949   1.58459
  1.00673   1.62497
 0.214827   2.24995
 0.892138   2.27941
  2.06088   1.87451
  1.86341 0.0434446
  2.71762 0.0719655
  1.27477  0.503361
 0.410734   1.64056
  2.08473    1.0379
   0.6649   1.22424
  1.55444  0.225987
  1.37412  0.550336
 0.680582   1.88689
  2.74732  0.303271
 0.375025    1.7168
 0.894587  0.203219
  1.62289  0.278879
 0.528956  0.844831
0.00676938  0.698717
  1.17131   1.61843
 0.842833    2.2501
  1.46417   1.61224
     0.36   1.62496
   1.6864   1.23391
  1.06929   1.59709
0.0159076   2.68165
 0.512735   2.40357
  1.62942   1.53594
 0.527315    1.0624
 0.339409   1.83069
  2.00368     1.954
  2.28382   1.99937
  1.70069  0.951363
  2.03837  0.739273
  2.01337   2.23516
  2.16484   2.11504
  2.55714   2.68364
  1.85207  0.595958
  2.96998  0.545825
 0.737856  0.606916
  2.14165   2.15514
 0.191289  0.731135
  2.03725   2.84745
 0.737392   1.89424
LINKS_SOURCE_DESTINATION_DISTANCE 1458
     0      1      1
     0      4      1
     0      5      1
     0      6      1
     0      8      1
     0     15      1
     0     29      1
     0     53      1
     0     55      1
     0     59      1
     0     81      1
     0    126      1
     0    174      1
     1      0      1
     1      2      1
     1      4      1
     1      5      1
     1     12      1
     1     13      1
     1     17      1
     1     25      1
     1     38      1
     1     70      1
     1     91      1
     1     92      1
     1    117      1
     1    155      1
     1    213      1
     1    216      1
     2      1      1
     2      3      1
     2      4      1
     2      7      1
     2     14      1
     2     16      1
     2     21      1
     2     22      1
     2     23      1
     2     30      1
     2     31      1
     2     36      1
     2     37      1
     2     57      1
     2    140      1
     2    148      1
     2    270      1
     3      2      1
     3      5      1
     3      8      1
     3      9      1
     3     12      1
     3     14      1
     3     21      1
     3     28      1
     3     61      1
     3    110      1
     3    155      1
     3    156      1
     3    190      1
     3    272      1
     4      0      1
     4      2      1
     4      1      1
     4      6      1
     4      8      1
     4     16      1
     4     28      1
     4     33      1
     4    176      1
     4    188      1
     4    209      1
     4    241      1
     5      3      1
     5      0      1
     5      1      1
     5     10      1
     5     18      1
     5     19      1
     5     20      1
     5     24      1
     5     95      1
     5    131      1
     5    171      1
     6      0      1
     6      4      1
     6      7      1
     6     12      1
     6     26      1
     6     87      1
     6    123      1
     6    161      1
     6    279      1
     7      6      1
     7      2      1
     7      9      1
     7     11      1
     7     29      1
     7     48      1
     7     67      1
     7    152      1
     7    231      1
     8      0      1
     8      3      1
     8      4      1
     8      9      1
     8     11      1
     8     13      1
     8     17      1
     8     23      1
     8     31      1
     8     32      1
     8     38      1
     8     43      1
     8     57      1
     8     84      1
     9      3      1
     9      8      1
     9      7      1
     9     10      1
     9     25      1
     9     40      1
     9     47      1
     9     60      1
     9     87      1
     9     91      1
     9     98      1
     9    136      1
    10      9      1
    10      5      1
    10     26      1
    10     30      1
    10     41      1
    10    200      1
    11      8      1
    11      7      1
    11     22      1
    11    145      1
    12      1      1
    12      6      1
    12      3      1
    12     14      1
    12     15      1
    12     52      1
    12    129      1
    12    279      1
    12    281      1
    13      8      1
    13      1      1
    13     18      1
    13     20      1
    13     92      1
    13     93      1
    14      2      1
    14     12      1
    14      3      1
    14     21      1
    14     55      1
    14    175      1
    14    242      1
    14    282      1
    15      0      1
    15     12      1
    15     16      1
    15     27      1
    15     51      1
    15     56      1
    15     84      1
    15     89      1
    15    144      1
    15    152      1
    15    212      1
    16      4      1
    16      2      1
    16     15      1
    16     24      1
    16     30      1
    16     54      1
    16    106      1
    16    118      1
    16    145      1
    16    280      1
    16    293      1
    17      8      1
    17      1      1
    17     20      1
    17     24      1
    17     38      1
    17     54      1
    17    114      1
    17    142      1
    17    149      1
    18     13      1
    18      5      1
    18     19      1
    18    107      1
    18    245      1
    19     18      1
    19      5      1
    19     34      1
    19    126      1
    19    155      1
    19    159      1
    19    174      1
    19    292      1
    20      5      1
    20     17      1
    20     13      1
    20     59      1
    20     71      1
    20     72      1
    20     96      1
    20     99      1
    21      2      1
    21      3      1
    21     14      1
    21     27      1
    21     42      1
    21     60      1
    21     63      1
    21    261      1
    22      2      1
    22     11      1
    22     32      1
    22     57      1
    22     62      1
    22     75      1
    22     98      1
    22    105      1
    22    115      1
    22    182      1
    23      8      1
    23      2      1
    23     46      1
    23    139      1
    23    269      1
    24     17      1
    24     16      1
    24      5      1
    24     27      1
    24     71      1
    24    169      1
    25      9      1
    25      1      1
    25     33      1
    25     58      1
    25     74      1
    25    138      1
    25    158      1
    25    240      1
    26      6      1
    26     10      1
    26     41      1
    26     42      1
    26     69      1
    26     79      1
    26    103      1
    26    109      1
    26    226      1
    26    228      1
    27     24      1
    27     21      1
    27     15      1
    27     35      1
    27     44      1
    27     65      1
    27    102      1
    27    121      1
    27    129      1
    27    241      1
    28      3      1
    28      4      1
    28     37      1
    28     44      1
    28     79      1
    29      7      1
    29      0      1
    29     32      1
    29     43      1
    29     44      1
    29     47      1
    29     94      1
    29    103      1
    30      2      1
    30     10      1
    30     16      1
    30     34      1
    30     35      1
    30     76      1
    30     85      1
    30    286      1
    31      8      1
    31      2      1
    31    109      1
    31    191      1
    32      8      1
    32     29      1
    32     22      1
    32     40      1
    32     45      1
    32     49      1
    32     50      1
    32     62      1
    32     66      1
    32    116      1
    32    167      1
    32    239      1
    32    247      1
    33      4      1
    33     25      1
    33     64      1
    33     77      1
    33     81      1
    33     93      1
    33    195      1
    34     19      1
    34     30      1
    34     36      1
    34     37      1
    34     39      1
    34     95      1
    34    101      1
    34    199      1
    35     30      1
    35     27      1
    35     46      1
    35     91      1
    35    102      1
    35    117      1
    35    211      1
    36      2      1
    36     34      1
    36     39      1
    36     93      1
    36    101      1
    36    115      1
    36    118      1
    36    143      1
    36    147      1
    36    227      1
    37      2      1
    37     34      1
    37     28      1
    37     49      1
    37     50      1
    37     56      1
    37    112      1
    37    179      1
    38      1      1
    38      8      1
    38     17      1
    38     72      1
    38    120      1
    38    132      1
    38    140      1
    38    192      1
    39     34      1
    39     36      1
    39     45      1
    39     82      1
    39     83      1
    39    222      1
    39    258      1
    40      9      1
    40     32      1
    40     51      1
    40     54      1
    40     69      1
    40    113      1
    40    141      1
    40    254      1
    40    286      1
    41     26      1
    41     10      1
    41     48      1
    41     49      1
    41     74      1
    41     80      1
    41    135      1
    41    149      1
    41    163      1
    41    165      1
    41    186      1
    41    192      1
    41    248      1
    41    251      1
    42     26      1
    42     21      1
    42     50      1
    42     68      1
    42     95      1
    42    100      1
    42    170      1
    42    172      1
    43      8      1
    43     29      1
    43    112      1
    43    123      1
    43    227      1
    43    248      1
    43    290      1
    44     27      1
    44     29      1
    44     28      1
    44     48      1
    44     88      1
    44    116      1
    44    146      1
    44    153      1
    44    156      1
    45     39      1
    45     32      1
    45     64      1
    45     86      1
    45    105      1
    45    111      1
    45    132      1
    46     35      1
    46     23      1
    46    119      1
    47     29      1
    47      9      1
    47    104      1
    47    133      1
    47    268      1
    48     41      1
    48     44      1
    48      7      1
    48     61      1
    48    224      1
    49     32      1
    49     41      1
    49     37      1
    49     53      1
    49     77      1
    49     99      1
    49    106      1
    49    130      1
    49    172      1
    49    292      1
    50     37      1
    50     32      1
    50     42      1
    50     52      1
    50    124      1
    51     40      1
    51     15      1
    51     58      1
    51     67      1
    51     70      1
    51    268      1
    52     50      1
    52     12      1
    52     75      1
    52     81      1
    52     96      1
    52    103      1
    52    276      1
    53     49      1
    53      0      1
    53     77      1
    53    126      1
    53    186      1
    53    201      1
    54     40      1
    54     16      1
    54     17      1
    54     63      1
    54     82      1
    54     83      1
    54    116      1
    54    137      1
    54    267      1
    55     14      1
    55      0      1
    56     37      1
    56     15      1
    56     73      1
    56     78      1
    56     83      1
    56     84      1
    56     99      1
    56    257      1
    57      2      1
    57      8      1
    57     22      1
    57     66      1
    57     78      1
    57    111      1
    57    146      1
    57    214      1
    57    221      1
    58     25      1
    58     51      1
    58     74      1
    58    287      1
    59     20      1
    59      0      1
    59     65      1
    59     97      1
    59    119      1
    59    132      1
    59    157      1
    59    178      1
    59    185      1
    59    189      1
    60     21      1
    60      9      1
    60     71      1
    60    195      1
    60    204      1
    60    230      1
    61     48      1
    61      3      1
    61     70      1
    61    159      1
    61    172      1
    61    278      1
    62     22      1
    62     32      1
    63     54      1
    63     21      1
    63     66      1
    63     68      1
    63     72      1
    63     79      1
    63     80      1
    63    122      1
    64     33      1
    64     45      1
    64    154      1
    65     27      1
    65     59      1
    65    108      1
    65    110      1
    65    175      1
    65    227      1
    65    253      1
    65    281      1
    66     32      1
    66     57      1
    66     63      1
    66    101      1
    66    158      1
    66    205      1
    66    226      1
    66    255      1
    67     51      1
    67      7      1
    67    135      1
    67    295      1
    68     63      1
    68     42      1
    68     85      1
    68     87      1
    68     88      1
    68    273      1
    68    289      1
    68    292      1
    69     26      1
    69     40      1
    69    143      1
    69    148      1
    70     51      1
    70      1      1
    70     61      1
    70     85      1
    70    109      1
    70    131      1
    70    260      1
    70    297      1
    71     24      1
    71     20      1
    71     60      1
    71     89      1
    71    125      1
    71    187      1
    71    210      1
    72     63      1
    72     38      1
    72     20      1
    72     73      1
    72     96      1
    72    261      1
    73     56      1
    73     72      1
    73    100      1
    73    111      1
    73    211      1
    73    242      1
    74     25      1
    74     41      1
    74     58      1
    74     76      1
    74    208      1
    74    277      1
    75     22      1
    75     52      1
    75    137      1
    75    206      1
    75    288      1
    76     30      1
    76     74      1
    76    152      1
    76    283      1
    76    287      1
    77     49      1
    77     33      1
    77     53      1
    77     86      1
    77    113      1
    77    173      1
    77    262      1
    78     57      1
    78     56      1
    78     82      1
    78     89      1
    78    164      1
    78    205      1
    79     26      1
    79     28      1
    79     63      1
    80     63      1
    80     41      1
    80     90      1
    80    133      1
    81     52      1
    81     33      1
    81      0      1
    81    180      1
    82     39      1
    82     78      1
    82     54      1
    82     94      1
    82    123      1
    82    181      1
    82    259      1
    83     39      1
    83     56      1
    83     54      1
    83     90      1
    83    291      1
    84     56      1
    84     15      1
    84      8      1
    84    138      1
    84    216      1
    85     70      1
    85     68      1
    85     30      1
    85     86      1
    85    119      1
    85    128      1
    85    168      1
    85    235      1
    85    243      1
    85    247      1
    86     77      1
    86     85      1
    86     45      1
    86     97      1
    86    108      1
    86    127      1
    86    144      1
    86    237      1
    86    253      1
    86    256      1
    87     68      1
    87      6      1
    87      9      1
    88     44      1
    88     68      1
    88    173      1
    88    223      1
    89     78      1
    89     15      1
    89     71      1
    89    222      1
    90     80      1
    90     83      1
    90    122      1
    90    134      1
    90    256      1
    90    294      1
    91      9      1
    91     35      1
    91      1      1
    91    136      1
    91    139      1
    92     13      1
    92      1      1
    92    141      1
    92    162      1
    93     13      1
    93     33      1
    93     36      1
    93    104      1
    93    151      1
    93    220      1
    93    233      1
    93    249      1
    93    269      1
    94     82      1
    94     29      1
    94    125      1
    94    130      1
    94    196      1
    95     34      1
    95     42      1
    95      5      1
    95     98      1
    95    121      1
    95    150      1
    95    163      1
    95    299      1
    96     72      1
    96     52      1
    96     20      1
    96    156      1
    96    291      1
    97     59      1
    97     86      1
    97    124      1
    98     95      1
    98     22      1
    98      9      1
    98    147      1
    98    213      1
    99     56      1
    99     20      1
    99     49      1
    99    120      1
    99    166      1
    99    272      1
    99    274      1
    99    283      1
   100     73      1
   100     42      1
   101     34      1
   101     66      1
   101     36      1
   101    128      1
   101    160      1
   101    190      1
   102     35      1
   102     27      1
   103     29      1
   103     26      1
   103     52      1
   103    134      1
   103    151      1
   104     47      1
   104     93      1
   104    107      1
   104    127      1
   105     45      1
   105     22      1
   105    115      1
   105    133      1
   105    154      1
   105    183      1
   105    222      1
   105    271      1
   106     16      1
   106     49      1
   106    107      1
   106    131      1
   106    234      1
   107    106      1
   107     18      1
   107    104      1
   107    288      1
   108     86      1
   108     65      1
   108    299      1
   109     26      1
   109     31      1
   109     70      1
   109    193      1
   109    204      1
   109    210      1
   109    290      1
   110     65      1
   110      3      1
   110    180      1
   111     57      1
   111     45      1
   111     73      1
   111    114      1
   111    167      1
   111    276      1
   112     37      1
   112     43      1
   112    157      1
   113     77      1
   113     40      1
   113    117      1
   113    129      1
   114     17      1
   114    111      1
   114    175      1
   114    188      1
   114    268      1
   115     36      1
   115    105      1
   115     22      1
   115    177      1
   116     54      1
   116     44      1
   116     32      1
   116    135      1
   116    186      1
   116    246      1
   117    113      1
   117      1      1
   117     35      1
   117    127      1
   117    215      1
   117    223      1
   118     16      1
   118     36      1
   118    130      1
   118    164      1
   118    203      1
   118    219      1
   118    233      1
   118    265      1
   119     59      1
   119     46      1
   119     85      1
   119    202      1
   119    217      1
   119    248      1
   119    267      1
   120     99      1
   120     38      1
   120    255      1
   121     27      1
   121     95      1
   121    244      1
   122     63      1
   122     90      1
   122    198      1
   122    242      1
   123     82      1
   123     43      1
   123      6      1
   123    141      1
   123    159      1
   123    202      1
   124     50      1
   124     97      1
   125     94      1
   125     71      1
   125    128      1
   125    207      1
   126     19      1
   126     53      1
   126      0      1
   126    188      1
   127    117      1
   127    104      1
   127     86      1
   127    146      1
   128    101      1
   128    125      1
   128     85      1
   128    145      1
   128    166      1
   128    225      1
   128    271      1
   129     27      1
   129     12      1
   129    113      1
   129    153      1
   129    161      1
   129    179      1
   129    280      1
   130    118      1
   130     49      1
   130     94      1
   130    182      1
   130    183      1
   131    106      1
   131     70      1
   131      5      1
   131    143      1
   131    189      1
   131    219      1
   132     38      1
   132     45      1
   132     59      1
   132    177      1
   132    178      1
   133     47      1
   133    105      1
   133     80      1
   133    150      1
   133    162      1
   133    193      1
   133    259      1
   134    103      1
   134     90      1
   134    161      1
   134    165      1
   135     67      1
   135    116      1
   135     41      1
   135    160      1
   135    170      1
   135    269      1
   136      9      1
   136     91      1
   136    138      1
   136    162      1
   136    298      1
   137     75      1
   137     54      1
   137    184      1
   138     25      1
   138    136      1
   138     84      1
   138    142      1
   138    168      1
   138    197      1
   138    198      1
   138    220      1
   139     91      1
   139     23      1
   139    163      1
   139    263      1
   140      2      1
   140     38      1
   140    283      1
   140    285      1
   141    123      1
   141     92      1
   141     40      1
   141    153      1
   141    176      1
   141    264      1
   142    138      1
   142     17      1
   142    195      1
   142    197      1
   142    284      1
   143     69      1
   143    131      1
   143     36      1
   144     86      1
   144     15      1
   144    181      1
   144    187      1
   144    255      1
   144    286      1
   145    128      1
   145     16      1
   145     11      1
   145    154      1
   145    199      1
   146     57      1
   146    127      1
   146     44      1
   146    253      1
   147     36      1
   147     98      1
   147    207      1
   147    217      1
   147    266      1
   148     69      1
   148      2      1
   148    250      1
   148    270      1
   149     41      1
   149     17      1
   149    293      1
   150     95      1
   150    133      1
   150    187      1
   150    203      1
   150    240      1
   151     93      1
   151    103      1
   151    236      1
   151    289      1
   152     76      1
   152      7      1
   152     15      1
   152    215      1
   152    260      1
   153    141      1
   153     44      1
   153    129      1
   153    247      1
   154    105      1
   154    145      1
   154     64      1
   154    282      1
   155      1      1
   155     19      1
   155      3      1
   155    167      1
   155    230      1
   155    258      1
   156      3      1
   156     44      1
   156     96      1
   156    215      1
   156    232      1
   156    245      1
   157    112      1
   157     59      1
   157    185      1
   158     66      1
   158     25      1
   158    199      1
   158    209      1
   158    225      1
   159    123      1
   159     19      1
   159     61      1
   159    171      1
   159    191      1
   159    218      1
   159    224      1
   160    135      1
   160    101      1
   160    169      1
   160    218      1
   160    246      1
   160    258      1
   160    263      1
   161      6      1
   161    129      1
   161    134      1
   162     92      1
   162    136      1
   162    133      1
   162    235      1
   163    139      1
   163     41      1
   163     95      1
   164    118      1
   164     78      1
   164    235      1
   164    249      1
   165     41      1
   165    134      1
   165    285      1
   166    128      1
   166     99      1
   166    234      1
   166    298      1
   167    155      1
   167    111      1
   167     32      1
   167    179      1
   167    288      1
   168     85      1
   168    138      1
   168    193      1
   168    238      1
   169    160      1
   169     24      1
   169    257      1
   170    135      1
   170     42      1
   170    184      1
   170    203      1
   171      5      1
   171    159      1
   171    239      1
   171    262      1
   172     49      1
   172     61      1
   172     42      1
   172    228      1
   173     77      1
   173     88      1
   174      0      1
   174     19      1
   174    181      1
   174    295      1
   175     14      1
   175    114      1
   175     65      1
   175    259      1
   176      4      1
   176    141      1
   176    214      1
   177    115      1
   177    132      1
   178    132      1
   178     59      1
   178    194      1
   179    167      1
   179    129      1
   179     37      1
   180     81      1
   180    110      1
   180    212      1
   181     82      1
   181    174      1
   181    144      1
   181    250      1
   182    130      1
   182     22      1
   182    185      1
   182    297      1
   183    105      1
   183    130      1
   183    196      1
   183    201      1
   183    208      1
   184    170      1
   184    137      1
   184    208      1
   184    254      1
   184    266      1
   185     59      1
   185    182      1
   185    157      1
   185    230      1
   185    232      1
   186    116      1
   186     41      1
   186     53      1
   187    144      1
   187     71      1
   187    150      1
   187    275      1
   188    114      1
   188    126      1
   188      4      1
   188    206      1
   189     59      1
   189    131      1
   189    252      1
   190      3      1
   190    101      1
   190    194      1
   191     31      1
   191    159      1
   191    236      1
   192     38      1
   192     41      1
   192    213      1
   192    217      1
   193    109      1
   193    168      1
   193    133      1
   193    200      1
   194    190      1
   194    178      1
   195     60      1
   195     33      1
   195    142      1
   195    257      1
   195    294      1
   196     94      1
   196    183      1
   196    204      1
   196    237      1
   197    142      1
   197    138      1
   198    122      1
   198    138      1
   199    145      1
   199    158      1
   199     34      1
   199    244      1
   200     10      1
   200    193      1
   200    252      1
   200    265      1
   201    183      1
   201     53      1
   202    123      1
   202    119      1
   203    118      1
   203    150      1
   203    170      1
   204    109      1
   204     60      1
   204    196      1
   205     66      1
   205     78      1
   206    188      1
   206     75      1
   207    147      1
   207    125      1
   207    229      1
   207    299      1
   208    183      1
   208    184      1
   208     74      1
   209      4      1
   209    158      1
   209    226      1
   210     71      1
   210    109      1
   211     73      1
   211     35      1
   212    180      1
   212     15      1
   213      1      1
   213    192      1
   213     98      1
   213    238      1
   214    176      1
   214     57      1
   214    251      1
   215    152      1
   215    156      1
   215    117      1
   215    218      1
   215    221      1
   216     84      1
   216      1      1
   216    219      1
   217    192      1
   217    147      1
   217    119      1
   218    215      1
   218    159      1
   218    160      1
   218    229      1
   218    243      1
   219    131      1
   219    216      1
   219    118      1
   220     93      1
   220    138      1
   220    274      1
   221    215      1
   221     57      1
   222     39      1
   222    105      1
   222     89      1
   223     88      1
   223    117      1
   223    273      1
   224     48      1
   224    159      1
   224    231      1
   224    270      1
   225    128      1
   225    158      1
   226    209      1
   226     66      1
   226     26      1
   226    267      1
   227     65      1
   227     43      1
   227     36      1
   228     26      1
   228    172      1
   228    236      1
   228    260      1
   228    273      1
   229    207      1
   229    218      1
   229    287      1
   230    185      1
   230    155      1
   230     60      1
   231      7      1
   231    224      1
   231    232      1
   232    185      1
   232    156      1
   232    231      1
   233    118      1
   233     93      1
   233    296      1
   234    166      1
   234    106      1
   234    296      1
   235    162      1
   235    164      1
   235     85      1
   235    277      1
   236    191      1
   236    228      1
   236    151      1
   236    293      1
   237     86      1
   237    196      1
   238    168      1
   238    213      1
   238    296      1
   239    171      1
   239     32      1
   240     25      1
   240    150      1
   241     27      1
   241      4      1
   241    277      1
   241    284      1
   242    122      1
   242     73      1
   242     14      1
   242    251      1
   243    218      1
   243     85      1
   243    275      1
   244    121      1
   244    199      1
   245    156      1
   245     18      1
   245    271      1
   245    274      1
   245    278      1
   246    160      1
   246    116      1
   247    153      1
   247     85      1
   247     32      1
   248     41      1
   248    119      1
   248     43      1
   249     93      1
   249    164      1
   250    181      1
   250    148      1
   251     41      1
   251    214      1
   251    242      1
   252    189      1
   252    200      1
   253    146      1
   253     86      1
   253     65      1
   254     40      1
   254    184      1
   255    144      1
   255    120      1
   255     66      1
   255    276      1
   256     86      1
   256     90      1
   256    264      1
   256    275      1
   257    195      1
   257     56      1
   257    169      1
   258    160      1
   258     39      1
   258    155      1
   259    133      1
   259    175      1
   259     82      1
   260    152      1
   260    228      1
   260     70      1
   261     21      1
   261     72      1
   262     77      1
   262    171      1
   262    266      1
   262    280      1
   263    160      1
   263    139      1
   263    272      1
   264    141      1
   264    256      1
   265    118      1
   265    200      1
   266    262      1
   266    184      1
   266    147      1
   267     54      1
   267    226      1
   267    119      1
   268     51      1
   268     47      1
   268    114      1
   269     23      1
   269    135      1
   269     93      1
   270    148      1
   270      2      1
   270    224      1
   271    105      1
   271    128      1
   271    245      1
   272     99      1
   272    263      1
   272      3      1
   273    228      1
   273    223      1
   273     68      1
   273    281      1
   274    220      1
   274     99      1
   274    245      1
   275    256      1
   275    243      1
   275    187      1
   276    111      1
   276    255      1
   276     52      1
   277    235      1
   277     74      1
   277    241      1
   278     61      1
   278    245      1
   279     12      1
   279      6      1
   280    262      1
   280     16      1
   280    129      1
   281     65      1
   281     12      1
   281    273      1
   282     14      1
   282    154      1
   283     76      1
   283     99      1
   283    140      1
   284    241      1
   284    142      1
   285    165      1
   285    140      1
   286    144      1
   286     40      1
   286     30      1
   287    229      1
   287     58      1
   287     76      1
   288     75      1
   288    167      1
   288    107      1
   289     68      1
   289    151      1
   290    109      1
   290     43      1
   291     83      1
   291     96      1
   292     68      1
   292     19      1
   292     49      1
   293    236      1
   293     16      1
   293    149      1
   294    195      1
   294     90      1
   295    174      1
   295     67      1
   296    233      1
   296    238      1
   296    234      1
   297    182      1
   297     70      1
   298    136      1
   298    166      1
   299    207      1
   299     95      1
   299    108      1
