COORD_X_Y 200
 0.708201  0.272374
  2.24468    2.0506
  0.55003   1.86838
 0.165939  0.712248
  1.33531   1.34327
  2.05171   2.26952
  1.48826   2.57002
   2.3597  0.950777
 0.737314  0.667299
  1.58379   1.46645
  2.09294   2.76081
 0.453524   1.26861
  2.99252   0.37927
 0.546342  0.296586
   2.5124  0.153154
 0.817384   1.94001
  1.32708  0.536692
   1.3252    2.0447
  2.33797  0.677023
 0.278563   0.58033
 0.557501  0.315313
  2.60839   1.13845
 0.478508   1.99289
  2.39554   2.85059
   0.5402    1.6335
 0.390423   1.28354
 0.483706  0.519883
  1.90619 0.0333506
  2.05981   1.56754
  2.96056  0.788989
  2.99759   1.73496
  1.71477   2.11575
  2.97283  0.120372
 0.427441 0.0916457
 0.364479   2.67341
 0.711743  0.734367
  1.05543   1.43976
0.0078925   2.45506
0.0106253   2.39861
  2.77557   1.98037
   1.2636   2.11166
  2.50465  0.602185
  2.81483   1.13981
 0.982365   2.29813
  2.17608   1.05378
  1.96664   2.18945
 0.698864  0.702663
  2.10242   2.22284
  2.78377  0.057054
   2.5378   2.15756
  2.93484  0.879212
  1.17154     2.955
 0.915238   1.53158
 0.517621  0.859146
 0.309097   2.69092
 0.244841   2.77753
  1.24826   1.31704
 0.493823    2.1387
 0.771963   2.34586
 0.195252  0.291112
 0.309639   1.99237
  2.54373   1.04375
  2.41332  0.264341
  1.64843  0.686776
  2.87646  0.682743
  1.47841  0.798941
 0.839344   1.19387
  1.44567  0.145085
  1.30768   1.58257
  1.98897   1.70424
  2.36098  0.060453
  2.01045   1.90609
  1.75104  0.257184
  2.41027  0.479832
  1.20093   2.28421
 0.158692  0.401903
  2.56674  0.317781
  1.61078  0.958001
  2.99059   2.98116
  1.76568   2.88795
  1.47607   2.74618
 0.201256  0.135948
  2.89972 0.0487847
  1.84945   1.52479
 0.435156    1.9719
  1.86458   2.01769
  2.94836  0.856219
 0.886094   1.23077
  2.88929    1.2485
  1.20297   1.49274
  2.80461  0.161104
  2.99221   1.07024
  2.52846    2.4733
  2.97205   2.24822
  1.48984   2.63445
   1.8486    2.7381
  1.84217  0.828447
  2.37106   2.14783
 0.862705   1.82972
 0.994822  0.282279
  2.94211   1.91632
  2.24657   2.83457
  2.26898  0.112349
 0.334238   1.85548
 0.837054   1.22155
0.00510916  0.383774
  2.67831  0.722728
  0.11345  0.196409
  1.76059  0.969715
 0.277273  0.743572
   1.2733   2.66384
  1.70637   0.78395
  0.20324   1.75154
 0.374874   1.07616
   1.3488   2.72631
   2.8039    1.5178
  2.03545   1.57164
   1.2918   2.85898
 0.171137  0.172646
0.0421245  0.420933
  1.96209   1.45371
 0.307777   1.39015
  1.32877   1.11882
  1.03918   2.69715
  2.12415  0.387348
  2.58401   1.98106
  2.76913  0.632658
   2.1103   1.05662
  2.22606   2.40936
  1.04021   2.19041
  2.91597  0.501646
 0.945864   1.02977
 0.467595   1.48596
  1.66344   1.80676
 0.620723   1.24383
 0.493007  0.803413
 0.810787    2.2529
  1.01228   2.21998
  2.75255  0.883388
  1.92042  0.768427
  0.33027   2.43963
  1.72141   2.42628
   0.6858 0.0731555
  1.97056  0.897874
  2.08934   1.63235
  2.59409   2.02987
  2.57395 0.0450573
  1.82641   1.88239
  2.06787   0.15039
 0.568404   0.13142
  2.24678  0.433012
  2.08114  0.998684
  2.48166   2.27211
 0.483356  0.422398
  2.21524   2.55168
  1.28094   1.19833
 0.756094    2.1381
  1.92539  0.578701
   1.4741    2.3895
 0.342598   1.72573
  1.01922  0.900017
 0.299816  0.559882
  2.78987    0.5567
  1.54564   2.41962
  1.10375  0.626229
  2.82725   1.20131
  2.21664  0.856582
 0.978997    2.3835
 0.580147   0.50079
 0.605934   2.39501
  1.17223  0.466613
 0.706746    2.0196
  2.44396  0.839636
  2.85076   2.57255
  2.63175   1.62664
  2.01144   1.60896
 0.293666   1.47155
 0.170426  0.295404
  0.81828   1.06053
  2.64825   2.33552
 0.725968   1.36342
   1.2161  0.644134
   1.3651  0.458601
  1.28093   1.96813
  1.17732   2.47419
  1.30624  0.690407
  1.53161   1.64955
  1.83108  0.272086
  1.16023   1.13377
  1.57148   2.22418
  1.04869   1.31313
  2.75035    1.9042
 0.720939   1.27542
  1.14799   1.15171
 0.716762   2.85948
  2.78633   1.10488
 0.767071   1.32289
  2.01656  0.275137
  2.22986   1.39486
  2.86952  0.907877
LINKS_SOURCE_DESTINATION_DISTANCE 982
     0      1      1
     0      6      1
     0     23      1
     0     78      1
     0    114      1
     0    131      1
     0    139      1
     1      0      1
     1      2      1
     1      3      1
     1      4      1
     1      5      1
     1      6      1
     1      7      1
     1     10      1
     1     13      1
     1     15      1
     1     19      1
     1     25      1
     1     27      1
     1     30      1
     1     40      1
     1     73      1
     1     85      1
     1     88      1
     1    100      1
     2      1      1
     2      4      1
     2      8      1
     2     14      1
     2     26      1
     2     28      1
     2     35      1
     2     50      1
     2     54      1
     3      1      1
     3      4      1
     3      5      1
     3      9      1
     3     11      1
     3     25      1
     3     42      1
     3     73      1
     3     77      1
     3    111      1
     3    132      1
     4      1      1
     4      2      1
     4      3      1
     4      6      1
     4     12      1
     4     17      1
     4     21      1
     4     27      1
     4     42      1
     4     45      1
     4     81      1
     4     83      1
     4     89      1
     4     92      1
     4    173      1
     5      3      1
     5      1      1
     5      7      1
     5     15      1
     5     47      1
     5     54      1
     5    102      1
     5    112      1
     5    115      1
     6      0      1
     6      4      1
     6      1      1
     6      8      1
     6      9      1
     6     14      1
     6     18      1
     6     19      1
     6     34      1
     6     62      1
     6     95      1
     7      1      1
     7      5      1
     7      8      1
     7      9      1
     7     17      1
     7     29      1
     7     52      1
     8      2      1
     8      7      1
     8      6      1
     8     24      1
     8     25      1
     8     30      1
     8     42      1
     8     60      1
     8     61      1
     8    129      1
     8    167      1
     9      7      1
     9      3      1
     9      6      1
     9     10      1
     9     11      1
     9     12      1
     9     39      1
     9     57      1
     9     99      1
    10      9      1
    10      1      1
    10     12      1
    10     47      1
    10     82      1
    10    170      1
    11      9      1
    11      3      1
    11     13      1
    11     16      1
    11     19      1
    11     23      1
    11     29      1
    11     32      1
    11     56      1
    11     60      1
    11     63      1
    11    141      1
    12      9      1
    12      4      1
    12     10      1
    12     18      1
    12     24      1
    12     37      1
    12     40      1
    12     53      1
    12     64      1
    12    132      1
    12    171      1
    12    192      1
    13     11      1
    13      1      1
    13     14      1
    13     74      1
    13    117      1
    13    145      1
    13    160      1
    13    174      1
    13    189      1
    14      6      1
    14      2      1
    14     13      1
    14     20      1
    14     29      1
    14     32      1
    14     39      1
    14     43      1
    14     79      1
    14     87      1
    14    152      1
    14    171      1
    15      5      1
    15      1      1
    15     16      1
    15     22      1
    15     24      1
    15     66      1
    15    144      1
    16     15      1
    16     11      1
    16     17      1
    16     20      1
    16     36      1
    16     43      1
    16     46      1
    16     65      1
    16     69      1
    16    128      1
    16    163      1
    17     16      1
    17      7      1
    17      4      1
    17     20      1
    17     41      1
    17     44      1
    17     74      1
    17     83      1
    17    104      1
    17    156      1
    17    194      1
    18     12      1
    18      6      1
    18     33      1
    18     56      1
    18     72      1
    19     11      1
    19      1      1
    19      6      1
    19     21      1
    19     88      1
    19    113      1
    19    133      1
    20     16      1
    20     14      1
    20     17      1
    20     28      1
    20     31      1
    20     48      1
    20    186      1
    21     19      1
    21      4      1
    21     22      1
    21     44      1
    21     47      1
    21     55      1
    21     93      1
    21     94      1
    21    140      1
    22     21      1
    22     15      1
    22     26      1
    22     38      1
    22     69      1
    23     11      1
    23      0      1
    23     31      1
    23    108      1
    23    109      1
    23    134      1
    24     12      1
    24      8      1
    24     15      1
    24     27      1
    24     36      1
    24     48      1
    24     57      1
    24     59      1
    24    166      1
    24    194      1
    25      3      1
    25      8      1
    25      1      1
    25     26      1
    25     33      1
    25     37      1
    25     61      1
    25    122      1
    25    160      1
    26      2      1
    26     25      1
    26     22      1
    26     45      1
    26     49      1
    26     58      1
    26     71      1
    26     72      1
    26    118      1
    27      4      1
    27      1      1
    27     24      1
    27     31      1
    27     58      1
    27     80      1
    27    122      1
    27    137      1
    27    168      1
    28     20      1
    28      2      1
    28     34      1
    28     53      1
    28     58      1
    28     59      1
    28     60      1
    28     76      1
    28    198      1
    29     14      1
    29     11      1
    29      7      1
    29     35      1
    29     52      1
    29    103      1
    29    105      1
    29    127      1
    29    147      1
    29    153      1
    29    170      1
    30      8      1
    30      1      1
    30     39      1
    30     49      1
    30     55      1
    30     64      1
    30     70      1
    30     84      1
    30    130      1
    30    171      1
    30    198      1
    31     23      1
    31     20      1
    31     27      1
    31     68      1
    31     86      1
    31    108      1
    32     11      1
    32     14      1
    32     41      1
    32     43      1
    32     52      1
    32    178      1
    32    184      1
    33     18      1
    33     25      1
    33     87      1
    34      6      1
    34     28      1
    34     67      1
    34    102      1
    34    146      1
    35     29      1
    35      2      1
    35     38      1
    35     78      1
    35    103      1
    35    128      1
    35    156      1
    35    166      1
    36     16      1
    36     24      1
    36     96      1
    36    115      1
    36    118      1
    36    129      1
    37     25      1
    37     12      1
    37     48      1
    38     35      1
    38     22      1
    38     68      1
    38    144      1
    39     30      1
    39      9      1
    39     14      1
    39     90      1
    40     12      1
    40      1      1
    40     66      1
    40    110      1
    40    162      1
    41     32      1
    41     17      1
    41     45      1
    41     96      1
    42      8      1
    42      4      1
    42      3      1
    42     46      1
    42     75      1
    42    193      1
    43     14      1
    43     32      1
    43     16      1
    43     79      1
    43     91      1
    44     21      1
    44     17      1
    44     50      1
    44     55      1
    44     89      1
    44    105      1
    44    185      1
    44    196      1
    45      4      1
    45     41      1
    45     26      1
    45     51      1
    45     67      1
    45     73      1
    45    148      1
    45    157      1
    45    188      1
    46     42      1
    46     16      1
    46     53      1
    46    139      1
    46    191      1
    47      5      1
    47     21      1
    47     10      1
    47     51      1
    47     71      1
    47     72      1
    47     80      1
    47     92      1
    47    119      1
    48     24      1
    48     37      1
    48     20      1
    48     63      1
    48     86      1
    48    193      1
    49     26      1
    49     30      1
    49    125      1
    50      2      1
    50     44      1
    50     81      1
    50    100      1
    50    165      1
    50    179      1
    51     47      1
    51     45      1
    51     57      1
    51     59      1
    51     61      1
    51    102      1
    51    152      1
    52     32      1
    52     29      1
    52      7      1
    52     70      1
    53     46      1
    53     28      1
    53     12      1
    53     79      1
    53    107      1
    53    165      1
    54      2      1
    54      5      1
    54    130      1
    54    197      1
    55     21      1
    55     30      1
    55     44      1
    55     90      1
    55    101      1
    55    149      1
    56     18      1
    56     11      1
    56     68      1
    57     51      1
    57      9      1
    57     24      1
    57     62      1
    58     28      1
    58     27      1
    58     26      1
    58     65      1
    58     66      1
    58    142      1
    58    183      1
    59     24      1
    59     51      1
    59     28      1
    59     85      1
    59    148      1
    60     11      1
    60     28      1
    60      8      1
    60     75      1
    60     82      1
    61     25      1
    61     51      1
    61      8      1
    61     98      1
    62      6      1
    62     57      1
    63     11      1
    63     48      1
    63     87      1
    63     94      1
    63     95      1
    63    112      1
    63    125      1
    63    195      1
    64     12      1
    64     30      1
    64     96      1
    64    123      1
    64    141      1
    64    172      1
    65     16      1
    65     58      1
    66     15      1
    66     58      1
    66     40      1
    66     97      1
    66     99      1
    66    152      1
    66    158      1
    66    166      1
    67     34      1
    67     45      1
    67    144      1
    67    164      1
    68     56      1
    68     38      1
    68     31      1
    68     69      1
    68     76      1
    68     83      1
    68    105      1
    68    132      1
    68    168      1
    69     68      1
    69     22      1
    69     16      1
    69     91      1
    69     97      1
    69    113      1
    69    126      1
    69    167      1
    69    169      1
    70     52      1
    70     30      1
    70     92      1
    70    121      1
    70    174      1
    70    190      1
    71     26      1
    71     47      1
    71     81      1
    71    143      1
    72     18      1
    72     26      1
    72     47      1
    72    104      1
    73     45      1
    73      1      1
    73      3      1
    73     82      1
    73     98      1
    73    145      1
    73    177      1
    73    193      1
    74     13      1
    74     17      1
    74    109      1
    74    134      1
    74    159      1
    75     60      1
    75     42      1
    75     77      1
    75     84      1
    75    124      1
    76     28      1
    76     68      1
    76     91      1
    76    199      1
    77      3      1
    77     75      1
    77    176      1
    78      0      1
    78     35      1
    78    116      1
    78    154      1
    78    182      1
    78    183      1
    79     14      1
    79     43      1
    79     53      1
    79     95      1
    80     47      1
    80     27      1
    80    151      1
    80    159      1
    81     50      1
    81     71      1
    81      4      1
    81     93      1
    81    100      1
    81    111      1
    81    138      1
    81    150      1
    82     10      1
    82     60      1
    82     73      1
    82    181      1
    83     68      1
    83      4      1
    83     17      1
    83    110      1
    83    129      1
    84     75      1
    84     30      1
    84     88      1
    84    130      1
    85      1      1
    85     59      1
    85    117      1
    85    158      1
    86     31      1
    86     48      1
    86    146      1
    86    179      1
    87     33      1
    87     63      1
    87     14      1
    87    101      1
    88     84      1
    88      1      1
    88     19      1
    88    149      1
    88    173      1
    88    184      1
    89      4      1
    89     44      1
    89    124      1
    89    177      1
    90     39      1
    90     55      1
    90    113      1
    90    116      1
    90    131      1
    90    133      1
    90    157      1
    90    199      1
    91     76      1
    91     69      1
    91     43      1
    91    109      1
    91    175      1
    92     47      1
    92      4      1
    92     70      1
    92    128      1
    93     21      1
    93     81      1
    94     63      1
    94     21      1
    94    106      1
    94    114      1
    94    135      1
    94    145      1
    95     63      1
    95     79      1
    95      6      1
    95    116      1
    95    120      1
    95    151      1
    96     64      1
    96     41      1
    96     36      1
    96    123      1
    96    190      1
    97     69      1
    97     66      1
    97    136      1
    98     61      1
    98     73      1
    98    158      1
    99      9      1
    99     66      1
    99    104      1
    99    146      1
   100      1      1
   100     50      1
   100     81      1
   100    106      1
   101     87      1
   101     55      1
   101    107      1
   101    126      1
   101    142      1
   102     34      1
   102      5      1
   102     51      1
   102    119      1
   102    120      1
   103     29      1
   103     35      1
   103    111      1
   104     72      1
   104     99      1
   104     17      1
   104    133      1
   104    147      1
   104    173      1
   105     44      1
   105     68      1
   105     29      1
   105    118      1
   105    121      1
   105    126      1
   105    180      1
   105    186      1
   106     94      1
   106    100      1
   106    125      1
   107     53      1
   107    101      1
   107    149      1
   107    174      1
   108     23      1
   108     31      1
   109     91      1
   109     23      1
   109     74      1
   109    120      1
   109    161      1
   110     40      1
   110     83      1
   111     81      1
   111    103      1
   111      3      1
   112      5      1
   112     63      1
   112    183      1
   113     69      1
   113     19      1
   113     90      1
   114     94      1
   114      0      1
   115      5      1
   115     36      1
   115    142      1
   115    162      1
   116     95      1
   116     90      1
   116     78      1
   117     85      1
   117     13      1
   117    121      1
   117    155      1
   117    186      1
   118     36      1
   118     26      1
   118    105      1
   118    135      1
   119    102      1
   119     47      1
   119    137      1
   119    153      1
   119    184      1
   120    102      1
   120     95      1
   120    109      1
   120    143      1
   121    105      1
   121    117      1
   121     70      1
   121    127      1
   121    148      1
   122     27      1
   122     25      1
   122    136      1
   123     64      1
   123     96      1
   124     75      1
   124     89      1
   125     63      1
   125    106      1
   125     49      1
   125    127      1
   125    165      1
   126    101      1
   126    105      1
   126     69      1
   126    163      1
   127    125      1
   127    121      1
   127     29      1
   127    141      1
   127    154      1
   127    164      1
   128     35      1
   128     16      1
   128     92      1
   128    169      1
   128    176      1
   129      8      1
   129     36      1
   129     83      1
   129    138      1
   130     30      1
   130     84      1
   130     54      1
   130    181      1
   131     90      1
   131      0      1
   131    140      1
   131    185      1
   132      3      1
   132     12      1
   132     68      1
   132    172      1
   132    175      1
   133     19      1
   133    104      1
   133     90      1
   133    150      1
   133    179      1
   134     74      1
   134     23      1
   135    118      1
   135     94      1
   135    155      1
   136    122      1
   136     97      1
   137     27      1
   137    119      1
   137    195      1
   138     81      1
   138    129      1
   138    140      1
   139     46      1
   139      0      1
   140     21      1
   140    138      1
   140    131      1
   140    160      1
   140    169      1
   141     64      1
   141    127      1
   141     11      1
   141    180      1
   142    115      1
   142    101      1
   142     58      1
   143    120      1
   143     71      1
   144     15      1
   144     67      1
   144     38      1
   145     13      1
   145     94      1
   145     73      1
   145    187      1
   146     86      1
   146     99      1
   146     34      1
   147     29      1
   147    104      1
   147    151      1
   147    187      1
   148     45      1
   148    121      1
   148     59      1
   149     55      1
   149     88      1
   149    107      1
   149    153      1
   149    161      1
   150    133      1
   150     81      1
   151     95      1
   151    147      1
   151     80      1
   151    162      1
   151    191      1
   152     51      1
   152     66      1
   152     14      1
   153    119      1
   153     29      1
   153    149      1
   154     78      1
   154    127      1
   154    175      1
   155    135      1
   155    117      1
   156     17      1
   156     35      1
   157     90      1
   157     45      1
   157    178      1
   158     66      1
   158     85      1
   158     98      1
   159     74      1
   159     80      1
   160    140      1
   160     13      1
   160     25      1
   160    172      1
   161    149      1
   161    109      1
   162    151      1
   162     40      1
   162    115      1
   162    197      1
   163    126      1
   163     16      1
   164     67      1
   164    127      1
   164    188      1
   165     53      1
   165    125      1
   165     50      1
   166     66      1
   166     35      1
   166     24      1
   166    178      1
   167     69      1
   167      8      1
   167    170      1
   168     68      1
   168     27      1
   168    192      1
   169    140      1
   169     69      1
   169    128      1
   169    182      1
   170     10      1
   170     29      1
   170    167      1
   171     30      1
   171     12      1
   171     14      1
   171    196      1
   172    132      1
   172    160      1
   172     64      1
   172    180      1
   173     88      1
   173      4      1
   173    104      1
   174    107      1
   174     13      1
   174     70      1
   175    154      1
   175     91      1
   175    132      1
   176    128      1
   176     77      1
   176    189      1
   176    192      1
   177     89      1
   177     73      1
   178    157      1
   178    166      1
   178     32      1
   178    195      1
   179     86      1
   179     50      1
   179    133      1
   179    190      1
   180    141      1
   180    172      1
   180    105      1
   181     82      1
   181    130      1
   182    169      1
   182     78      1
   183     78      1
   183    112      1
   183     58      1
   184     88      1
   184    119      1
   184     32      1
   185     44      1
   185    131      1
   186     20      1
   186    117      1
   186    105      1
   187    145      1
   187    147      1
   188     45      1
   188    164      1
   189     13      1
   189    176      1
   190     70      1
   190     96      1
   190    179      1
   191     46      1
   191    151      1
   192     12      1
   192    176      1
   192    168      1
   193     42      1
   193     73      1
   193     48      1
   194     17      1
   194     24      1
   195    178      1
   195     63      1
   195    137      1
   196    171      1
   196     44      1
   197     54      1
   197    162      1
   198     28      1
   198     30      1
   199     76      1
   199     90      1
