COORD_X_Y 400
  2.09181   2.29514
  1.56906   1.48252
  1.43575   2.13088
  2.59395   2.12336
  2.23532   1.84501
  2.24897   2.43969
 0.497801   2.85818
  2.19026   2.95055
  1.62792   2.15339
  2.67708  0.590776
  0.79967   2.75981
 0.644428   1.95279
  2.94912   2.48312
  1.82466   2.83427
  1.49225   1.13583
  2.37683   1.96459
  1.33208  0.201735
  1.75388   1.12199
  2.51416   2.94717
  0.76497   1.03834
  1.69776  0.912175
 0.444272   2.84489
   2.4389   1.61904
  2.06711   2.82048
   1.7016   1.40836
  2.81473   1.00903
  1.41215   1.48748
  1.85616   1.89121
  1.04728 0.0763352
  1.54983   1.42808
  2.90194   1.80446
  1.63074  0.368246
  1.64716  0.787826
  2.30696   1.79079
  2.75306   2.89623
 0.804093  0.163135
  0.59082   2.34293
  1.16069  0.129381
  2.81813 0.0316862
  1.55879   1.78121
  2.17654  0.667845
   1.3659  0.202603
 0.736901   2.72818
  1.88627  0.392368
  2.13078   2.61774
 0.506305  0.354109
  2.68096    2.7733
  1.78573    1.4457
  1.12355   2.44576
  2.57218    1.6084
  2.74719  0.850073
 0.227898   1.11055
 0.977739   2.65016
  1.47541  0.808474
  1.39006   1.39613
 0.136283  0.138054
 0.955378   2.74928
  2.23218   2.83663
  2.69427  0.612834
  1.92915  0.280845
  2.45168   1.39093
  1.93527   1.08347
  1.78118   1.50112
  1.32143   2.17729
  1.22299  0.804366
 0.284252   2.43453
  2.32771   1.90068
 0.770753   1.16375
  2.11253   2.14953
  2.75408   2.37312
   1.7126   1.45272
 0.513414   2.31085
 0.556587  0.191561
  1.75621   2.81936
  2.67346   1.34078
  2.90156   1.66664
   2.0592 0.0618841
  2.04917  0.348545
  1.30925   1.79581
 0.431285   1.55906
  2.22187   1.82871
  1.37672     2.062
   1.3681   1.49439
  1.90731  0.283753
   1.9772   1.77979
 0.780646   2.78815
 0.929605   2.91256
  2.69063   2.34876
  2.22225  0.890579
 0.825539   2.64915
  1.35536   1.46331
 0.304559  0.229178
   1.0927   2.30813
 0.137304   1.96324
  2.68025  0.427799
  1.34743   2.28337
  2.95403   1.16865
 0.126535  0.973215
  2.96132   1.74457
 0.183581  0.547642
 0.982717   1.14962
 0.952064   0.18693
  2.98866 0.00319357
  1.39129  0.905762
  2.46052    1.1249
   1.8922   2.06896
 0.534633  0.119407
 0.787274  0.994493
  2.52283   1.89001
  1.25697   2.10721
 0.691671  0.581718
  1.39697   1.42829
  2.56189  0.444541
  2.65129   1.30762
  2.32702   2.90414
0.0940706   2.88429
  2.04275   2.09179
  0.85124   2.54536
  0.30939   1.62587
 0.614553   2.56384
  2.60734   1.63053
 0.521878   2.44457
  0.36517  0.963195
 0.247344   2.07614
  2.62178   2.58982
  1.36691 0.0159325
  2.26224   2.38266
  1.69597   1.05324
  2.95488  0.561945
  0.62192  0.325663
  1.35522   2.44633
  2.13634   2.89265
 0.690389  0.231141
  0.61764  0.733606
  1.88888   0.75668
0.0627688   2.88815
  2.49369   1.49442
 0.456608    0.1027
  1.10894   1.41439
   2.0715 0.00339983
  2.78951   2.81919
  2.48161   2.28704
  0.66906   1.95534
  2.85363   2.74948
  0.29359   2.46294
0.0639799   1.56202
 0.114665  0.418198
  2.28345  0.948046
  2.65614   1.48011
  1.32003  0.508247
  1.81087   2.72092
  0.30708   1.01183
   0.7143   2.35087
   1.0404  0.951198
   2.8893  0.341224
  2.79099  0.245716
   1.0565   2.58489
  2.49298   2.36562
 0.556721  0.968345
  1.55693   2.46447
  1.45493 0.0495141
  1.72823   1.65039
 0.370109   2.79029
 0.280887   1.60824
  1.76183   2.71392
  2.28626   2.55866
  1.16607  0.706776
 0.507171   2.99424
  2.98659  0.457435
  1.04447   1.33235
  1.09945  0.575681
  1.15863  0.717721
 0.377038   1.17528
  2.51118   1.50627
  2.26093   1.40026
  2.38429   2.73021
  2.43826 0.0856929
  2.29547  0.897307
 0.540672   2.77525
 0.656904  0.619771
  2.92461  0.697237
 0.528978   1.11304
  2.41655   1.55801
 0.907808   1.17172
  1.47586  0.828798
  1.67546   2.16625
  1.19909   1.91543
 0.434466   0.88994
 0.330252  0.794867
 0.790683  0.649139
 0.421215   2.00808
  1.49537  0.675091
 0.437221   1.74257
  2.22999   2.32881
 0.850317   2.28508
  1.77944   2.64386
   1.7622  0.968926
  2.34664   2.76012
 0.825218   1.09688
 0.948006  0.291827
  1.27585    1.4979
  2.94322   2.93493
0.0709488 0.0783191
  2.39504   0.96009
  2.16091  0.710126
  2.54708    0.2754
  2.23845   0.69289
 0.144242  0.571681
 0.019115   2.92594
 0.896294   2.75587
   2.0809   2.81764
  1.55637   0.63318
  1.70674   2.22482
  1.81355   1.62612
   1.8725   2.23845
  2.30373   1.43684
  2.87972   2.28518
  1.22366   1.74326
  1.87523  0.780492
 0.338618   2.14887
  2.75698   2.29918
 0.873918   2.62253
 0.244313   1.76316
  2.67112   1.87088
  1.56278   1.32685
   2.1971   1.09099
 0.630999  0.503933
 0.285155   1.01498
   2.0265   1.61266
  2.23946  0.646838
  1.09618   1.03181
  2.60999   2.31814
  1.05876    1.9592
   1.7151    1.3282
  2.92168  0.315713
 0.484938   1.24896
  2.64484   2.41186
 0.096822  0.368075
 0.468694    2.9603
  2.30259   1.25145
  2.92343   2.61721
 0.260848   2.98462
  1.77753   1.38935
  1.63102   1.77391
  2.49994   1.16017
  2.24447   1.78977
 0.928134  0.791851
0.0285089  0.592063
  2.25396  0.590464
  2.15467  0.697329
 0.875419   2.19468
 0.724999   1.78231
  1.15436   2.82171
  1.47072     1.112
  2.36154   2.62958
  1.94715   2.34199
  1.43091   1.71592
  0.50754   2.51779
  2.49993    0.8894
  2.68105  0.449869
  2.61419   1.23425
  2.88305   1.48377
   2.2501   2.63465
  2.33499   1.39836
   2.9091   1.35148
  2.52752   1.79959
 0.581732   1.25237
 0.360702    2.0982
  1.97382    2.0598
   2.6787  0.101465
  2.65692   2.12604
  2.71275    2.7578
  2.63867   2.03849
  1.97855   2.19363
  2.52707  0.823068
  1.14824   1.86266
  2.25372  0.978929
  0.46603   2.86121
  2.81651   0.11485
 0.511644   2.15111
  1.98194    1.3165
  2.02768  0.520769
  1.95613   0.44253
  2.26511  0.226435
 0.227657   2.45124
  1.28576  0.816633
 0.299698  0.631528
 0.804136   1.96166
  0.97224   2.74656
  1.78828   2.55467
  1.61116   2.84879
   1.3024    1.3951
  1.28059   1.22374
  1.15879   1.66861
 0.971857   1.26983
  1.08278   1.56206
  0.50964   1.05494
  1.57595   1.04234
 0.606817   2.06338
  1.96636   1.43927
 0.304821   1.81329
 0.703385    2.9221
 0.782042   2.45123
 0.423417   2.91984
  2.32192   1.23098
 0.584394 0.0849861
  1.16446   2.10043
  2.60685  0.377761
  1.20271   2.37528
  2.67296  0.581332
  2.48932   1.31982
  2.04587   0.84579
  2.21444   2.26566
 0.350095   1.99005
  1.49902   2.64536
  2.63017 0.0175417
  2.21418   2.73897
  1.69021   2.34214
 0.352868 0.0922573
  1.90162   1.76652
0.0148192  0.914908
 0.382826   2.87947
 0.995434   2.98771
  2.54796  0.458483
 0.398078  0.649273
 0.517753   2.26781
  2.65337   2.26935
  1.29812   2.67107
  1.06806   2.67785
  2.49093   2.33272
  1.08215  0.111972
  1.32569   1.39224
  2.76791  0.812053
  2.03292   2.15628
 0.439937   2.24129
 0.461513  0.050992
  2.49833   2.98045
  2.28616  0.475633
 0.633609   0.99841
 0.158061   0.68306
  1.43216  0.211629
  2.57498  0.151376
 0.793548   2.75297
  2.30503   0.78463
  2.53281   2.79263
  2.07825   2.18727
  2.85587   2.67116
 0.576332    1.9399
  1.84933   0.47357
  2.51944   1.43923
  2.01761   1.56805
 0.996162     2.126
 0.117755   2.34794
  2.18689  0.907873
   2.7209 0.0566864
  1.93325   1.30572
  2.14811   1.20689
  1.40423   2.98053
 0.838314   2.74449
 0.901248   1.36344
  1.78912   2.21501
  2.24659   1.01877
 0.701916   1.26471
0.0720419  0.417744
  1.34972  0.887691
  2.27075   1.17579
  1.41679   2.94354
  1.79077   1.33704
  1.01836   2.55591
  2.67494  0.232441
 0.650143   1.01202
  1.06758   2.94233
   2.0544   0.17125
 0.698242   1.43421
  2.26733   2.43307
  2.68473   1.63799
  0.32217   2.96805
 0.768586   2.37397
  1.69764   2.14091
  2.81576   2.18253
  2.91327   1.19531
  1.70083   2.72655
  2.00727   2.02625
 0.929731  0.395103
  2.85815   1.24901
  2.56364   1.04546
  1.00898 0.0265177
 0.269624    2.6949
 0.562829   2.79441
  1.51973  0.231807
  2.68057   2.21901
  1.92231    1.8622
  2.97727   1.40719
 0.734197    2.8022
 0.639034   1.56791
  1.03777 0.0915511
  1.15302   1.86425
 0.406908   2.19976
 0.354117  0.697774
0.0328912   1.05688
LINKS_SOURCE_DESTINATION_DISTANCE 2018
     0      1      1
     0      2      1
     0      3      1
     0      6      1
     0     10      1
     0     12      1
     0     19      1
     0     23      1
     0     30      1
     0     37      1
     0     40      1
     0     84      1
     1      0      1
     1      4      1
     1      7      1
     1     21      1
     1     31      1
     1     43      1
     1     82      1
     1    395      1
     2      0      1
     2      4      1
     2      6      1
     2      7      1
     2     13      1
     2     18      1
     2     21      1
     2     31      1
     2     44      1
     2     83      1
     2    120      1
     2    170      1
     2    202      1
     2    268      1
     3      0      1
     3      5      1
     3      8      1
     3      9      1
     3     14      1
     3     15      1
     3     17      1
     3     29      1
     3     40      1
     3     50      1
     3     56      1
     3     68      1
     3    190      1
     3    339      1
     4      1      1
     4      2      1
     4      5      1
     4      6      1
     4      7      1
     4     14      1
     4     21      1
     4     22      1
     4     24      1
     4     41      1
     4     63      1
     4    114      1
     4    149      1
     5      3      1
     5      4      1
     5      9      1
     5     10      1
     5     12      1
     5     22      1
     5     25      1
     5     53      1
     5     60      1
     5    196      1
     5    239      1
     6      0      1
     6      2      1
     6      4      1
     6      8      1
     6     10      1
     6     16      1
     6     26      1
     6    120      1
     6    386      1
     7      4      1
     7      1      1
     7      2      1
     7     11      1
     7     12      1
     7     15      1
     7     17      1
     7     25      1
     7     26      1
     7     41      1
     7     77      1
     7     97      1
     7    155      1
     7    354      1
     8      6      1
     8      3      1
     8     18      1
     8     22      1
     8     27      1
     8     34      1
     8     44      1
     8     76      1
     8     81      1
     8     96      1
     8    123      1
     8    192      1
     9      3      1
     9      5      1
     9     11      1
     9     15      1
     9     80      1
     9     81      1
     9     91      1
     9    151      1
     9    182      1
     9    224      1
     9    234      1
     9    253      1
     9    295      1
     9    313      1
    10      5      1
    10      0      1
    10      6      1
    10     13      1
    10     58      1
    10     65      1
    10     69      1
    10    107      1
    11      7      1
    11      9      1
    11     18      1
    11     20      1
    11     23      1
    11     36      1
    11     56      1
    11     62      1
    11     90      1
    11    154      1
    11    189      1
    11    346      1
    12      5      1
    12      7      1
    12      0      1
    12     16      1
    12    133      1
    12    175      1
    12    275      1
    12    338      1
    12    351      1
    13      2      1
    13     10      1
    13     20      1
    13     26      1
    13     30      1
    13     37      1
    13     39      1
    13     83      1
    13     92      1
    13    101      1
    13    153      1
    14      3      1
    14      4      1
    14     35      1
    14     57      1
    14     58      1
    14    125      1
    14    181      1
    14    361      1
    15      7      1
    15      9      1
    15      3      1
    15     30      1
    15     33      1
    15    127      1
    15    138      1
    15    193      1
    15    382      1
    16      6      1
    16     12      1
    16     17      1
    16     19      1
    16     24      1
    16     47      1
    16     56      1
    16     96      1
    16    390      1
    17     16      1
    17      3      1
    17      7      1
    17     27      1
    17     49      1
    17     62      1
    17     74      1
    17     77      1
    17    117      1
    17    121      1
    17    154      1
    17    292      1
    18     11      1
    18      8      1
    18      2      1
    18     55      1
    18    243      1
    18    276      1
    18    284      1
    19      0      1
    19     16      1
    19     20      1
    19     28      1
    19     32      1
    19     33      1
    19     38      1
    19     46      1
    19     48      1
    19    106      1
    19    139      1
    19    213      1
    19    307      1
    20     19      1
    20     13      1
    20     11      1
    20     24      1
    20     25      1
    20     41      1
    20     48      1
    20     66      1
    20     98      1
    20    128      1
    20    135      1
    20    143      1
    20    148      1
    20    242      1
    21      4      1
    21      2      1
    21      1      1
    21     29      1
    21     98      1
    21    144      1
    21    196      1
    21    295      1
    22      8      1
    22      4      1
    22      5      1
    22     69      1
    22     75      1
    22     93      1
    22    164      1
    22    195      1
    22    235      1
    22    347      1
    22    370      1
    23      0      1
    23     11      1
    23     34      1
    23     61      1
    23    142      1
    24     20      1
    24      4      1
    24     16      1
    24     27      1
    24     35      1
    24     47      1
    24     92      1
    24    139      1
    24    166      1
    24    223      1
    25      5      1
    25     20      1
    25      7      1
    25     36      1
    25     43      1
    25     71      1
    25    117      1
    25    228      1
    25    245      1
    25    249      1
    26      6      1
    26      7      1
    26     13      1
    26     28      1
    26     52      1
    26    107      1
    26    111      1
    26    120      1
    26    141      1
    26    165      1
    26    215      1
    26    327      1
    27     17      1
    27     24      1
    27      8      1
    27     39      1
    27     42      1
    27     49      1
    27     59      1
    27     64      1
    27     70      1
    27     92      1
    27    100      1
    27    113      1
    27    227      1
    27    243      1
    27    356      1
    28     19      1
    28     26      1
    28     59      1
    28     70      1
    28    129      1
    28    159      1
    28    199      1
    29      3      1
    29     21      1
    29     39      1
    29     40      1
    29     52      1
    29     54      1
    29    118      1
    29    124      1
    29    137      1
    29    143      1
    29    180      1
    29    333      1
    30     15      1
    30     13      1
    30      0      1
    30     32      1
    30     34      1
    30     42      1
    30     59      1
    30     80      1
    30    117      1
    30    122      1
    30    130      1
    30    135      1
    30    260      1
    30    342      1
    31      1      1
    31      2      1
    31     42      1
    31    112      1
    31    211      1
    31    359      1
    32     30      1
    32     19      1
    32     47      1
    32     67      1
    32     95      1
    32    152      1
    32    176      1
    32    343      1
    33     15      1
    33     19      1
    33     38      1
    33     66      1
    33    130      1
    33    194      1
    33    271      1
    34     23      1
    34     30      1
    34      8      1
    34     35      1
    34     37      1
    34     57      1
    34     64      1
    34     99      1
    34    132      1
    34    147      1
    34    167      1
    34    184      1
    35     34      1
    35     24      1
    35     14      1
    35     54      1
    35     60      1
    35     67      1
    35     86      1
    35    105      1
    35    106      1
    35    201      1
    35    214      1
    35    301      1
    36     25      1
    36     11      1
    36     50      1
    36     60      1
    36     69      1
    36     73      1
    36    112      1
    36    136      1
    36    197      1
    36    297      1
    36    303      1
    36    313      1
    36    314      1
    36    370      1
    36    384      1
    37     34      1
    37      0      1
    37     13      1
    37     45      1
    37     66      1
    37     74      1
    37     78      1
    37     86      1
    37     88      1
    37    115      1
    37    163      1
    37    191      1
    37    360      1
    38     19      1
    38     33      1
    38     43      1
    38     84      1
    39     27      1
    39     29      1
    39     13      1
    39     51      1
    39     55      1
    39     79      1
    39    122      1
    39    226      1
    39    254      1
    40     29      1
    40      0      1
    40      3      1
    40     48      1
    40     78      1
    40     79      1
    40     87      1
    40    130      1
    40    131      1
    41      4      1
    41     20      1
    41      7      1
    41     46      1
    41     63      1
    41     98      1
    41    103      1
    41    187      1
    41    204      1
    41    205      1
    41    231      1
    41    249      1
    42     31      1
    42     30      1
    42     27      1
    42     51      1
    42     54      1
    42     89      1
    42    193      1
    42    369      1
    43      1      1
    43     25      1
    43     38      1
    43    119      1
    43    127      1
    43    195      1
    43    255      1
    44      8      1
    44      2      1
    44     45      1
    44     49      1
    44     72      1
    44     78      1
    44    142      1
    44    161      1
    44    187      1
    44    266      1
    44    289      1
    45     37      1
    45     44      1
    45     58      1
    45    167      1
    45    185      1
    45    191      1
    45    217      1
    45    247      1
    45    303      1
    46     19      1
    46     41      1
    46     53      1
    46    126      1
    46    146      1
    46    252      1
    47     24      1
    47     32      1
    47     16      1
    47     68      1
    47     71      1
    47     75      1
    47    104      1
    47    274      1
    48     19      1
    48     40      1
    48     20      1
    48     77      1
    48    154      1
    48    179      1
    48    330      1
    48    383      1
    49     27      1
    49     44      1
    49     17      1
    49     86      1
    49     95      1
    49    100      1
    49    136      1
    49    200      1
    49    257      1
    49    283      1
    49    293      1
    50      3      1
    50     36      1
    50     73      1
    50     91      1
    50    138      1
    51     42      1
    51     39      1
    51     61      1
    51     62      1
    51     82      1
    51    105      1
    51    118      1
    51    179      1
    51    225      1
    51    246      1
    52     29      1
    52     26      1
    52     75      1
    52     76      1
    52     87      1
    52     93      1
    52    103      1
    52    128      1
    52    215      1
    52    236      1
    53      5      1
    53     46      1
    53    148      1
    53    188      1
    54     29      1
    54     42      1
    54     35      1
    54     94      1
    54     99      1
    54    102      1
    54    150      1
    54    346      1
    55     18      1
    55     39      1
    55     72      1
    55     89      1
    55    156      1
    55    280      1
    55    290      1
    56     16      1
    56      3      1
    56     11      1
    56     79      1
    56     90      1
    56    121      1
    56    143      1
    56    205      1
    57     14      1
    57     34      1
    57    109      1
    57    147      1
    57    210      1
    57    390      1
    58     45      1
    58     10      1
    58     14      1
    58     61      1
    58    112      1
    58    140      1
    58    204      1
    58    305      1
    59     28      1
    59     27      1
    59     30      1
    59     65      1
    59     70      1
    59    126      1
    59    241      1
    59    253      1
    59    266      1
    60     35      1
    60      5      1
    60     36      1
    60    212      1
    60    217      1
    60    371      1
    61     58      1
    61     51      1
    61     23      1
    61    153      1
    61    208      1
    61    270      1
    61    294      1
    61    336      1
    61    353      1
    62     17      1
    62     11      1
    62     51      1
    62     88      1
    62    111      1
    62    296      1
    63      4      1
    63     41      1
    63    142      1
    63    178      1
    64     27      1
    64     34      1
    64    115      1
    64    156      1
    64    190      1
    64    222      1
    64    376      1
    64    399      1
    65     10      1
    65     59      1
    65     85      1
    65    118      1
    65    157      1
    65    166      1
    65    219      1
    65    258      1
    65    262      1
    65    335      1
    66     20      1
    66     33      1
    66     37      1
    66     68      1
    66     73      1
    66     83      1
    66     96      1
    66    135      1
    66    146      1
    66    197      1
    66    304      1
    67     32      1
    67     35      1
    67    140      1
    67    206      1
    67    322      1
    67    331      1
    67    358      1
    68     47      1
    68     66      1
    68      3      1
    68     85      1
    68     94      1
    68    107      1
    68    190      1
    68    220      1
    68    300      1
    69     22      1
    69     36      1
    69     10      1
    69     76      1
    69    104      1
    69    129      1
    69    153      1
    70     28      1
    70     59      1
    70     27      1
    70    102      1
    70    158      1
    71     25      1
    71     47      1
    71    102      1
    71    128      1
    71    301      1
    71    332      1
    72     44      1
    72     55      1
    72    106      1
    72    312      1
    73     66      1
    73     36      1
    73     50      1
    73    116      1
    73    124      1
    73    158      1
    73    236      1
    73    292      1
    73    299      1
    73    324      1
    73    374      1
    74     17      1
    74     37      1
    74    113      1
    74    166      1
    74    217      1
    74    372      1
    75     47      1
    75     52      1
    75     22      1
    75     88      1
    75    150      1
    75    186      1
    75    262      1
    75    364      1
    76     69      1
    76      8      1
    76     52      1
    76    104      1
    76    168      1
    77     17      1
    77     48      1
    77      7      1
    77    126      1
    78     44      1
    78     40      1
    78     37      1
    78    110      1
    78    245      1
    78    328      1
    78    349      1
    79     56      1
    79     40      1
    79     39      1
    79    161      1
    79    162      1
    79    216      1
    79    294      1
    80     30      1
    80      9      1
    80    116      1
    80    131      1
    80    137      1
    80    287      1
    81      9      1
    81      8      1
    81    113      1
    81    129      1
    81    204      1
    81    236      1
    81    285      1
    82      1      1
    82     51      1
    82     94      1
    82    123      1
    82    157      1
    82    172      1
    82    210      1
    83      2      1
    83     66      1
    83     13      1
    83    108      1
    83    133      1
    83    161      1
    83    301      1
    84     38      1
    84      0      1
    84    101      1
    84    137      1
    84    163      1
    84    180      1
    84    194      1
    84    219      1
    84    332      1
    85     68      1
    85     65      1
    85    119      1
    85    160      1
    85    289      1
    86     35      1
    86     49      1
    86     37      1
    86    159      1
    86    240      1
    86    256      1
    87     40      1
    87     52      1
    87     95      1
    87    176      1
    87    221      1
    87    344      1
    87    387      1
    88     37      1
    88     62      1
    88     75      1
    88     97      1
    88    109      1
    88    141      1
    88    170      1
    88    372      1
    89     42      1
    89     55      1
    89     91      1
    89    169      1
    89    218      1
    89    244      1
    89    257      1
    89    271      1
    90     11      1
    90     56      1
    90    376      1
    91     89      1
    91      9      1
    91     50      1
    91    145      1
    91    149      1
    91    321      1
    92     13      1
    92     24      1
    92     27      1
    92    114      1
    92    134      1
    92    331      1
    93     22      1
    93     52      1
    93    122      1
    93    151      1
    93    397      1
    94     68      1
    94     54      1
    94     82      1
    94    115      1
    94    174      1
    94    221      1
    94    239      1
    94    248      1
    94    255      1
    95     32      1
    95     49      1
    95     87      1
    95    157      1
    95    306      1
    96     66      1
    96      8      1
    96     16      1
    96    342      1
    97     88      1
    97      7      1
    97    182      1
    97    209      1
    97    284      1
    97    399      1
    98     41      1
    98     21      1
    98     20      1
    98    110      1
    98    133      1
    98    200      1
    98    373      1
    99     54      1
    99     34      1
    99    181      1
    99    206      1
   100     27      1
   100     49      1
   100    168      1
   101     13      1
   101     84      1
   101    188      1
   101    291      1
   102     54      1
   102     70      1
   102     71      1
   102    264      1
   102    276      1
   102    362      1
   102    366      1
   103     41      1
   103     52      1
   103    173      1
   104     76      1
   104     47      1
   104     69      1
   104    108      1
   104    111      1
   104    175      1
   104    222      1
   104    240      1
   104    273      1
   104    368      1
   105     51      1
   105     35      1
   105    121      1
   106     72      1
   106     35      1
   106     19      1
   106    223      1
   106    254      1
   106    258      1
   106    259      1
   106    381      1
   107     68      1
   107     10      1
   107     26      1
   107    119      1
   107    167      1
   107    174      1
   107    186      1
   107    344      1
   108    104      1
   108     83      1
   108    145      1
   109     57      1
   109     88      1
   109    114      1
   109    363      1
   109    364      1
   110     98      1
   110     78      1
   110    124      1
   110    330      1
   111     62      1
   111     26      1
   111    104      1
   111    144      1
   111    237      1
   111    322      1
   111    358      1
   112     31      1
   112     58      1
   112     36      1
   112    208      1
   112    219      1
   112    352      1
   113     74      1
   113     81      1
   113     27      1
   113    134      1
   113    159      1
   113    187      1
   113    313      1
   114     92      1
   114      4      1
   114    109      1
   114    164      1
   114    341      1
   115     37      1
   115     94      1
   115     64      1
   115    273      1
   115    306      1
   115    381      1
   116     73      1
   116     80      1
   116    252      1
   116    389      1
   117     30      1
   117     17      1
   117     25      1
   117    132      1
   117    211      1
   117    215      1
   117    294      1
   118     29      1
   118     51      1
   118     65      1
   118    230      1
   118    287      1
   119    107      1
   119     43      1
   119     85      1
   119    125      1
   119    146      1
   119    152      1
   120      2      1
   120     26      1
   120      6      1
   121    105      1
   121     17      1
   121     56      1
   121    235      1
   121    261      1
   121    383      1
   122     93      1
   122     39      1
   122     30      1
   122    230      1
   122    286      1
   122    367      1
   123     82      1
   123      8      1
   123    202      1
   123    212      1
   123    227      1
   123    233      1
   123    263      1
   123    305      1
   123    345      1
   124     73      1
   124    110      1
   124     29      1
   124    296      1
   125     14      1
   125    119      1
   126     59      1
   126     46      1
   126     77      1
   126    270      1
   126    309      1
   126    380      1
   127     43      1
   127     15      1
   127    177      1
   127    276      1
   127    278      1
   128     71      1
   128     20      1
   128     52      1
   128    172      1
   128    183      1
   128    250      1
   129     28      1
   129     69      1
   129     81      1
   129    198      1
   129    232      1
   129    255      1
   130     33      1
   130     40      1
   130     30      1
   130    131      1
   130    156      1
   130    203      1
   130    259      1
   130    320      1
   130    353      1
   130    398      1
   131     80      1
   131     40      1
   131    130      1
   131    160      1
   131    363      1
   132    117      1
   132     34      1
   132    228      1
   132    287      1
   133     12      1
   133     83      1
   133     98      1
   133    337      1
   134     92      1
   134    113      1
   134    207      1
   134    246      1
   135     20      1
   135     30      1
   135     66      1
   135    136      1
   135    149      1
   135    162      1
   135    171      1
   135    177      1
   136    135      1
   136     49      1
   136     36      1
   136    171      1
   136    194      1
   136    238      1
   137     29      1
   137     80      1
   137     84      1
   137    140      1
   137    141      1
   137    196      1
   137    308      1
   137    317      1
   137    348      1
   138     50      1
   138     15      1
   138    180      1
   138    251      1
   138    285      1
   138    395      1
   139     24      1
   139     19      1
   139    309      1
   139    350      1
   140    137      1
   140     67      1
   140     58      1
   140    184      1
   140    235      1
   141     26      1
   141    137      1
   141     88      1
   141    183      1
   141    226      1
   142     44      1
   142     23      1
   142     63      1
   142    191      1
   142    316      1
   142    396      1
   143     20      1
   143     56      1
   143     29      1
   143    263      1
   144    111      1
   144     21      1
   144    216      1
   144    218      1
   145    108      1
   145     91      1
   145    320      1
   146     46      1
   146    119      1
   146     66      1
   146    270      1
   147     57      1
   147     34      1
   147    198      1
   148     53      1
   148     20      1
   148    162      1
   149    135      1
   149      4      1
   149     91      1
   150     75      1
   150     54      1
   150    258      1
   150    267      1
   150    344      1
   151      9      1
   151     93      1
   151    279      1
   151    335      1
   152     32      1
   152    119      1
   152    155      1
   152    192      1
   153     69      1
   153     61      1
   153     13      1
   153    218      1
   154     48      1
   154     17      1
   154     11      1
   155      7      1
   155    152      1
   155    325      1
   156     55      1
   156     64      1
   156    130      1
   156    197      1
   156    203      1
   156    293      1
   157     65      1
   157     82      1
   157     95      1
   157    198      1
   157    262      1
   158     70      1
   158     73      1
   158    169      1
   158    337      1
   159     28      1
   159    113      1
   159     86      1
   159    360      1
   159    380      1
   160     85      1
   160    131      1
   160    173      1
   160    279      1
   160    351      1
   161     79      1
   161     44      1
   161     83      1
   161    165      1
   162    148      1
   162    135      1
   162     79      1
   162    264      1
   162    277      1
   163     37      1
   163     84      1
   163    238      1
   163    340      1
   164    114      1
   164     22      1
   164    367      1
   164    388      1
   165    161      1
   165     26      1
   165    244      1
   165    264      1
   166     65      1
   166     24      1
   166     74      1
   166    178      1
   166    331      1
   166    358      1
   166    364      1
   166    378      1
   167     34      1
   167     45      1
   167    107      1
   167    181      1
   168     76      1
   168    100      1
   168    172      1
   168    328      1
   169    158      1
   169     89      1
   169    185      1
   169    232      1
   170      2      1
   170     88      1
   170    173      1
   170    189      1
   170    365      1
   171    136      1
   171    135      1
   171    177      1
   171    283      1
   172    168      1
   172    128      1
   172     82      1
   173    170      1
   173    160      1
   173    103      1
   173    298      1
   174     94      1
   174    107      1
   174    186      1
   174    206      1
   174    233      1
   174    373      1
   174    376      1
   175     12      1
   175    104      1
   175    265      1
   175    272      1
   175    343      1
   176     32      1
   176     87      1
   176    213      1
   177    171      1
   177    135      1
   177    127      1
   177    199      1
   177    201      1
   177    247      1
   177    251      1
   177    396      1
   178    166      1
   178     63      1
   179     48      1
   179     51      1
   179    224      1
   180     84      1
   180     29      1
   180    138      1
   180    272      1
   180    338      1
   181     14      1
   181    167      1
   181     99      1
   181    354      1
   181    377      1
   182     97      1
   182      9      1
   182    225      1
   182    355      1
   183    141      1
   183    128      1
   183    309      1
   183    314      1
   184     34      1
   184    140      1
   184    201      1
   184    202      1
   184    256      1
   184    267      1
   185    169      1
   185     45      1
   185    379      1
   186    107      1
   186     75      1
   186    174      1
   186    267      1
   186    329      1
   187    113      1
   187     44      1
   187     41      1
   187    282      1
   187    384      1
   188    101      1
   188     53      1
   188    207      1
   188    277      1
   189    170      1
   189     11      1
   189    223      1
   189    241      1
   189    252      1
   190     64      1
   190     68      1
   190      3      1
   190    230      1
   190    243      1
   190    254      1
   190    297      1
   190    360      1
   191    142      1
   191     37      1
   191     45      1
   191    214      1
   191    240      1
   191    375      1
   192      8      1
   192    152      1
   192    253      1
   193     42      1
   193     15      1
   193    220      1
   193    378      1
   194     84      1
   194    136      1
   194     33      1
   194    315      1
   195     43      1
   195     22      1
   195    210      1
   196     21      1
   196      5      1
   196    137      1
   196    199      1
   197     66      1
   197     36      1
   197    156      1
   197    220      1
   197    320      1
   198    157      1
   198    129      1
   198    147      1
   198    242      1
   198    304      1
   198    324      1
   199    177      1
   199     28      1
   199    196      1
   199    387      1
   200     98      1
   200     49      1
   200    209      1
   200    225      1
   200    284      1
   200    341      1
   201    177      1
   201     35      1
   201    184      1
   201    340      1
   202    123      1
   202    184      1
   202      2      1
   202    231      1
   202    237      1
   202    256      1
   202    310      1
   203    156      1
   203    130      1
   203    241      1
   203    302      1
   203    304      1
   203    335      1
   204     41      1
   204     81      1
   204     58      1
   204    216      1
   204    268      1
   204    379      1
   205     56      1
   205     41      1
   205    213      1
   205    274      1
   205    374      1
   205    393      1
   206     99      1
   206     67      1
   206    174      1
   206    286      1
   206    303      1
   206    311      1
   207    188      1
   207    134      1
   208    112      1
   208     61      1
   209    200      1
   209     97      1
   209    321      1
   210     57      1
   210    195      1
   210     82      1
   211    117      1
   211     31      1
   211    229      1
   211    265      1
   211    299      1
   212    123      1
   212     60      1
   212    250      1
   212    311      1
   213     19      1
   213    176      1
   213    205      1
   213    237      1
   213    369      1
   213    380      1
   214    191      1
   214     35      1
   214    288      1
   215     26      1
   215     52      1
   215    117      1
   215    221      1
   216    144      1
   216     79      1
   216    204      1
   216    239      1
   216    348      1
   217     60      1
   217     74      1
   217     45      1
   217    283      1
   218    144      1
   218    153      1
   218     89      1
   219     65      1
   219     84      1
   219    112      1
   220    197      1
   220     68      1
   220    193      1
   221     94      1
   221     87      1
   221    215      1
   221    229      1
   221    245      1
   221    281      1
   221    334      1
   222     64      1
   222    104      1
   222    227      1
   222    281      1
   222    388      1
   223    189      1
   223    106      1
   223     24      1
   224      9      1
   224    179      1
   224    226      1
   224    345      1
   225    182      1
   225     51      1
   225    200      1
   225    391      1
   226    141      1
   226     39      1
   226    224      1
   226    318      1
   226    347      1
   227     27      1
   227    222      1
   227    123      1
   227    269      1
   227    329      1
   228     25      1
   228    132      1
   228    288      1
   228    391      1
   229    211      1
   229    221      1
   229    261      1
   230    122      1
   230    118      1
   230    190      1
   230    234      1
   231    202      1
   231     41      1
   231    261      1
   231    371      1
   232    129      1
   232    169      1
   232    336      1
   232    382      1
   233    174      1
   233    123      1
   233    247      1
   233    265      1
   233    272      1
   233    323      1
   233    327      1
   233    334      1
   234    230      1
   234      9      1
   234    389      1
   235    121      1
   235    140      1
   235     22      1
   236     52      1
   236     73      1
   236     81      1
   236    323      1
   236    324      1
   236    397      1
   237    111      1
   237    213      1
   237    202      1
   237    246      1
   237    269      1
   237    339      1
   238    136      1
   238    163      1
   238    248      1
   238    385      1
   239      5      1
   239     94      1
   239    216      1
   239    260      1
   239    282      1
   239    299      1
   239    355      1
   240    191      1
   240     86      1
   240    104      1
   240    285      1
   240    367      1
   241    189      1
   241     59      1
   241    203      1
   241    326      1
   242    198      1
   242     20      1
   243     27      1
   243    190      1
   243     18      1
   243    275      1
   244     89      1
   244    165      1
   244    362      1
   244    370      1
   244    399      1
   245    221      1
   245     25      1
   245     78      1
   245    312      1
   245    393      1
   246    237      1
   246    134      1
   246     51      1
   247    177      1
   247     45      1
   247    233      1
   248    238      1
   248     94      1
   249     41      1
   249     25      1
   249    251      1
   250    212      1
   250    128      1
   250    275      1
   250    281      1
   251    249      1
   251    138      1
   251    177      1
   252    116      1
   252     46      1
   252    189      1
   252    318      1
   252    319      1
   253     59      1
   253    192      1
   253      9      1
   253    292      1
   254    190      1
   254    106      1
   254     39      1
   254    260      1
   254    325      1
   254    354      1
   255     94      1
   255     43      1
   255    129      1
   255    257      1
   255    356      1
   256    202      1
   256     86      1
   256    184      1
   256    326      1
   256    350      1
   257     49      1
   257    255      1
   257     89      1
   257    308      1
   258    106      1
   258     65      1
   258    150      1
   258    321      1
   259    130      1
   259    106      1
   260     30      1
   260    254      1
   260    239      1
   260    361      1
   261    229      1
   261    231      1
   261    121      1
   261    268      1
   261    302      1
   261    397      1
   262     75      1
   262    157      1
   262     65      1
   262    290      1
   263    143      1
   263    123      1
   263    280      1
   264    102      1
   264    162      1
   264    165      1
   264    375      1
   265    211      1
   265    175      1
   265    233      1
   266     44      1
   266     59      1
   267    186      1
   267    150      1
   267    184      1
   268    261      1
   268      2      1
   268    204      1
   268    349      1
   269    227      1
   269    237      1
   269    359      1
   270    146      1
   270     61      1
   270    126      1
   270    382      1
   271     89      1
   271     33      1
   272    233      1
   272    175      1
   272    180      1
   272    310      1
   272    318      1
   273    104      1
   273    115      1
   274    205      1
   274     47      1
   274    298      1
   274    319      1
   275    250      1
   275     12      1
   275    243      1
   275    278      1
   275    366      1
   276    102      1
   276     18      1
   276    127      1
   276    278      1
   277    188      1
   277    162      1
   278    276      1
   278    127      1
   278    275      1
   279    151      1
   279    160      1
   279    352      1
   280     55      1
   280    263      1
   280    347      1
   280    353      1
   281    222      1
   281    221      1
   281    250      1
   281    286      1
   282    187      1
   282    239      1
   282    333      1
   283    217      1
   283    171      1
   283     49      1
   284    200      1
   284     97      1
   284     18      1
   285     81      1
   285    138      1
   285    240      1
   285    291      1
   285    359      1
   286    206      1
   286    122      1
   286    281      1
   287    132      1
   287    118      1
   287     80      1
   287    310      1
   287    388      1
   287    392      1
   288    214      1
   288    228      1
   288    348      1
   288    368      1
   288    378      1
   288    394      1
   289     44      1
   289     85      1
   290    262      1
   290     55      1
   291    101      1
   291    285      1
   291    317      1
   291    323      1
   291    357      1
   292    253      1
   292     17      1
   292     73      1
   293     49      1
   293    156      1
   293    315      1
   294     61      1
   294     79      1
   294    117      1
   295      9      1
   295     21      1
   295    300      1
   295    390      1
   296    124      1
   296     62      1
   296    384      1
   297    190      1
   297     36      1
   297    338      1
   298    274      1
   298    173      1
   298    307      1
   298    366      1
   299    211      1
   299     73      1
   299    239      1
   299    350      1
   300     68      1
   300    295      1
   300    302      1
   301     83      1
   301     35      1
   301     71      1
   302    203      1
   302    261      1
   302    300      1
   303     45      1
   303    206      1
   303     36      1
   303    357      1
   304    198      1
   304     66      1
   304    203      1
   304    316      1
   304    343      1
   305    123      1
   305     58      1
   306    115      1
   306     95      1
   306    308      1
   307     19      1
   307    298      1
   308    257      1
   308    306      1
   308    137      1
   309    126      1
   309    183      1
   309    139      1
   310    272      1
   310    202      1
   310    287      1
   311    212      1
   311    206      1
   311    329      1
   311    349      1
   312     72      1
   312    245      1
   313     36      1
   313      9      1
   313    113      1
   314    183      1
   314     36      1
   315    194      1
   315    293      1
   316    142      1
   316    304      1
   317    137      1
   317    291      1
   318    226      1
   318    252      1
   318    272      1
   319    274      1
   319    252      1
   319    385      1
   320    130      1
   320    145      1
   320    197      1
   321    258      1
   321     91      1
   321    209      1
   322    111      1
   322     67      1
   323    291      1
   323    236      1
   323    233      1
   324    236      1
   324     73      1
   324    198      1
   325    155      1
   325    254      1
   326    256      1
   326    241      1
   327     26      1
   327    233      1
   327    373      1
   328    168      1
   328     78      1
   329    186      1
   329    311      1
   329    227      1
   330     48      1
   330    110      1
   330    392      1
   331     92      1
   331    166      1
   331     67      1
   332     84      1
   332     71      1
   333    282      1
   333     29      1
   334    233      1
   334    221      1
   335     65      1
   335    151      1
   335    203      1
   336     61      1
   336    232      1
   337    158      1
   337    133      1
   338    297      1
   338    180      1
   338     12      1
   339      3      1
   339    237      1
   340    163      1
   340    201      1
   340    346      1
   340    369      1
   341    200      1
   341    114      1
   341    386      1
   342     30      1
   342     96      1
   343     32      1
   343    175      1
   343    304      1
   343    351      1
   344    150      1
   344     87      1
   344    107      1
   344    394      1
   345    123      1
   345    224      1
   346     11      1
   346     54      1
   346    340      1
   347    280      1
   347     22      1
   347    226      1
   348    137      1
   348    288      1
   348    216      1
   349    311      1
   349     78      1
   349    268      1
   350    139      1
   350    256      1
   350    299      1
   350    386      1
   351    160      1
   351    343      1
   351     12      1
   351    398      1
   352    279      1
   352    112      1
   352    379      1
   353     61      1
   353    280      1
   353    130      1
   354    254      1
   354    181      1
   354      7      1
   355    239      1
   355    182      1
   355    365      1
   356     27      1
   356    255      1
   356    385      1
   357    303      1
   357    291      1
   358     67      1
   358    111      1
   358    166      1
   359    269      1
   359     31      1
   359    285      1
   360    190      1
   360    159      1
   360     37      1
   360    387      1
   361     14      1
   361    260      1
   362    102      1
   362    244      1
   363    109      1
   363    131      1
   364    109      1
   364    166      1
   364     75      1
   365    170      1
   365    355      1
   366    102      1
   366    298      1
   366    275      1
   366    398      1
   367    240      1
   367    122      1
   367    164      1
   368    288      1
   368    104      1
   368    377      1
   369     42      1
   369    213      1
   369    340      1
   370    244      1
   370     36      1
   370     22      1
   371     60      1
   371    231      1
   372     74      1
   372     88      1
   373     98      1
   373    327      1
   373    174      1
   374    205      1
   374     73      1
   375    264      1
   375    191      1
   376    174      1
   376     90      1
   376     64      1
   377    368      1
   377    181      1
   378    193      1
   378    166      1
   378    288      1
   379    352      1
   379    185      1
   379    204      1
   380    159      1
   380    126      1
   380    213      1
   380    395      1
   381    106      1
   381    115      1
   382    232      1
   382     15      1
   382    270      1
   383    121      1
   383     48      1
   384     36      1
   384    187      1
   384    296      1
   385    238      1
   385    319      1
   385    356      1
   386      6      1
   386    341      1
   386    350      1
   387     87      1
   387    199      1
   387    360      1
   388    222      1
   388    287      1
   388    164      1
   389    234      1
   389    116      1
   390    295      1
   390     16      1
   390     57      1
   391    228      1
   391    225      1
   392    287      1
   392    330      1
   393    245      1
   393    205      1
   394    288      1
   394    344      1
   395    138      1
   395      1      1
   395    380      1
   396    142      1
   396    177      1
   397    236      1
   397    261      1
   397     93      1
   398    351      1
   398    130      1
   398    366      1
   399     64      1
   399     97      1
   399    244      1
