COORD_X_Y 400
  0.64825   2.44804
 0.278235    2.5394
  2.31144   1.88332
 0.458196    2.0604
  1.43157   2.08181
  2.49084   1.45651
  1.55531  0.255197
  1.91831   1.91011
   1.4786   0.51598
 0.738837     2.963
   2.4365   2.39549
 0.676955     1.353
  2.17869   2.72249
  2.37317   1.82858
  1.14939   2.50964
 0.429724  0.634258
   1.7779  0.665163
  2.20562  0.567011
 0.474478   1.53682
  2.41839   1.25996
  2.32463    2.2666
 0.161448   2.62628
  2.17895   1.37854
 0.555664     1.517
 0.163034   2.85029
  2.81032 0.0107691
 0.379807   2.43623
  1.43741  0.395265
 0.678639   2.45985
  2.75704  0.150927
 0.222051   1.54466
 0.542264   2.11128
 0.243828   1.07395
 0.378876   1.33895
 0.632306   2.55688
  2.47138  0.831767
 0.614003  0.990105
  2.37775   2.30703
 0.670499   1.37752
  2.91336   2.91806
  1.45036   1.21134
  2.07673  0.587919
  2.32548  0.778751
 0.096937  0.946874
 0.902135   2.08198
  2.07801  0.879686
   0.2407  0.961272
 0.745993   1.31124
 0.871341   2.02559
0.0728667  0.657099
   1.7583    2.1952
0.0463675   1.56618
  2.07905   2.22839
 0.037171  0.905571
  2.36528   1.43193
 0.746176   1.30762
 0.265747   1.56558
  2.94672   1.73696
 0.658533   1.56027
0.0742268    1.6534
  1.77461   1.31034
  1.98987   2.08966
 0.082753   1.46641
  1.26475   2.44645
  2.10725   1.86911
 0.234714  0.758999
  2.53822  0.598148
 0.445719   2.76573
 0.133343   1.03212
  2.29198   2.47835
  1.64336   1.20366
   2.7188  0.438607
 0.662135  0.880022
  2.91379    2.7901
  1.95829   2.06446
   2.6398  0.624341
  1.90626   1.89635
 0.778229  0.572965
  2.31947   1.32969
  1.42673   1.86432
0.0760176   2.98571
  1.38336   1.44182
 0.164053   2.74566
 0.336469   1.57699
0.0264582   2.44096
  1.84804   1.22627
 0.790549  0.205772
  1.32426   1.30614
  2.81443  0.390086
  1.06766   2.53945
 0.338182 0.0355667
  1.65511  0.917378
0.0858904  0.486253
  1.37226  0.101431
  1.26849   2.38009
  2.37729   1.99303
 0.978087   1.38952
 0.215024   2.27747
 0.214073   2.22786
 0.925591   2.55075
  1.50357   2.94541
  2.74952   1.03865
 0.354043   2.61077
  2.10497  0.923062
 0.986923  0.128813
  2.24155  0.755153
 0.719319    2.3248
 0.128245   2.65639
  1.91255  0.507656
  2.64864   1.68009
  2.96505   1.73402
  1.89466  0.153083
 0.969662   2.08353
  1.68818   0.66683
 0.821691 0.0524056
  1.86718   1.58175
 0.310595  0.441792
  1.63572  0.961915
  2.41273   1.67079
 0.353014   1.18897
 0.105765   1.53389
  1.11117   1.20144
  2.19234    1.8828
  1.96264   1.83924
 0.553968   2.23247
  1.40291  0.790451
  2.89032  0.123031
  1.28511   2.56601
 0.584493   1.18481
  1.30061  0.628533
   1.6401   2.55247
  2.97589  0.875975
  1.67275  0.719544
 0.302829   1.89131
 0.971232  0.436478
  1.32634   2.64721
  2.10238    2.6065
  0.21828   2.89594
  1.74637   2.46112
  2.84012   2.25212
 0.445539  0.588539
 0.481654   1.94151
  1.49418   1.70923
  2.38048  0.731348
  1.18846   1.88584
  2.57288  0.265122
  1.23018    1.0415
  1.06334   2.58318
 0.265271  0.257241
 0.651565   1.19981
  1.57675   1.96627
  1.26547   1.44007
0.0354602   1.86068
  1.10768  0.927576
 0.852044   1.40817
  1.26268   2.42425
  2.16307   2.27488
 0.880248   2.96039
 0.383731  0.414215
  2.62427  0.103144
   1.1802   1.26807
  2.08963   1.62575
 0.164714  0.857051
0.0252742   1.95535
 0.962797   2.00299
  1.70493  0.300039
  2.89003  0.737866
 0.568543   2.17403
 0.804835   1.03663
 0.637737  0.836134
   1.6963   0.22985
  1.97449   1.90992
  0.41544   0.78033
 0.876282   0.20903
  2.79462   2.28061
  2.78791   1.11191
  1.89674    1.4872
  1.81091   1.33693
  1.01652   2.22878
  2.75198    2.9283
  2.05161   1.28779
  1.78899    2.6942
  1.44372   2.94678
  1.42946   2.82436
  2.20723  0.860668
   1.6349   2.52535
  0.76437   2.64244
  2.89283   1.68377
  2.27936   2.87233
  0.46838   2.65197
 0.541345   1.14372
 0.657445   2.29699
 0.279644   2.88282
  1.35526   1.56597
   2.1623  0.635978
 0.779143   2.99957
  2.29131   1.12685
  0.43843  0.671785
  1.37758   2.95058
  2.78358    1.8997
  1.40523  0.977771
 0.190677   2.88012
  2.75216  0.408107
  2.83585    1.5898
  1.27958   1.88685
  2.49548   2.69778
 0.374131   2.90808
 0.895925   2.22093
  2.59028   2.06165
  1.74245  0.133937
  2.45787   2.02591
  1.94972  0.420868
  2.33236  0.947302
  1.86634    1.7009
  2.29344   2.39819
 0.416751  0.490522
  1.81783  0.787996
  2.49394   2.05488
 0.463977   2.24552
   0.6965   2.64299
   1.9741   2.85671
  1.23538 0.0809181
  1.16659   2.71818
  2.09822   2.59037
 0.760872   2.47633
   1.3003  0.206616
    2.612  0.177977
 0.118518   1.33737
  1.41127  0.933059
  2.75168   1.17546
  2.49308   2.50161
 0.102339  0.507355
  2.47036   1.11802
 0.514891   1.53494
  2.77677  0.435394
  2.53389  0.987906
  2.96684  0.591798
 0.934943   2.63679
 0.660897 0.0193303
  2.23039  0.626447
  2.51037    2.4714
  2.06911  0.152149
 0.719258  0.741169
 0.360303    1.1983
 0.650041   2.04566
  2.55735 0.0130085
  2.82085  0.981486
  2.55902   1.75198
   1.3524   1.09465
  2.22973  0.267389
  2.83434  0.202129
 0.737632   1.52178
 0.190521   2.97266
 0.249885   1.96612
0.0180041   1.12198
 0.555542   1.64642
 0.097342  0.329453
  2.98786   2.27605
 0.605399   2.01684
  1.87861    2.7307
  1.10606     1.817
  2.68903   2.42668
  1.73073   2.28406
  1.42261   2.19422
  1.67154  0.847025
  2.12051  0.481607
  1.60126 0.0689439
0.0370744  0.548994
  1.50301   0.49908
  1.14912   2.89907
  2.47442  0.166134
   1.1136   1.41699
 0.884026   2.44455
  2.38709   1.73045
 0.424608   2.46822
  2.59904  0.604817
  2.38321   2.29409
  1.02966   1.41219
  2.37628   2.40111
  2.93867  0.275026
0.0821128  0.827239
  1.64573  0.457552
  2.35709   1.53202
 0.942977   1.05819
 0.240739  0.858512
  1.54543   2.77448
  2.84902   1.41159
  1.99369  0.610391
 0.406194     2.545
  2.99532   2.12227
  2.92832   1.30854
  1.79114   2.19748
    2.719  0.302272
  1.32669   1.18614
  1.25234  0.963404
  2.28435  0.321821
  1.01142  0.742473
  2.86938  0.359154
  1.51904     2.669
0.0344229   1.34204
 0.922478 0.0178599
 0.721066   2.42488
  1.80174  0.219422
 0.962083   1.77664
  1.40807   1.98025
  2.38385 0.0751441
   2.0071   1.21306
  1.61063   0.79495
  2.19942  0.782276
  2.01681   2.89389
  1.59545   1.90465
 0.654553  0.531038
  1.20039  0.340063
   1.8507   2.48714
  1.15935   1.89932
   1.2553   2.30308
  0.50708   1.37521
  2.29252   2.34245
  1.38241   1.44549
  2.92838   2.09958
  2.48782  0.713018
  2.85485   2.19631
  1.90035   2.78418
 0.789903   1.61038
 0.172617   2.82088
  2.25469    1.3531
  1.41042   1.67406
 0.775123   1.46756
  1.21329   2.60146
  1.38074 0.0823402
  2.89341  0.436745
  2.95378   1.98029
  2.03271   1.59153
 0.964495    1.9245
 0.743216    2.7137
 0.372201   2.78128
  2.36184  0.653624
  1.18052   1.02367
 0.602484   2.75724
  1.50754  0.682661
 0.538699   1.82765
  2.21881   1.87811
  2.35071   1.48037
  2.77307  0.308402
   1.6444    2.8775
  1.69799   2.89884
 0.361578   2.85674
   1.3936  0.409368
  0.81359  0.435494
 0.989176  0.994436
 0.905407    1.0628
  2.73646   1.81339
  2.33323   2.20576
 0.592054  0.331698
  1.76067  0.822749
 0.727837   1.08657
  1.46914   1.57383
  1.83567  0.798206
  1.04307   2.41955
  1.23222   2.16038
 0.923839   2.59667
 0.470746   1.46953
  2.11681   2.38569
 0.524392  0.386072
 0.994337   1.45185
  1.52817  0.571081
  1.11106   2.35078
  2.22359   1.90873
   1.8773   1.66332
  2.43377   2.57947
  1.42512   1.39522
 0.437429   2.94304
   2.7412   0.26177
  1.64494   1.84062
  1.82349   2.09928
  2.70256    2.1945
  1.51341  0.927906
  1.99066   2.49777
  2.47253  0.365286
  1.67429  0.341728
  2.70321   2.68486
  1.43635   2.10416
 0.716882   2.30691
  2.21145  0.999295
  2.35922   2.67206
  2.43457  0.765652
  1.06281   2.81707
 0.439264   1.15258
   1.7623   1.49063
  1.36293   2.45849
  2.79823   2.49925
   0.2668  0.734558
  1.42575   2.97589
  1.57643   2.76743
 0.872484   0.37634
   1.7433  0.454228
  1.36637   1.70425
  2.53965  0.809111
  2.92813   1.34758
 0.806906   1.82094
LINKS_SOURCE_DESTINATION_DISTANCE 1994
     0      1      1
     0      4      1
     0      9      1
     0     22      1
     0     25      1
     0    251      1
     0    319      1
     1      0      1
     1      2      1
     1      3      1
     1      5      1
     1      7      1
     1      8      1
     1     11      1
     1     40      1
     1     53      1
     1     72      1
     1     73      1
     1     78      1
     1     94      1
     1    178      1
     1    186      1
     1    308      1
     1    376      1
     2      1      1
     2      4      1
     2      8      1
     2     11      1
     2     13      1
     2     17      1
     2     20      1
     2     21      1
     2     34      1
     2     35      1
     2     67      1
     2    104      1
     2    215      1
     3      1      1
     3      5      1
     3      6      1
     3     14      1
     3     15      1
     3     23      1
     3     24      1
     3     26      1
     3     44      1
     3     45      1
     3     64      1
     3     89      1
     3    121      1
     3    197      1
     3    243      1
     4      2      1
     4      0      1
     4      6      1
     4     11      1
     4     16      1
     4     19      1
     4     20      1
     4     32      1
     4     51      1
     4     62      1
     4     97      1
     4    109      1
     5      3      1
     5      1      1
     5      6      1
     5      7      1
     5      9      1
     5     13      1
     5     17      1
     5     27      1
     5     59      1
     5    100      1
     5    140      1
     5    142      1
     5    181      1
     5    299      1
     6      4      1
     6      5      1
     6      3      1
     6     12      1
     6     27      1
     6     50      1
     6    186      1
     6    205      1
     6    242      1
     6    328      1
     7      1      1
     7      5      1
     7     10      1
     7     17      1
     7     34      1
     7     41      1
     7     44      1
     7     75      1
     7     77      1
     7    105      1
     7    115      1
     7    136      1
     7    168      1
     7    237      1
     8      2      1
     8      1      1
     8      9      1
     8     10      1
     8     35      1
     8     53      1
     8     85      1
     8    117      1
     8    122      1
     8    204      1
     8    241      1
     9      5      1
     9      0      1
     9      8      1
     9     10      1
     9     12      1
     9     13      1
     9     14      1
     9     27      1
     9     31      1
     9     57      1
     9     75      1
     9     83      1
     9     95      1
     9    183      1
     9    189      1
     9    226      1
     9    266      1
     9    322      1
     9    344      1
    10      7      1
    10      8      1
    10      9      1
    10     19      1
    10     22      1
    10     32      1
    10     37      1
    10     40      1
    10     58      1
    10    121      1
    10    164      1
    10    262      1
    11      1      1
    11      2      1
    11      4      1
    11     20      1
    11     26      1
    11     68      1
    11     73      1
    11     74      1
    11     92      1
    12      9      1
    12      6      1
    12     24      1
    12     26      1
    12     33      1
    12     47      1
    12     63      1
    12    182      1
    12    292      1
    13      2      1
    13      9      1
    13      5      1
    13     15      1
    13     21      1
    13     23      1
    13     36      1
    13     70      1
    13    106      1
    13    170      1
    13    236      1
    13    252      1
    14      3      1
    14      9      1
    14     33      1
    14     38      1
    14     48      1
    14     49      1
    14     57      1
    14     76      1
    14    174      1
    14    377      1
    15      3      1
    15     13      1
    15     16      1
    15     25      1
    15     31      1
    15     84      1
    15     93      1
    15    122      1
    15    153      1
    15    291      1
    15    340      1
    15    350      1
    16     15      1
    16      4      1
    16     18      1
    16     28      1
    16     35      1
    16     55      1
    16     66      1
    16     79      1
    16     96      1
    16     99      1
    16    120      1
    16    140      1
    16    212      1
    16    364      1
    17      7      1
    17      5      1
    17      2      1
    17     18      1
    17     42      1
    17     44      1
    17    147      1
    17    198      1
    17    262      1
    18     16      1
    18     17      1
    18     39      1
    18    111      1
    18    125      1
    18    143      1
    18    200      1
    18    292      1
    18    306      1
    19     10      1
    19      4      1
    19     22      1
    19     24      1
    19     29      1
    19     33      1
    20      2      1
    20     11      1
    20      4      1
    20     70      1
    20     71      1
    20    111      1
    20    121      1
    20    125      1
    20    148      1
    20    153      1
    20    165      1
    20    225      1
    21      2      1
    21     13      1
    21     76      1
    21    138      1
    21    330      1
    22      0      1
    22     10      1
    22     19      1
    22     25      1
    22     28      1
    22     43      1
    22     52      1
    22     80      1
    22     81      1
    22    106      1
    22    218      1
    22    263      1
    22    313      1
    22    347      1
    23      3      1
    23     13      1
    23     30      1
    23     77      1
    23     97      1
    23    148      1
    23    192      1
    23    221      1
    24     12      1
    24      3      1
    24     19      1
    24     29      1
    24     37      1
    24     58      1
    24     80      1
    24    146      1
    24    248      1
    24    256      1
    24    268      1
    24    358      1
    25     15      1
    25      0      1
    25     22      1
    25     39      1
    25     80      1
    25    109      1
    25    174      1
    25    264      1
    25    320      1
    26      3      1
    26     11      1
    26     12      1
    26     55      1
    26    142      1
    26    191      1
    26    202      1
    26    210      1
    27      6      1
    27      5      1
    27      9      1
    27     45      1
    27     52      1
    27     81      1
    27    286      1
    27    289      1
    28     22      1
    28     16      1
    28     30      1
    28     64      1
    28     65      1
    28     90      1
    28     95      1
    28    102      1
    28    160      1
    28    197      1
    28    198      1
    29     24      1
    29     19      1
    29     40      1
    29     69      1
    29     71      1
    29     72      1
    29     89      1
    29    115      1
    29    147      1
    29    206      1
    29    342      1
    30     28      1
    30     23      1
    30     34      1
    30     38      1
    30     50      1
    30     79      1
    30    107      1
    30    159      1
    30    200      1
    30    228      1
    30    370      1
    31      9      1
    31     15      1
    31     36      1
    31     46      1
    31     48      1
    31     51      1
    31     91      1
    31     94      1
    31    113      1
    31    118      1
    31    185      1
    31    195      1
    32      4      1
    32     10      1
    32     38      1
    32     39      1
    32     53      1
    32    128      1
    32    244      1
    32    252      1
    33     19      1
    33     12      1
    33     14      1
    33     62      1
    33     71      1
    33    134      1
    33    211      1
    33    329      1
    34      2      1
    34     30      1
    34      7      1
    34     41      1
    34     43      1
    34     47      1
    34     63      1
    35     16      1
    35      2      1
    35      8      1
    35     37      1
    35     47      1
    35     98      1
    35    128      1
    35    171      1
    36     31      1
    36     13      1
    36    115      1
    36    180      1
    37     24      1
    37     35      1
    37     10      1
    37     56      1
    37    278      1
    38     14      1
    38     32      1
    38     30      1
    38     41      1
    38     93      1
    38    152      1
    38    155      1
    38    243      1
    38    291      1
    38    362      1
    39     25      1
    39     18      1
    39     32      1
    39     54      1
    39     79      1
    39    105      1
    39    119      1
    39    183      1
    39    189      1
    39    200      1
    39    218      1
    39    235      1
    40      1      1
    40     10      1
    40     29      1
    40     64      1
    40     78      1
    40    130      1
    40    139      1
    40    156      1
    40    263      1
    40    264      1
    40    295      1
    41      7      1
    41     38      1
    41     34      1
    41     42      1
    41     49      1
    41    127      1
    41    145      1
    41    164      1
    41    248      1
    41    318      1
    42     17      1
    42     41      1
    42     43      1
    42     45      1
    42     46      1
    42     59      1
    42     74      1
    42     91      1
    42    133      1
    42    149      1
    42    275      1
    43     34      1
    43     22      1
    43     42      1
    43     54      1
    43    184      1
    43    236      1
    44      7      1
    44     17      1
    44      3      1
    44     52      1
    44     54      1
    44     66      1
    44    114      1
    44    127      1
    44    143      1
    44    155      1
    44    214      1
    45     42      1
    45     27      1
    45      3      1
    45    100      1
    45    159      1
    45    167      1
    45    308      1
    45    353      1
    45    354      1
    46     42      1
    46     31      1
    46     49      1
    46     51      1
    46     56      1
    46     76      1
    46    223      1
    46    258      1
    46    259      1
    47     34      1
    47     35      1
    47     12      1
    47     61      1
    47    137      1
    47    196      1
    47    287      1
    48     14      1
    48     31      1
    48    246      1
    48    280      1
    49     46      1
    49     14      1
    49     41      1
    49     95      1
    49    123      1
    49    163      1
    49    220      1
    49    239      1
    49    245      1
    49    250      1
    49    372      1
    50      6      1
    50     30      1
    50     60      1
    50     88      1
    50     98      1
    50    145      1
    51     46      1
    51     31      1
    51      4      1
    51    158      1
    51    170      1
    51    187      1
    51    215      1
    51    277      1
    51    349      1
    51    359      1
    52     27      1
    52     22      1
    52     44      1
    52     60      1
    52     62      1
    52    104      1
    52    211      1
    52    336      1
    52    342      1
    53      1      1
    53      8      1
    53     32      1
    53     55      1
    53     82      1
    53    140      1
    53    150      1
    53    294      1
    53    387      1
    54     44      1
    54     43      1
    54     39      1
    54    130      1
    54    133      1
    54    177      1
    54    307      1
    55     53      1
    55     26      1
    55     16      1
    55     67      1
    55     87      1
    55    270      1
    56     37      1
    56     46      1
    56    103      1
    56    118      1
    56    124      1
    56    175      1
    56    179      1
    56    317      1
    56    373      1
    57     14      1
    57      9      1
    57     61      1
    57     68      1
    57     86      1
    57    112      1
    57    131      1
    57    134      1
    57    141      1
    57    152      1
    57    168      1
    57    176      1
    57    316      1
    58     10      1
    58     24      1
    58    202      1
    58    286      1
    58    392      1
    59     42      1
    59      5      1
    59     90      1
    59    105      1
    59    231      1
    59    368      1
    60     52      1
    60     50      1
    60     67      1
    60     84      1
    60    108      1
    60    172      1
    60    178      1
    60    339      1
    61     47      1
    61     57      1
    61    336      1
    62     33      1
    62      4      1
    62     52      1
    62     65      1
    62     69      1
    62    110      1
    62    156      1
    62    244      1
    62    290      1
    63     12      1
    63     34      1
    63    114      1
    63    169      1
    63    234      1
    63    294      1
    63    316      1
    64     40      1
    64      3      1
    64     28      1
    64     72      1
    64    161      1
    65     28      1
    65     62      1
    65    289      1
    65    379      1
    66     44      1
    66     16      1
    66     82      1
    66    104      1
    66    152      1
    66    190      1
    66    195      1
    66    196      1
    67     55      1
    67     60      1
    67      2      1
    67     68      1
    67     69      1
    67    113      1
    67    154      1
    67    162      1
    67    179      1
    67    257      1
    67    326      1
    68     67      1
    68     57      1
    68     11      1
    68    112      1
    68    376      1
    68    399      1
    69     67      1
    69     62      1
    69     29      1
    69     70      1
    69    141      1
    69    193      1
    69    194      1
    69    203      1
    69    246      1
    69    259      1
    69    368      1
    70     20      1
    70     13      1
    70     69      1
    70     75      1
    70     90      1
    70    108      1
    70    187      1
    70    213      1
    70    253      1
    70    329      1
    71     29      1
    71     20      1
    71     33      1
    71     86      1
    71    110      1
    72      1      1
    72     64      1
    72     29      1
    72     74      1
    72     83      1
    72    169      1
    72    296      1
    73      1      1
    73     11      1
    73    135      1
    73    210      1
    73    249      1
    73    346      1
    74     42      1
    74     11      1
    74     72      1
    74     88      1
    74    124      1
    74    335      1
    75     70      1
    75      9      1
    75      7      1
    75     82      1
    75     89      1
    75    107      1
    75    123      1
    75    181      1
    75    390      1
    76     14      1
    76     46      1
    76     21      1
    76    119      1
    76    120      1
    76    135      1
    76    154      1
    76    166      1
    76    176      1
    76    207      1
    76    227      1
    77     23      1
    77      7      1
    77     87      1
    77    157      1
    77    212      1
    77    243      1
    77    268      1
    77    356      1
    78     40      1
    78      1      1
    78     84      1
    78    139      1
    78    219      1
    78    279      1
    79     30      1
    79     16      1
    79     39      1
    79     87      1
    79    117      1
    79    264      1
    79    375      1
    80     25      1
    80     22      1
    80     24      1
    80     92      1
    80    101      1
    80    116      1
    80    136      1
    80    174      1
    80    181      1
    81     27      1
    81     22      1
    81    150      1
    81    320      1
    81    327      1
    82     75      1
    82     53      1
    82     66      1
    82     85      1
    82    184      1
    82    185      1
    82    284      1
    83      9      1
    83     72      1
    83     96      1
    84     15      1
    84     60      1
    84     78      1
    84    209      1
    84    235      1
    84    322      1
    85     82      1
    85      8      1
    85    191      1
    85    204      1
    85    338      1
    85    343      1
    86     57      1
    86     71      1
    86     96      1
    86    112      1
    86    166      1
    86    193      1
    87     79      1
    87     77      1
    87     55      1
    87    124      1
    87    216      1
    87    230      1
    88     50      1
    88     74      1
    88    162      1
    88    217      1
    88    382      1
    89     75      1
    89      3      1
    89     29      1
    89    188      1
    89    325      1
    89    374      1
    90     70      1
    90     59      1
    90     28      1
    90    101      1
    90    398      1
    91     31      1
    91     42      1
    91    103      1
    91    128      1
    91    151      1
    91    186      1
    91    261      1
    91    295      1
    92     80      1
    92     11      1
    92    114      1
    92    116      1
    92    167      1
    92    173      1
    92    201      1
    92    311      1
    93     15      1
    93     38      1
    93    165      1
    93    167      1
    94      1      1
    94     31      1
    94    153      1
    94    224      1
    94    252      1
    94    360      1
    95     49      1
    95      9      1
    95     28      1
    95    339      1
    95    397      1
    96     83      1
    96     86      1
    96     16      1
    96     99      1
    96    129      1
    96    147      1
    96    219      1
    97      4      1
    97     23      1
    97    166      1
    97    245      1
    98     35      1
    98     50      1
    98    111      1
    99     16      1
    99     96      1
    99    101      1
    99    106      1
    99    109      1
    99    123      1
    99    160      1
    99    283      1
    99    379      1
   100     45      1
   100      5      1
   100    102      1
   100    144      1
   100    179      1
   100    282      1
   101     99      1
   101     80      1
   101     90      1
   101    126      1
   101    135      1
   101    234      1
   101    242      1
   101    298      1
   102     28      1
   102    100      1
   102    107      1
   102    132      1
   102    250      1
   102    254      1
   102    322      1
   103     56      1
   103     91      1
   103    127      1
   104      2      1
   104     66      1
   104     52      1
   105     59      1
   105     39      1
   105      7      1
   105    146      1
   105    158      1
   105    230      1
   105    377      1
   106     22      1
   106     13      1
   106     99      1
   106    391      1
   107     75      1
   107    102      1
   107     30      1
   107    131      1
   107    205      1
   107    207      1
   107    351      1
   108     70      1
   108     60      1
   108    172      1
   108    194      1
   109      4      1
   109     25      1
   109     99      1
   109    162      1
   109    168      1
   109    238      1
   109    247      1
   109    333      1
   109    360      1
   109    375      1
   110     62      1
   110     71      1
   110    249      1
   110    285      1
   111     20      1
   111     18      1
   111     98      1
   111    209      1
   111    320      1
   112     68      1
   112     57      1
   112     86      1
   112    132      1
   112    149      1
   112    256      1
   112    329      1
   113     31      1
   113     67      1
   113    119      1
   113    137      1
   113    199      1
   113    203      1
   113    227      1
   113    272      1
   113    355      1
   114     63      1
   114     44      1
   114     92      1
   114    208      1
   114    209      1
   114    321      1
   114    341      1
   115     36      1
   115     29      1
   115      7      1
   115    173      1
   115    276      1
   116     92      1
   116     80      1
   116    126      1
   116    138      1
   116    229      1
   116    302      1
   117      8      1
   117     79      1
   117    282      1
   118     31      1
   118     56      1
   119     76      1
   119     39      1
   119    113      1
   119    385      1
   120     16      1
   120     76      1
   120    130      1
   120    163      1
   120    285      1
   121     10      1
   121     20      1
   121      3      1
   121    129      1
   121    235      1
   122     15      1
   122      8      1
   122    126      1
   122    157      1
   123     99      1
   123     49      1
   123     75      1
   123    139      1
   123    157      1
   123    192      1
   123    304      1
   123    380      1
   124     56      1
   124     74      1
   124     87      1
   124    245      1
   124    289      1
   124    384      1
   125     18      1
   125     20      1
   125    275      1
   126    101      1
   126    122      1
   126    116      1
   126    326      1
   127     44      1
   127    103      1
   127     41      1
   127    317      1
   127    348      1
   128     35      1
   128     32      1
   128     91      1
   129    121      1
   129     96      1
   129    175      1
   129    368      1
   130    120      1
   130     54      1
   130     40      1
   130    137      1
   130    151      1
   130    154      1
   130    218      1
   130    346      1
   131     57      1
   131    107      1
   131    204      1
   131    215      1
   132    102      1
   132    112      1
   133     42      1
   133     54      1
   133    260      1
   133    267      1
   134     57      1
   134     33      1
   135     76      1
   135     73      1
   135    101      1
   135    160      1
   135    184      1
   135    190      1
   135    211      1
   135    273      1
   135    305      1
   136      7      1
   136     80      1
   136    150      1
   136    151      1
   136    393      1
   137     47      1
   137    113      1
   137    130      1
   137    201      1
   137    236      1
   137    305      1
   138     21      1
   138    116      1
   138    161      1
   138    222      1
   138    394      1
   139     78      1
   139    123      1
   139     40      1
   139    238      1
   139    341      1
   140     53      1
   140     16      1
   140      5      1
   140    144      1
   140    145      1
   140    296      1
   141     69      1
   141     57      1
   141    158      1
   141    182      1
   141    195      1
   141    357      1
   142     26      1
   142      5      1
   142    298      1
   142    313      1
   143     18      1
   143     44      1
   144    100      1
   144    140      1
   144    180      1
   144    346      1
   145     41      1
   145    140      1
   145     50      1
   145    155      1
   145    188      1
   145    222      1
   146     24      1
   146    105      1
   147     17      1
   147     29      1
   147     96      1
   147    213      1
   147    255      1
   148     23      1
   148     20      1
   149     42      1
   149    112      1
   149    189      1
   150     53      1
   150    136      1
   150     81      1
   150    194      1
   150    234      1
   150    284      1
   150    331      1
   150    370      1
   151    130      1
   151     91      1
   151    136      1
   151    161      1
   151    224      1
   151    278      1
   152     38      1
   152     57      1
   152     66      1
   153     94      1
   153     20      1
   153     15      1
   153    199      1
   153    271      1
   154     76      1
   154     67      1
   154    130      1
   154    269      1
   155     38      1
   155     44      1
   155    145      1
   156     62      1
   156     40      1
   156    269      1
   156    337      1
   156    359      1
   157    123      1
   157     77      1
   157    122      1
   157    165      1
   157    216      1
   157    220      1
   157    226      1
   157    356      1
   158     51      1
   158    105      1
   158    141      1
   158    175      1
   158    271      1
   159     30      1
   159     45      1
   159    227      1
   160     28      1
   160     99      1
   160    135      1
   160    171      1
   160    208      1
   160    216      1
   161    151      1
   161    138      1
   161     64      1
   161    228      1
   161    233      1
   162    109      1
   162     88      1
   162     67      1
   162    286      1
   162    305      1
   163     49      1
   163    120      1
   163    173      1
   163    177      1
   164     41      1
   164     10      1
   164    255      1
   164    288      1
   165    157      1
   165     93      1
   165     20      1
   165    228      1
   165    351      1
   166     86      1
   166     76      1
   166     97      1
   166    268      1
   167     93      1
   167     92      1
   167     45      1
   167    319      1
   168    109      1
   168      7      1
   168     57      1
   169     63      1
   169     72      1
   169    185      1
   169    206      1
   169    251      1
   170     13      1
   170     51      1
   170    201      1
   170    255      1
   170    273      1
   170    279      1
   170    351      1
   170    364      1
   171     35      1
   171    160      1
   171    240      1
   171    330      1
   172     60      1
   172    108      1
   172    238      1
   173    163      1
   173    115      1
   173     92      1
   173    191      1
   173    374      1
   173    396      1
   174     80      1
   174     25      1
   174     14      1
   174    261      1
   174    290      1
   174    312      1
   174    392      1
   175    158      1
   175     56      1
   175    129      1
   175    208      1
   175    242      1
   176     57      1
   176     76      1
   176    353      1
   177    163      1
   177     54      1
   177    214      1
   177    219      1
   178      1      1
   178     60      1
   178    283      1
   179     67      1
   179    100      1
   179     56      1
   179    270      1
   179    280      1
   179    335      1
   179    369      1
   180     36      1
   180    144      1
   180    183      1
   180    232      1
   180    345      1
   181     80      1
   181     75      1
   181      5      1
   181    246      1
   181    303      1
   182     12      1
   182    141      1
   182    251      1
   183      9      1
   183    180      1
   183     39      1
   184    135      1
   184     82      1
   184     43      1
   184    288      1
   184    310      1
   185    169      1
   185     31      1
   185     82      1
   186      1      1
   186      6      1
   186     91      1
   186    265      1
   187     70      1
   187     51      1
   187    198      1
   187    217      1
   187    267      1
   188    145      1
   188     89      1
   188    349      1
   188    375      1
   189      9      1
   189    149      1
   189     39      1
   190    135      1
   190     66      1
   190    197      1
   190    224      1
   190    231      1
   190    247      1
   191     26      1
   191    173      1
   191     85      1
   191    395      1
   192    123      1
   192     23      1
   192    229      1
   193     69      1
   193     86      1
   193    226      1
   193    387      1
   194     69      1
   194    108      1
   194    150      1
   194    225      1
   194    237      1
   194    293      1
   194    327      1
   195    141      1
   195     31      1
   195     66      1
   195    223      1
   195    287      1
   195    293      1
   195    300      1
   196     66      1
   196     47      1
   196    383      1
   197    190      1
   197      3      1
   197     28      1
   197    314      1
   198     28      1
   198     17      1
   198    187      1
   198    199      1
   198    203      1
   199    198      1
   199    153      1
   199    113      1
   199    210      1
   199    277      1
   200     18      1
   200     39      1
   200     30      1
   200    248      1
   200    253      1
   200    372      1
   201    170      1
   201    137      1
   201     92      1
   201    309      1
   201    332      1
   202     26      1
   202     58      1
   202    313      1
   203    113      1
   203    198      1
   203     69      1
   203    254      1
   204     85      1
   204    131      1
   204      8      1
   204    378      1
   205    107      1
   205      6      1
   205    241      1
   206     29      1
   206    169      1
   207     76      1
   207    107      1
   207    301      1
   208    175      1
   208    160      1
   208    114      1
   208    240      1
   208    348      1
   209    111      1
   209     84      1
   209    114      1
   209    229      1
   209    233      1
   209    343      1
   210     26      1
   210    199      1
   210     73      1
   210    287      1
   210    321      1
   211     52      1
   211    135      1
   211     33      1
   212     77      1
   212     16      1
   212    297      1
   212    300      1
   212    312      1
   212    397      1
   213     70      1
   213    147      1
   213    257      1
   213    284      1
   213    371      1
   214    177      1
   214     44      1
   214    297      1
   214    325      1
   214    332      1
   215     51      1
   215      2      1
   215    131      1
   215    217      1
   216     87      1
   216    157      1
   216    160      1
   217     88      1
   217    187      1
   217    215      1
   218     22      1
   218    130      1
   218     39      1
   218    221      1
   218    281      1
   218    357      1
   219    177      1
   219     96      1
   219     78      1
   219    274      1
   219    338      1
   219    358      1
   220    157      1
   220     49      1
   220    232      1
   220    367      1
   221     23      1
   221    218      1
   221    394      1
   222    145      1
   222    138      1
   222    283      1
   222    340      1
   223     46      1
   223    195      1
   224    151      1
   224    190      1
   224     94      1
   224    350      1
   225     20      1
   225    194      1
   225    331      1
   226    193      1
   226    157      1
   226      9      1
   227     76      1
   227    159      1
   227    113      1
   227    333      1
   228    161      1
   228     30      1
   228    165      1
   229    116      1
   229    192      1
   229    209      1
   229    328      1
   230    105      1
   230     87      1
   230    232      1
   230    260      1
   230    336      1
   231    190      1
   231     59      1
   231    249      1
   231    258      1
   232    220      1
   232    180      1
   232    230      1
   232    391      1
   233    161      1
   233    209      1
   233    239      1
   234     63      1
   234    150      1
   234    101      1
   234    276      1
   234    396      1
   235    121      1
   235     39      1
   235     84      1
   235    256      1
   236     43      1
   236     13      1
   236    137      1
   236    363      1
   237    194      1
   237      7      1
   237    239      1
   238    139      1
   238    109      1
   238    172      1
   238    240      1
   238    335      1
   239    237      1
   239     49      1
   239    233      1
   239    327      1
   239    363      1
   240    238      1
   240    208      1
   240    171      1
   240    265      1
   240    271      1
   240    311      1
   241      8      1
   241    205      1
   242    175      1
   242      6      1
   242    101      1
   242    324      1
   242    350      1
   243      3      1
   243     38      1
   243     77      1
   243    257      1
   243    274      1
   243    285      1
   243    379      1
   244     62      1
   244     32      1
   244    308      1
   244    309      1
   245    124      1
   245     97      1
   245     49      1
   245    326      1
   245    393      1
   246     69      1
   246    181      1
   246     48      1
   247    109      1
   247    190      1
   247    302      1
   247    303      1
   248    200      1
   248     24      1
   248     41      1
   249    110      1
   249     73      1
   249    231      1
   249    266      1
   249    272      1
   249    277      1
   250    102      1
   250     49      1
   250    383      1
   251    182      1
   251      0      1
   251    169      1
   251    294      1
   251    398      1
   252     94      1
   252     32      1
   252     13      1
   253    200      1
   253     70      1
   254    102      1
   254    203      1
   254    307      1
   255    147      1
   255    164      1
   255    170      1
   255    365      1
   256    235      1
   256     24      1
   256    112      1
   256    334      1
   257     67      1
   257    213      1
   257    243      1
   258     46      1
   258    231      1
   259     69      1
   259     46      1
   259    342      1
   260    133      1
   260    230      1
   260    261      1
   261    260      1
   261     91      1
   261    174      1
   262     10      1
   262     17      1
   262    366      1
   263     40      1
   263     22      1
   263    365      1
   263    395      1
   264     40      1
   264     25      1
   264     79      1
   265    186      1
   265    240      1
   265    281      1
   265    301      1
   265    357      1
   265    381      1
   266    249      1
   266      9      1
   267    133      1
   267    187      1
   267    324      1
   268     24      1
   268     77      1
   268    166      1
   268    279      1
   268    384      1
   269    154      1
   269    156      1
   269    347      1
   270     55      1
   270    179      1
   270    315      1
   270    317      1
   270    355      1
   271    240      1
   271    158      1
   271    153      1
   271    337      1
   272    113      1
   272    249      1
   272    276      1
   272    398      1
   273    135      1
   273    170      1
   273    274      1
   274    243      1
   274    273      1
   274    219      1
   274    315      1
   275     42      1
   275    125      1
   275    295      1
   275    314      1
   276    272      1
   276    234      1
   276    115      1
   277     51      1
   277    199      1
   277    249      1
   277    288      1
   278     37      1
   278    151      1
   278    381      1
   279     78      1
   279    170      1
   279    268      1
   279    355      1
   280     48      1
   280    179      1
   280    328      1
   281    218      1
   281    265      1
   281    347      1
   282    117      1
   282    100      1
   282    397      1
   283    222      1
   283    178      1
   283     99      1
   283    304      1
   284    150      1
   284    213      1
   284     82      1
   284    386      1
   284    394      1
   285    120      1
   285    243      1
   285    110      1
   285    299      1
   285    310      1
   285    323      1
   285    334      1
   285    385      1
   286     27      1
   286     58      1
   286    162      1
   286    292      1
   287    195      1
   287    210      1
   287     47      1
   287    291      1
   288    164      1
   288    277      1
   288    184      1
   289     27      1
   289     65      1
   289    124      1
   290    174      1
   290     62      1
   290    359      1
   290    380      1
   291     15      1
   291    287      1
   291     38      1
   291    373      1
   292    286      1
   292     18      1
   292     12      1
   293    194      1
   293    195      1
   293    310      1
   293    344      1
   294     63      1
   294     53      1
   294    251      1
   294    389      1
   295     40      1
   295    275      1
   295     91      1
   295    319      1
   296     72      1
   296    140      1
   297    214      1
   297    212      1
   297    352      1
   298    101      1
   298    142      1
   298    306      1
   299    285      1
   299      5      1
   300    212      1
   300    195      1
   300    378      1
   301    207      1
   301    265      1
   301    337      1
   302    116      1
   302    247      1
   302    371      1
   303    247      1
   303    181      1
   304    283      1
   304    123      1
   304    369      1
   305    162      1
   305    137      1
   305    135      1
   305    323      1
   305    395      1
   306    298      1
   306     18      1
   307     54      1
   307    254      1
   308     45      1
   308      1      1
   308    244      1
   308    318      1
   309    244      1
   309    201      1
   310    293      1
   310    184      1
   310    285      1
   310    367      1
   311    240      1
   311     92      1
   312    174      1
   312    212      1
   313    142      1
   313    202      1
   313     22      1
   314    275      1
   314    197      1
   314    340      1
   315    274      1
   315    270      1
   316     63      1
   316     57      1
   317    270      1
   317     56      1
   317    127      1
   318     41      1
   318    308      1
   319    167      1
   319    295      1
   319      0      1
   320     25      1
   320     81      1
   320    111      1
   321    210      1
   321    114      1
   322     84      1
   322    102      1
   322      9      1
   323    285      1
   323    305      1
   324    242      1
   324    267      1
   325    214      1
   325     89      1
   326    126      1
   326    245      1
   326     67      1
   326    362      1
   327    239      1
   327     81      1
   327    194      1
   328    229      1
   328    280      1
   328      6      1
   329     33      1
   329     70      1
   329    112      1
   329    376      1
   330     21      1
   330    171      1
   330    360      1
   330    382      1
   331    225      1
   331    150      1
   332    214      1
   332    201      1
   333    109      1
   333    227      1
   334    285      1
   334    256      1
   335     74      1
   335    238      1
   335    179      1
   336     52      1
   336    230      1
   336     61      1
   336    343      1
   336    354      1
   337    271      1
   337    156      1
   337    301      1
   338    219      1
   338     85      1
   338    366      1
   339     60      1
   339     95      1
   339    389      1
   340    314      1
   340    222      1
   340     15      1
   340    387      1
   341    114      1
   341    139      1
   341    361      1
   342    259      1
   342     29      1
   342     52      1
   342    345      1
   342    390      1
   343    209      1
   343    336      1
   343     85      1
   344    293      1
   344      9      1
   344    399      1
   345    342      1
   345    180      1
   346    144      1
   346     73      1
   346    130      1
   346    386      1
   347     22      1
   347    281      1
   347    269      1
   347    384      1
   348    127      1
   348    208      1
   348    370      1
   349    188      1
   349     51      1
   349    377      1
   350     15      1
   350    224      1
   350    242      1
   350    352      1
   351    170      1
   351    107      1
   351    165      1
   352    297      1
   352    350      1
   353     45      1
   353    176      1
   354    336      1
   354     45      1
   355    279      1
   355    270      1
   355    113      1
   356    157      1
   356     77      1
   357    141      1
   357    265      1
   357    218      1
   358     24      1
   358    219      1
   359    290      1
   359     51      1
   359    156      1
   359    361      1
   360    109      1
   360    330      1
   360     94      1
   360    364      1
   360    393      1
   361    341      1
   361    359      1
   362    326      1
   362     38      1
   363    239      1
   363    236      1
   364     16      1
   364    170      1
   364    360      1
   365    255      1
   365    263      1
   366    338      1
   366    262      1
   367    220      1
   367    310      1
   368     69      1
   368     59      1
   368    129      1
   369    304      1
   369    179      1
   370    150      1
   370    348      1
   370     30      1
   370    388      1
   371    213      1
   371    302      1
   372    200      1
   372     49      1
   372    388      1
   373     56      1
   373    291      1
   373    385      1
   373    388      1
   374     89      1
   374    173      1
   375     79      1
   375    109      1
   375    188      1
   376    329      1
   376      1      1
   376     68      1
   377    105      1
   377     14      1
   377    349      1
   378    300      1
   378    204      1
   379     99      1
   379    243      1
   379     65      1
   380    123      1
   380    290      1
   381    265      1
   381    278      1
   382     88      1
   382    330      1
   383    250      1
   383    196      1
   384    268      1
   384    347      1
   384    124      1
   385    285      1
   385    119      1
   385    373      1
   386    346      1
   386    284      1
   387    193      1
   387    340      1
   387     53      1
   388    373      1
   388    372      1
   388    370      1
   389    294      1
   389    339      1
   390     75      1
   390    342      1
   391    106      1
   391    232      1
   392    174      1
   392     58      1
   393    136      1
   393    360      1
   393    245      1
   394    221      1
   394    138      1
   394    284      1
   395    263      1
   395    191      1
   395    305      1
   396    234      1
   396    173      1
   397    282      1
   397    212      1
   397     95      1
   398    251      1
   398     90      1
   398    272      1
   399    344      1
   399     68      1
