COORD_X_Y 300
 0.635653  0.861712
  2.36941  0.806037
  1.00339    2.1339
 0.544332   0.49072
 0.105456  0.691643
  1.86372   1.93244
 0.767548   2.94318
  1.20727    1.3162
 0.113278   1.38743
  1.98178  0.704848
  2.40468   1.42748
  1.82519  0.390407
  1.56039   1.16758
  1.65956   2.26598
0.0229026   2.63749
 0.622481    1.0731
   2.1316  0.218451
  1.65399 0.0985563
  1.76205   2.00768
  2.44424   1.51789
  2.48014   2.42875
 0.785487  0.566806
 0.903883 0.0385644
  2.15799   1.26212
  2.57219   2.40297
  2.40387  0.284859
0.0275618   1.75316
  1.69062   1.47644
  2.95651   2.31046
  1.59992   2.55038
0.0815598   2.03017
 0.700613   2.52913
  1.77286     2.499
  2.43362   2.34266
0.0763924   2.93299
  1.36685  0.937775
  2.31462   1.06536
 0.125491   2.41834
 0.204689    1.4466
   1.7408   1.17811
  1.90783   2.69039
  2.46096   1.80263
  2.12886   1.30437
 0.145038   2.81908
  1.49037    2.3742
  1.50018  0.822914
 0.241047   2.61017
  2.24524  0.495501
  1.46538   2.49451
  1.21894   2.46369
  2.03275  0.843521
   2.0102   1.63744
  2.54704   1.11643
  2.80418  0.752077
  0.20886   2.02707
 0.150521   1.60717
  2.70847   1.54224
 0.398816   1.27522
 0.773993  0.609348
  2.78134   2.28476
 0.258434  0.375584
 0.340548  0.107844
  1.48991 0.00350949
  2.65749  0.256329
 0.712356   2.29336
  1.80451   1.54273
 0.687315   1.36269
  2.39887   1.79702
  2.04866   1.71992
  1.30027  0.938613
  2.96268    2.4306
   1.5528   2.98612
 0.485501   1.37633
  2.84806  0.868505
  2.07115 0.00403137
 0.878652   2.12733
 0.973663  0.316512
 0.675019    1.0641
  2.19725  0.257872
  2.18163    1.0152
  1.52348   2.95714
  2.31059  0.906923
0.0568423   1.85176
 0.712009    2.8628
 0.826335    2.9596
  1.43444   1.13906
 0.518412   2.38173
  2.64092   0.36718
  1.78847  0.535945
  1.14997  0.480795
  2.35382    1.1423
  1.31164    2.7515
 0.184422   2.63933
 0.734814  0.250548
 0.175311   1.95327
  1.02922  0.980636
  2.64477  0.916739
  2.95945 0.00155232
  1.73009    2.3791
 0.148964   1.17969
  1.84171  0.952247
   2.5974   1.82975
 0.835076   2.58895
  2.10348   1.68197
  2.08616   1.54299
  1.99625   1.35888
   1.6884   1.76806
 0.868594  0.170753
  1.76677   2.28683
 0.325795  0.136885
  1.89961   1.02516
  1.29542   2.75134
  0.30585   1.42719
  2.83888   1.02843
  2.52407   1.36465
  1.74423  0.102968
   1.6584  0.875174
  2.50639   1.14507
  2.73789  0.409092
 0.877371  0.414888
 0.454768  0.485317
  2.62816  0.820931
  1.31023  0.544888
 0.720983  0.565466
  1.03766   2.36358
   1.4527   1.95005
 0.678887    2.2239
  1.51957   2.73948
  1.48087   1.26799
 0.738542   1.26126
   2.2745   1.10324
    2.454  0.374873
  1.10934    1.0357
  0.24711   1.75263
  2.34489  0.482255
  1.61532   2.83881
  1.44653   1.20522
  1.19572  0.233845
  2.27262   1.46571
  2.00579   1.21827
 0.579044   2.67717
 0.239728   1.75215
 0.406339   0.44909
 0.456139  0.117849
   2.3947 0.0877409
 0.789541   2.06066
  1.65867   1.78878
  1.36696  0.779582
 0.261026   1.77215
  2.88656   2.08538
  2.75871   1.31456
  1.82237   1.11752
  2.75547    1.8075
  1.52685   2.60717
  1.39452   2.84997
    1.403   2.70748
   1.0863  0.164781
  1.00394  0.265761
  2.78462  0.977501
  1.01273   1.82406
  1.30028  0.313215
 0.499708   1.01264
  2.31634   2.65571
  2.49215   1.38337
 0.842827   1.55132
  2.79831   2.60942
   1.3974  0.189919
  0.68194  0.178325
  2.64553  0.809343
  0.41193   2.03947
 0.684585   2.44761
  2.05837  0.755193
 0.379126   0.74797
  2.12359   2.76036
 0.944309  0.931112
  2.96426  0.608468
  2.60098   2.75504
  2.23979  0.741178
 0.489693  0.101116
  1.01977   1.44927
  1.16282  0.576324
 0.554628    1.8074
 0.286965  0.125187
  1.84795   2.86102
  1.15147   1.46183
  1.41056   1.31564
 0.391799   2.44832
 0.273064   1.81046
0.0948327   2.72229
  2.72347  0.148399
 0.268197  0.261656
  1.00724   1.56507
  2.73873   1.54997
  2.22991   2.04955
  2.28236   2.03327
  2.39546   2.99131
 0.230513   1.13976
  0.24329  0.964411
  2.56174  0.627629
  1.34874  0.727691
 0.219593   1.23676
  1.14327   1.07121
 0.784175   1.98105
  2.94821   1.66993
  2.68596   1.13271
0.0978474   1.44074
  2.32318  0.228572
  1.26106   1.75939
  2.23392  0.930156
  1.28245  0.802813
  2.10585   1.24627
  2.75622   2.23279
  1.72589  0.371433
  1.46261   1.48333
  2.88054   2.45771
  2.66816   1.62225
 0.213252   1.27927
  1.55377   2.56233
  1.86595   1.71368
 0.724798   2.06435
 0.311961   1.27443
 0.247958   1.56036
  1.46966  0.270094
 0.235179 0.0399055
  1.44476   2.94414
  1.40127  0.658152
 0.315067  0.889387
 0.318303   1.49055
 0.389528   1.40483
  1.52274   2.76598
  0.98327   1.13021
  2.92842   2.66688
 0.489298   2.37171
  2.11749  0.157778
   1.4017   1.47242
0.000905386   1.35027
  1.72796   1.02792
  2.72029   1.24309
  2.82998  0.922014
  1.54342  0.131579
  2.19991   2.92328
  2.53316  0.749952
  1.12822   2.65486
  2.18534   1.51956
  0.76022   2.16399
  2.34138  0.184078
  1.78038   2.92976
  1.69499   1.35652
 0.564627    2.2123
  2.36086   2.03264
  1.18462   1.61822
 0.692612   1.28326
 0.685262   2.93335
  2.85434  0.198002
  1.22351   2.95853
  2.18909  0.813398
  2.59485    2.8515
  1.98794  0.444805
  0.57163   1.54253
   1.2008   1.71707
  1.27305   1.91271
  2.76784   1.76211
  1.23847  0.909857
  1.03569   1.18128
 0.748949   2.58626
 0.916922   2.90945
  2.09409  0.752795
 0.277772   2.18095
  2.12029  0.678212
  2.20437   1.87949
  1.16097    2.8704
   2.5126    2.8272
  1.08446   1.99844
 0.444536   1.48994
  1.35988   2.83352
   2.7126   1.18847
  2.10813   2.72102
  2.30701  0.755334
  1.38986   2.66464
  2.67741   2.16401
 0.905308   2.76325
  1.07036   1.88847
  2.49592   1.06789
  1.73646 0.0414107
  2.12304   1.15708
  2.36295   1.89803
 0.538148   2.65527
  1.05451  0.977425
  2.98174  0.309659
  1.99387  0.482335
  1.92011  0.698305
  2.80658   1.50115
  0.50215   2.35968
  1.57066    2.6179
  0.82038   1.32436
0.0924582    2.8347
0.0424635    1.1263
  2.34249   2.52611
 0.158857  0.919175
 0.964136  0.895067
LINKS_SOURCE_DESTINATION_DISTANCE 1472
     0      1      1
     0      2      1
     0      3      1
     0      5      1
     0      8      1
     0      9      1
     0     11      1
     0     20      1
     0     25      1
     0    110      1
     0    289      1
     0    291      1
     1      0      1
     1      6      1
     1      7      1
     1      9      1
     1     11      1
     1     13      1
     1     23      1
     1     40      1
     1     63      1
     1    116      1
     1    136      1
     1    166      1
     1    169      1
     1    298      1
     2      0      1
     2      4      1
     2      5      1
     2      6      1
     2      7      1
     2     38      1
     2     47      1
     2     53      1
     2     58      1
     2    138      1
     2    152      1
     3      0      1
     3      4      1
     3      5      1
     3      6      1
     3     10      1
     3     13      1
     3     17      1
     3     27      1
     3     30      1
     3     43      1
     3    122      1
     3    134      1
     3    140      1
     3    267      1
     4      2      1
     4      3      1
     4     12      1
     4     22      1
     4     38      1
     4     58      1
     4    159      1
     4    206      1
     4    219      1
     4    234      1
     4    258      1
     5      3      1
     5      2      1
     5      0      1
     5      8      1
     5     12      1
     5     24      1
     5     36      1
     5     50      1
     5     53      1
     5     69      1
     5    105      1
     5    117      1
     5    123      1
     5    143      1
     5    279      1
     6      1      1
     6      2      1
     6      3      1
     6      7      1
     6      9      1
     6     10      1
     6     12      1
     6     14      1
     6     15      1
     6     18      1
     6     22      1
     6     23      1
     6     25      1
     6     31      1
     6     32      1
     6     69      1
     6     97      1
     6    100      1
     6    150      1
     6    238      1
     6    242      1
     6    263      1
     7      6      1
     7      2      1
     7      1      1
     7      8      1
     7     19      1
     7     20      1
     7     24      1
     7     35      1
     7     49      1
     7     71      1
     7     73      1
     7    124      1
     7    149      1
     8      5      1
     8      7      1
     8      0      1
     8     62      1
     8     70      1
     8    293      1
     9      6      1
     9      0      1
     9      1      1
     9     10      1
     9     16      1
     9     17      1
     9     27      1
     9     29      1
     9     30      1
     9     36      1
     9     64      1
    10      9      1
    10      6      1
    10      3      1
    10     11      1
    10     14      1
    10     19      1
    10     21      1
    10     37      1
    10     46      1
    10     54      1
    10     61      1
    10     78      1
    10    170      1
    10    246      1
    10    293      1
    11     10      1
    11      0      1
    11      1      1
    11     13      1
    11     34      1
    11     40      1
    11     42      1
    11     45      1
    11     94      1
    11    125      1
    11    169      1
    11    204      1
    12      5      1
    12      6      1
    12      4      1
    12     15      1
    12     18      1
    12     21      1
    12     29      1
    12     39      1
    12    133      1
    13      3      1
    13      1      1
    13     11      1
    13     14      1
    13     16      1
    13     33      1
    13     53      1
    13    100      1
    14      6      1
    14     10      1
    14     13      1
    14     35      1
    14    110      1
    14    155      1
    14    219      1
    15      6      1
    15     12      1
    15     77      1
    15     92      1
    15     99      1
    15    146      1
    15    260      1
    15    270      1
    16      9      1
    16     13      1
    16     25      1
    16     31      1
    16     98      1
    16    139      1
    16    160      1
    16    242      1
    17      3      1
    17      9      1
    17     18      1
    17     26      1
    17     28      1
    17     30      1
    17     35      1
    17     48      1
    17    111      1
    17    131      1
    17    141      1
    17    199      1
    17    270      1
    18      6      1
    18     12      1
    18     17      1
    18     34      1
    18     73      1
    18     81      1
    18    114      1
    18    247      1
    19     10      1
    19      7      1
    19     76      1
    19     97      1
    19    128      1
    19    151      1
    19    206      1
    19    236      1
    19    254      1
    20      7      1
    20      0      1
    20     44      1
    20     46      1
    20     61      1
    20     68      1
    20     77      1
    20    109      1
    20    197      1
    20    253      1
    21     10      1
    21     12      1
    21     28      1
    21     32      1
    21     41      1
    21     45      1
    21    126      1
    21    266      1
    21    268      1
    22      6      1
    22      4      1
    22     26      1
    22     37      1
    22     44      1
    22     55      1
    22    141      1
    22    171      1
    22    201      1
    22    213      1
    23      1      1
    23      6      1
    23     24      1
    23     42      1
    23     51      1
    23     52      1
    23     74      1
    23    118      1
    23    212      1
    24      7      1
    24     23      1
    24      5      1
    24     59      1
    24    148      1
    24    183      1
    24    252      1
    25     16      1
    25      6      1
    25      0      1
    25     29      1
    25     85      1
    25    100      1
    25    166      1
    25    179      1
    25    199      1
    25    215      1
    26     17      1
    26     22      1
    26     33      1
    26     39      1
    26     41      1
    26     65      1
    26     66      1
    26     77      1
    26    140      1
    26    234      1
    27      3      1
    27      9      1
    27     79      1
    27     99      1
    27    106      1
    27    126      1
    28     21      1
    28     17      1
    28     72      1
    28    112      1
    28    115      1
    28    296      1
    29     25      1
    29      9      1
    29     12      1
    29     60      1
    29     80      1
    29    193      1
    29    210      1
    30      3      1
    30     17      1
    30      9      1
    30     51      1
    30     98      1
    30    152      1
    30    158      1
    30    200      1
    30    231      1
    30    283      1
    31     16      1
    31      6      1
    31     32      1
    31     56      1
    31     67      1
    31     84      1
    31    134      1
    31    167      1
    31    217      1
    31    263      1
    31    270      1
    32      6      1
    32     21      1
    32     31      1
    33     13      1
    33     26      1
    33     36      1
    33     41      1
    33     44      1
    33     48      1
    33    145      1
    33    171      1
    34     11      1
    34     18      1
    34     49      1
    34     54      1
    34     55      1
    34     60      1
    34     63      1
    34     76      1
    34    102      1
    34    248      1
    35     17      1
    35      7      1
    35     14      1
    35     43      1
    35     47      1
    35    108      1
    35    114      1
    35    138      1
    35    145      1
    36     33      1
    36      5      1
    36      9      1
    36     37      1
    36     57      1
    36     82      1
    36     85      1
    36    209      1
    36    273      1
    36    283      1
    37     36      1
    37     22      1
    37     10      1
    37     50      1
    37     52      1
    38      2      1
    38      4      1
    38     39      1
    38    132      1
    38    164      1
    38    274      1
    39     12      1
    39     38      1
    39     26      1
    39     66      1
    39     96      1
    40      1      1
    40     11      1
    40    137      1
    40    185      1
    41     26      1
    41     33      1
    41     21      1
    41     86      1
    41    139      1
    41    158      1
    42     23      1
    42     11      1
    42     65      1
    42    142      1
    42    172      1
    42    203      1
    43     35      1
    43      3      1
    43     60      1
    43     72      1
    43     83      1
    43     85      1
    43    161      1
    43    195      1
    43    289      1
    44     22      1
    44     33      1
    44     20      1
    44     73      1
    44    104      1
    45     21      1
    45     11      1
    45     56      1
    45     82      1
    45    181      1
    45    187      1
    46     20      1
    46     10      1
    46     52      1
    46    189      1
    47      2      1
    47     35      1
    47     64      1
    47     67      1
    47     68      1
    47     76      1
    47     80      1
    47     81      1
    47     83      1
    47     87      1
    47     90      1
    47     95      1
    47    203      1
    47    230      1
    48     33      1
    48     17      1
    48    107      1
    48    160      1
    48    188      1
    48    216      1
    48    274      1
    49      7      1
    49     34      1
    49     71      1
    49    184      1
    49    247      1
    49    260      1
    50     37      1
    50      5      1
    50     55      1
    50     59      1
    50    156      1
    50    190      1
    50    262      1
    51     23      1
    51     30      1
    51     56      1
    51     86      1
    51    118      1
    51    121      1
    51    137      1
    51    156      1
    52     46      1
    52     23      1
    52     37      1
    52     71      1
    52    120      1
    52    272      1
    53      2      1
    53      5      1
    53     13      1
    53     94      1
    53     95      1
    53    132      1
    53    153      1
    54     34      1
    54     10      1
    54     57      1
    54     75      1
    54     89      1
    55     34      1
    55     22      1
    55     50      1
    55     65      1
    55    105      1
    56     31      1
    56     51      1
    56     45      1
    56     62      1
    56     78      1
    56     79      1
    56    105      1
    56    116      1
    56    140      1
    56    198      1
    57     54      1
    57     36      1
    57     82      1
    57    101      1
    57    104      1
    58      2      1
    58      4      1
    58     66      1
    58    103      1
    58    120      1
    58    136      1
    59     24      1
    59     50      1
    59    102      1
    59    148      1
    59    296      1
    60     43      1
    60     29      1
    60     34      1
    60     74      1
    60     97      1
    60    112      1
    60    180      1
    60    222      1
    61     20      1
    61     10      1
    61     68      1
    61     84      1
    61    108      1
    61    165      1
    61    200      1
    62     56      1
    62      8      1
    62     69      1
    62     75      1
    62     79      1
    62    204      1
    62    259      1
    63      1      1
    63     34      1
    63    126      1
    63    208      1
    64      9      1
    64     47      1
    64     88      1
    64     93      1
    64    122      1
    64    155      1
    64    196      1
    64    253      1
    65     42      1
    65     55      1
    65     26      1
    65     88      1
    65     91      1
    65    127      1
    65    157      1
    65    224      1
    65    237      1
    65    250      1
    66     39      1
    66     26      1
    66     58      1
    66     96      1
    66    226      1
    67     47      1
    67     31      1
    67     70      1
    67    121      1
    67    261      1
    68     20      1
    68     61      1
    68     47      1
    68     87      1
    68     92      1
    68    147      1
    68    227      1
    68    276      1
    68    294      1
    69      6      1
    69      5      1
    69     62      1
    69    114      1
    69    138      1
    69    157      1
    69    240      1
    69    241      1
    69    264      1
    70      8      1
    70     67      1
    70    113      1
    70    125      1
    70    181      1
    70    294      1
    71     49      1
    71      7      1
    71     52      1
    71     90      1
    71     91      1
    71    162      1
    71    297      1
    72     43      1
    72     28      1
    72    194      1
    72    213      1
    73     18      1
    73      7      1
    73     44      1
    73    161      1
    73    205      1
    73    219      1
    73    254      1
    74     23      1
    74     60      1
    74    103      1
    74    106      1
    74    112      1
    74    163      1
    74    168      1
    74    289      1
    75     54      1
    75     62      1
    75     80      1
    75     98      1
    75    128      1
    75    186      1
    75    227      1
    76     19      1
    76     34      1
    76     47      1
    76     87      1
    77     20      1
    77     15      1
    77     26      1
    77    101      1
    77    239      1
    78     56      1
    78     10      1
    78     84      1
    78    150      1
    78    285      1
    79     27      1
    79     62      1
    79     56      1
    79     94      1
    79    106      1
    79    150      1
    79    153      1
    79    164      1
    79    203      1
    79    255      1
    79    288      1
    80     47      1
    80     29      1
    80     75      1
    80    119      1
    80    124      1
    80    291      1
    81     18      1
    81     47      1
    81    142      1
    81    163      1
    81    174      1
    82     45      1
    82     36      1
    82     57      1
    82     89      1
    82    115      1
    82    233      1
    83     47      1
    83     43      1
    83    123      1
    83    174      1
    83    181      1
    83    221      1
    84     31      1
    84     61      1
    84     78      1
    84     89      1
    84     99      1
    84    130      1
    84    201      1
    84    262      1
    85     36      1
    85     25      1
    85     43      1
    85     93      1
    85    108      1
    85    127      1
    86     41      1
    86     51      1
    87     76      1
    87     47      1
    87     68      1
    87    109      1
    87    172      1
    87    189      1
    87    211      1
    87    231      1
    87    258      1
    88     64      1
    88     65      1
    88    135      1
    88    204      1
    89     84      1
    89     54      1
    89     82      1
    89    103      1
    89    142      1
    89    224      1
    89    266      1
    89    268      1
    90     47      1
    90     71      1
    90    259      1
    91     71      1
    91     65      1
    91    144      1
    91    156      1
    91    182      1
    91    195      1
    92     15      1
    92     68      1
    92    209      1
    92    226      1
    93     85      1
    93     64      1
    93    152      1
    93    197      1
    94     53      1
    94     11      1
    94     79      1
    94    107      1
    94    113      1
    94    131      1
    94    233      1
    95     53      1
    95     47      1
    95    133      1
    96     66      1
    96     39      1
    96    111      1
    96    149      1
    96    222      1
    96    247      1
    97     19      1
    97      6      1
    97     60      1
    98     16      1
    98     30      1
    98     75      1
    98    129      1
    98    254      1
    99     15      1
    99     27      1
    99     84      1
    99    127      1
   100      6      1
   100     13      1
   100     25      1
   100    118      1
   100    210      1
   101     57      1
   101     77      1
   101    146      1
   101    147      1
   101    201      1
   101    222      1
   101    230      1
   102     59      1
   102     34      1
   102    130      1
   102    178      1
   102    200      1
   103     58      1
   103     74      1
   103     89      1
   103    124      1
   103    134      1
   103    151      1
   103    155      1
   103    295      1
   104     57      1
   104     44      1
   104    143      1
   104    236      1
   105      5      1
   105     55      1
   105     56      1
   106     74      1
   106     79      1
   106     27      1
   106    135      1
   106    144      1
   106    159      1
   106    252      1
   106    264      1
   106    290      1
   107     48      1
   107     94      1
   107    179      1
   107    184      1
   107    218      1
   108     35      1
   108     61      1
   108     85      1
   108    165      1
   108    235      1
   108    299      1
   109     20      1
   109     87      1
   109    264      1
   110     14      1
   110      0      1
   110    232      1
   111     96      1
   111     17      1
   111    122      1
   111    175      1
   112     74      1
   112     60      1
   112     28      1
   112    154      1
   112    225      1
   113     94      1
   113     70      1
   113    123      1
   113    157      1
   113    173      1
   113    188      1
   114     69      1
   114     35      1
   114     18      1
   115     82      1
   115     28      1
   115    117      1
   115    125      1
   115    136      1
   115    171      1
   115    197      1
   116      1      1
   116     56      1
   116    162      1
   116    191      1
   116    280      1
   117      5      1
   117    115      1
   117    159      1
   117    191      1
   117    208      1
   117    244      1
   117    292      1
   118     51      1
   118    100      1
   118     23      1
   118    119      1
   118    120      1
   118    130      1
   119     80      1
   119    118      1
   119    237      1
   120     58      1
   120    118      1
   120     52      1
   120    177      1
   121     67      1
   121     51      1
   121    141      1
   121    168      1
   121    267      1
   121    285      1
   122     64      1
   122      3      1
   122    111      1
   122    192      1
   123     83      1
   123    113      1
   123      5      1
   123    148      1
   123    194      1
   123    223      1
   124      7      1
   124    103      1
   124     80      1
   124    287      1
   125     70      1
   125     11      1
   125    115      1
   125    173      1
   126     21      1
   126     63      1
   126     27      1
   126    129      1
   127     99      1
   127     85      1
   127     65      1
   127    211      1
   127    224      1
   127    228      1
   127    298      1
   128     75      1
   128     19      1
   128    202      1
   129    126      1
   129     98      1
   129    168      1
   130    102      1
   130    118      1
   130     84      1
   130    154      1
   131     94      1
   131     17      1
   131    147      1
   132     53      1
   132     38      1
   132    149      1
   133     12      1
   133     95      1
   133    151      1
   133    164      1
   134      3      1
   134     31      1
   134    103      1
   134    145      1
   134    185      1
   134    261      1
   135    106      1
   135     88      1
   135    257      1
   136    115      1
   136      1      1
   136     58      1
   136    174      1
   136    182      1
   136    202      1
   136    245      1
   137     40      1
   137     51      1
   137    241      1
   137    245      1
   137    269      1
   138      2      1
   138     69      1
   138     35      1
   138    225      1
   139     41      1
   139     16      1
   140     56      1
   140     26      1
   140      3      1
   140    205      1
   141    121      1
   141     17      1
   141     22      1
   142     89      1
   142     81      1
   142     42      1
   142    176      1
   142    182      1
   142    220      1
   142    243      1
   143    104      1
   143      5      1
   143    250      1
   144     91      1
   144    106      1
   145    134      1
   145     33      1
   145     35      1
   145    207      1
   145    239      1
   145    277      1
   145    288      1
   145    290      1
   146    101      1
   146     15      1
   147    131      1
   147     68      1
   147    101      1
   147    175      1
   147    190      1
   147    284      1
   148     24      1
   148     59      1
   148    123      1
   148    176      1
   148    209      1
   148    215      1
   148    256      1
   149      7      1
   149    132      1
   149     96      1
   149    190      1
   149    265      1
   150     79      1
   150     78      1
   150      6      1
   150    170      1
   150    248      1
   151     19      1
   151    133      1
   151    103      1
   151    220      1
   152      2      1
   152     93      1
   152     30      1
   153     79      1
   153     53      1
   153    218      1
   153    281      1
   154    112      1
   154    130      1
   155    103      1
   155     14      1
   155     64      1
   155    216      1
   155    221      1
   156     91      1
   156     51      1
   156     50      1
   157     65      1
   157     69      1
   157    113      1
   157    186      1
   157    271      1
   158     30      1
   158     41      1
   158    214      1
   159      4      1
   159    106      1
   159    117      1
   159    160      1
   160     16      1
   160     48      1
   160    159      1
   160    178      1
   160    179      1
   160    273      1
   160    286      1
   161     73      1
   161     43      1
   161    167      1
   161    188      1
   162    116      1
   162     71      1
   163     81      1
   163     74      1
   163    169      1
   163    238      1
   164     38      1
   164     79      1
   164    133      1
   165    108      1
   165     61      1
   166     25      1
   166      1      1
   166    187      1
   166    207      1
   166    229      1
   167     31      1
   167    161      1
   167    180      1
   167    283      1
   168    129      1
   168    121      1
   168     74      1
   168    282      1
   169     11      1
   169    163      1
   169      1      1
   170     10      1
   170    150      1
   170    273      1
   171    115      1
   171     33      1
   171     22      1
   171    177      1
   172     87      1
   172     42      1
   172    178      1
   173    125      1
   173    113      1
   174     81      1
   174    136      1
   174     83      1
   175    147      1
   175    111      1
   175    192      1
   175    193      1
   175    255      1
   176    148      1
   176    142      1
   177    171      1
   177    120      1
   177    250      1
   177    271      1
   178    102      1
   178    172      1
   178    160      1
   178    207      1
   178    223      1
   178    261      1
   179    160      1
   179     25      1
   179    107      1
   179    183      1
   179    284      1
   179    292      1
   180     60      1
   180    167      1
   180    256      1
   181     70      1
   181     83      1
   181     45      1
   181    282      1
   182     91      1
   182    136      1
   182    142      1
   183    179      1
   183     24      1
   183    217      1
   184    107      1
   184     49      1
   184    189      1
   184    223      1
   184    227      1
   184    242      1
   185     40      1
   185    134      1
   185    269      1
   186     75      1
   186    157      1
   186    214      1
   187     45      1
   187    166      1
   187    202      1
   187    221      1
   187    228      1
   188     48      1
   188    113      1
   188    161      1
   188    193      1
   188    272      1
   189     46      1
   189    184      1
   189     87      1
   189    228      1
   189    235      1
   190    149      1
   190     50      1
   190    147      1
   190    249      1
   190    268      1
   191    117      1
   191    116      1
   191    225      1
   192    122      1
   192    175      1
   193    175      1
   193    188      1
   193     29      1
   193    246      1
   194    123      1
   194     72      1
   194    196      1
   194    199      1
   194    212      1
   194    276      1
   195     43      1
   195     91      1
   196    194      1
   196     64      1
   196    293      1
   197    115      1
   197     20      1
   197     93      1
   197    198      1
   198    197      1
   198     56      1
   198    253      1
   199     25      1
   199     17      1
   199    194      1
   199    232      1
   200    102      1
   200     61      1
   200     30      1
   200    244      1
   200    278      1
   201     22      1
   201    101      1
   201     84      1
   201    213      1
   201    240      1
   202    187      1
   202    128      1
   202    136      1
   202    229      1
   203     42      1
   203     79      1
   203     47      1
   204     11      1
   204     88      1
   204     62      1
   205     73      1
   205    140      1
   205    214      1
   206     19      1
   206      4      1
   207    178      1
   207    145      1
   207    166      1
   208     63      1
   208    117      1
   208    257      1
   209     36      1
   209     92      1
   209    148      1
   209    220      1
   210     29      1
   210    100      1
   210    275      1
   211     87      1
   211    127      1
   211    295      1
   212     23      1
   212    194      1
   212    239      1
   213     72      1
   213    201      1
   213     22      1
   213    232      1
   214    158      1
   214    186      1
   214    205      1
   214    267      1
   215     25      1
   215    148      1
   215    258      1
   216     48      1
   216    155      1
   217    183      1
   217     31      1
   217    251      1
   218    153      1
   218    107      1
   218    243      1
   218    269      1
   219     14      1
   219      4      1
   219     73      1
   220    151      1
   220    209      1
   220    142      1
   220    233      1
   221    155      1
   221    187      1
   221     83      1
   222     96      1
   222    101      1
   222     60      1
   223    123      1
   223    184      1
   223    178      1
   224    127      1
   224     89      1
   224     65      1
   225    138      1
   225    191      1
   225    112      1
   225    297      1
   226     66      1
   226     92      1
   227     68      1
   227    184      1
   227     75      1
   228    189      1
   228    127      1
   228    187      1
   229    166      1
   229    202      1
   230     47      1
   230    101      1
   230    236      1
   230    265      1
   231     30      1
   231     87      1
   231    251      1
   231    274      1
   232    199      1
   232    213      1
   232    110      1
   232    249      1
   233     82      1
   233     94      1
   233    220      1
   234      4      1
   234     26      1
   234    257      1
   235    108      1
   235    189      1
   236    104      1
   236     19      1
   236    230      1
   237    119      1
   237     65      1
   238      6      1
   238    163      1
   239    212      1
   239    145      1
   239     77      1
   240    201      1
   240     69      1
   241    137      1
   241     69      1
   242     16      1
   242      6      1
   242    184      1
   243    218      1
   243    142      1
   243    256      1
   244    117      1
   244    200      1
   244    288      1
   245    137      1
   245    136      1
   246    193      1
   246     10      1
   247     49      1
   247     18      1
   247     96      1
   248    150      1
   248     34      1
   249    232      1
   249    190      1
   249    278      1
   249    287      1
   250    177      1
   250     65      1
   250    143      1
   251    217      1
   251    231      1
   252     24      1
   252    106      1
   253    198      1
   253     64      1
   253     20      1
   253    278      1
   254     73      1
   254     98      1
   254     19      1
   255    175      1
   255     79      1
   255    280      1
   256    180      1
   256    148      1
   256    243      1
   256    263      1
   257    208      1
   257    135      1
   257    234      1
   258     87      1
   258    215      1
   258      4      1
   259     90      1
   259     62      1
   260     15      1
   260     49      1
   261    178      1
   261    134      1
   261     67      1
   262     84      1
   262     50      1
   263    256      1
   263      6      1
   263     31      1
   264    109      1
   264    106      1
   264     69      1
   264    277      1
   265    230      1
   265    149      1
   266     89      1
   266     21      1
   266    279      1
   266    299      1
   267    121      1
   267    214      1
   267      3      1
   268    190      1
   268     21      1
   268     89      1
   268    281      1
   269    137      1
   269    185      1
   269    218      1
   269    275      1
   270     17      1
   270     31      1
   270     15      1
   270    271      1
   271    270      1
   271    177      1
   271    157      1
   272    188      1
   272     52      1
   272    297      1
   273     36      1
   273    170      1
   273    160      1
   274     48      1
   274     38      1
   274    231      1
   274    286      1
   275    269      1
   275    210      1
   276     68      1
   276    194      1
   277    264      1
   277    145      1
   278    200      1
   278    249      1
   278    253      1
   279    266      1
   279      5      1
   280    116      1
   280    255      1
   281    153      1
   281    268      1
   282    181      1
   282    168      1
   283    167      1
   283     30      1
   283     36      1
   284    179      1
   284    147      1
   285     78      1
   285    121      1
   286    274      1
   286    160      1
   287    124      1
   287    249      1
   288     79      1
   288    244      1
   288    145      1
   289     74      1
   289     43      1
   289      0      1
   290    145      1
   290    106      1
   291     80      1
   291      0      1
   292    117      1
   292    179      1
   293    196      1
   293     10      1
   293      8      1
   294     70      1
   294     68      1
   295    211      1
   295    103      1
   296     28      1
   296     59      1
   297    225      1
   297    272      1
   297     71      1
   298    127      1
   298      1      1
   299    266      1
   299    108      1
