COORD_X_Y 100
  1.25689   2.38799
  2.67314   2.05622
 0.860296   2.03575
  1.27572  0.205424
 0.198945   2.46882
 0.439338   1.33529
 0.248125  0.798683
  1.03263   2.06666
  1.24324   2.81489
  1.39553   2.93929
 0.672178   1.07797
  2.14382   0.99966
   2.7242   1.78015
 0.914522   2.25381
   1.7575  0.109345
  1.01408   1.07964
  1.63065  0.173704
 0.765645   1.28202
  1.08804  0.385717
  2.64338   1.57462
  1.85385   1.53112
  2.47021  0.931024
  2.83742 0.0178355
  1.21637  0.108828
  0.99201   1.87322
  0.39553   1.19548
 0.515216   1.71542
 0.966573   1.52617
 0.644812    1.5888
  2.84223  0.342735
 0.560197   1.53114
  1.45805    2.6236
   1.9225  0.207712
  1.65205    2.8016
  1.98439   1.32586
  2.80707  0.771387
  2.90933    2.5669
  1.88002  0.431197
  2.27021   1.21679
  2.60231  0.178314
 0.337208   1.84285
 0.789217   1.15653
  1.16148  0.724562
  2.33442   2.42043
 0.856141  0.995299
  0.89697  0.176379
  1.38884   1.89544
  1.23356  0.515971
  1.45978   2.56002
0.00328197   1.02259
  2.19893   1.13331
 0.243106   2.77709
  2.54107   2.83541
  2.19889  0.605223
  2.40496   2.57888
 0.574408  0.209278
 0.453673  0.283175
  1.48585   1.62172
0.0529265   1.21813
 0.308776   0.39528
  2.76762    1.2879
 0.242477   2.55423
 0.393777   1.28595
  2.22795   1.00237
  2.26452   2.13858
 0.591312   1.43516
  1.51533   2.94027
  2.64851  0.673959
  2.56624   2.38263
  2.85497   2.45615
  1.06996  0.216935
 0.237321   2.97954
  1.50485  0.252221
 0.878417  0.740396
 0.340664   1.21786
  1.01622    1.4053
  2.85367  0.391178
  1.72478   2.95739
  1.58943   2.09266
  2.39363   1.32859
  2.19031   2.99464
  1.26819  0.462479
 0.415699   2.59803
  1.57215   2.01438
 0.791261   1.13447
 0.252885   2.31079
  2.26619   2.66906
 0.475641    2.5583
  1.57847   1.73468
  2.28797  0.455519
   1.8775   2.13559
  2.05688   2.87548
  2.55552   1.36419
 0.101812  0.650716
  2.07843   1.02783
  2.31743   1.22002
 0.139076   2.74256
  1.15186  0.130715
 0.251634   1.47901
  2.41626   1.15666
LINKS_SOURCE_DESTINATION_DISTANCE 488
     0      1      1
     0      2      1
     0      3      1
     0      9      1
     0     10      1
     0     11      1
     0     18      1
     0     20      1
     0     28      1
     0     32      1
     0     34      1
     0     46      1
     0     58      1
     1      0      1
     1      4      1
     1      5      1
     1      6      1
     1      8      1
     1      9      1
     1     26      1
     2      0      1
     2      4      1
     2      5      1
     2      6      1
     2      7      1
     2     12      1
     2     16      1
     2     23      1
     3      0      1
     3      4      1
     3      8      1
     3      9      1
     3     11      1
     3     17      1
     3     32      1
     3     35      1
     3     36      1
     3     69      1
     3     78      1
     4      1      1
     4      2      1
     4      3      1
     4      7      1
     4     22      1
     4     30      1
     4     38      1
     4     58      1
     4     97      1
     4     99      1
     5      1      1
     5      2      1
     5     14      1
     5     15      1
     6      2      1
     6      1      1
     6      7      1
     6     12      1
     6     13      1
     6     15      1
     6     38      1
     6     45      1
     7      6      1
     7      4      1
     7      2      1
     7     18      1
     7     19      1
     7     46      1
     8      1      1
     8      3      1
     8     18      1
     8     27      1
     8     31      1
     8     62      1
     8     74      1
     8     81      1
     9      1      1
     9      3      1
     9      0      1
     9     10      1
     9     17      1
     9     33      1
     9     43      1
     9     50      1
     9     61      1
     9     71      1
     9     79      1
    10      9      1
    10      0      1
    10     11      1
    10     14      1
    10     26      1
    10     27      1
    10     29      1
    10     45      1
    10     53      1
    10     63      1
    10     74      1
    11     10      1
    11      0      1
    11      3      1
    11     13      1
    11     21      1
    11     39      1
    11     47      1
    11     53      1
    12      6      1
    12      2      1
    12     19      1
    12     20      1
    12     65      1
    12     72      1
    12     77      1
    13     11      1
    13      6      1
    13     16      1
    13     19      1
    13     44      1
    13     50      1
    13     71      1
    14     10      1
    14      5      1
    14     15      1
    14     21      1
    14     52      1
    15      5      1
    15      6      1
    15     14      1
    15     43      1
    16     13      1
    16      2      1
    16     37      1
    16     75      1
    17      3      1
    17      9      1
    17     22      1
    17     23      1
    17     48      1
    17     49      1
    17     51      1
    18      7      1
    18      8      1
    18      0      1
    18     64      1
    18     90      1
    19      7      1
    19     13      1
    19     12      1
    19     21      1
    19     22      1
    19     33      1
    19     55      1
    20      0      1
    20     12      1
    20     24      1
    20     56      1
    20     73      1
    21     19      1
    21     14      1
    21     11      1
    21     59      1
    22     17      1
    22      4      1
    22     19      1
    22     24      1
    22     25      1
    22     29      1
    22     30      1
    22     55      1
    23      2      1
    23     17      1
    23     28      1
    23     29      1
    23     44      1
    23     48      1
    23     83      1
    24     20      1
    24     22      1
    24     25      1
    24     31      1
    24     35      1
    24     69      1
    25     22      1
    25     24      1
    25     43      1
    25     46      1
    25     59      1
    26     10      1
    26      1      1
    26     27      1
    26     31      1
    26     40      1
    26     79      1
    26     95      1
    27     10      1
    27     26      1
    27      8      1
    27     28      1
    27     42      1
    27     57      1
    28      0      1
    28     27      1
    28     23      1
    28     34      1
    28     56      1
    28     67      1
    28     72      1
    29     22      1
    29     10      1
    29     23      1
    29     41      1
    29     52      1
    29     65      1
    29     70      1
    29     91      1
    30     22      1
    30      4      1
    30     36      1
    30     49      1
    31     26      1
    31     24      1
    31      8      1
    31     39      1
    31     40      1
    31     49      1
    32      3      1
    32      0      1
    32     39      1
    32     41      1
    32     48      1
    32     51      1
    32     68      1
    32     73      1
    33      9      1
    33     19      1
    33     42      1
    33     70      1
    34     28      1
    34      0      1
    35     24      1
    35      3      1
    35     37      1
    35     38      1
    35     59      1
    35     64      1
    35     69      1
    35     85      1
    35     90      1
    35     92      1
    36     30      1
    36      3      1
    36     37      1
    36     44      1
    37     16      1
    37     36      1
    37     35      1
    37     40      1
    37     54      1
    37     60      1
    37     71      1
    38      6      1
    38     35      1
    38      4      1
    38     81      1
    38     95      1
    39     32      1
    39     11      1
    39     31      1
    39     63      1
    39     76      1
    40     37      1
    40     31      1
    40     26      1
    40     53      1
    41     32      1
    41     29      1
    41     54      1
    41     63      1
    41     67      1
    41     86      1
    41     92      1
    42     27      1
    42     33      1
    42     50      1
    42     80      1
    43     25      1
    43     15      1
    43      9      1
    43     47      1
    43     60      1
    44     13      1
    44     36      1
    44     23      1
    45     10      1
    45      6      1
    45     81      1
    46      0      1
    46     25      1
    46      7      1
    46     72      1
    47     11      1
    47     43      1
    47     57      1
    47     64      1
    48     17      1
    48     32      1
    48     23      1
    48     97      1
    49     17      1
    49     30      1
    49     31      1
    49     84      1
    50      9      1
    50     13      1
    50     42      1
    50     52      1
    50     74      1
    51     32      1
    51     17      1
    51     54      1
    51     61      1
    52     29      1
    52     14      1
    52     50      1
    52     57      1
    52     70      1
    53     10      1
    53     40      1
    53     11      1
    53     68      1
    53     83      1
    54     37      1
    54     41      1
    54     51      1
    55     22      1
    55     19      1
    55     60      1
    55     76      1
    56     20      1
    56     28      1
    57     47      1
    57     27      1
    57     52      1
    57     73      1
    57     79      1
    57     82      1
    57     90      1
    58      0      1
    58      4      1
    58     62      1
    58     67      1
    58     77      1
    58     82      1
    58     86      1
    58     93      1
    59     21      1
    59     35      1
    59     25      1
    59     66      1
    60     43      1
    60     37      1
    60     55      1
    60     65      1
    60     66      1
    61      9      1
    61     51      1
    61     75      1
    61     78      1
    62      8      1
    62     58      1
    62     88      1
    63     10      1
    63     39      1
    63     41      1
    63     91      1
    63     99      1
    64     47      1
    64     18      1
    64     35      1
    65     12      1
    65     60      1
    65     29      1
    66     59      1
    66     60      1
    67     41      1
    67     58      1
    67     28      1
    67     83      1
    68     53      1
    68     32      1
    68     75      1
    68     88      1
    69      3      1
    69     35      1
    69     24      1
    69     96      1
    70     29      1
    70     33      1
    70     52      1
    70     78      1
    70     89      1
    70     93      1
    71      9      1
    71     37      1
    71     13      1
    72     12      1
    72     28      1
    72     46      1
    72     89      1
    73     57      1
    73     32      1
    73     20      1
    74      8      1
    74     10      1
    74     50      1
    74     94      1
    75     61      1
    75     68      1
    75     16      1
    75     85      1
    75     87      1
    76     39      1
    76     55      1
    77     12      1
    77     58      1
    78     70      1
    78      3      1
    78     61      1
    79      9      1
    79     26      1
    79     57      1
    79     80      1
    79     88      1
    80     79      1
    80     42      1
    80     98      1
    81      8      1
    81     45      1
    81     38      1
    82     58      1
    82     57      1
    82     84      1
    83     67      1
    83     53      1
    83     23      1
    84     82      1
    84     49      1
    84     92      1
    84     94      1
    85     35      1
    85     75      1
    85     87      1
    86     41      1
    86     58      1
    86     96      1
    87     85      1
    87     75      1
    88     79      1
    88     62      1
    88     68      1
    88     94      1
    89     72      1
    89     70      1
    90     18      1
    90     57      1
    90     35      1
    90     93      1
    91     29      1
    91     63      1
    92     35      1
    92     84      1
    92     41      1
    92     98      1
    93     70      1
    93     58      1
    93     90      1
    94     74      1
    94     84      1
    94     88      1
    95     26      1
    95     38      1
    96     86      1
    96     69      1
    97      4      1
    97     48      1
    98     92      1
    98     80      1
    99     63      1
    99      4      1
