COORD_X_Y 100
  1.84019    1.7831
  1.91165  0.335223
  1.27777    1.4774
  1.36478   1.95223
 0.635712    1.1416
   2.0163  0.137232
  2.15668   1.12979
  1.99892  0.512932
  0.61264  0.637552
  1.49358   1.29252
 0.526745   2.40023
  1.28331   2.80772
0.0697553     1.526
  2.19221  0.890233
  2.06417    1.4577
  0.23828  0.902208
  2.26667  0.375207
  2.51254  0.531606
 0.437638   0.93081
  2.28429   2.63998
 0.687861    2.4401
 0.829201   2.22897
  1.35036  0.956468
 0.657304   1.43956
 0.398437   2.68422
  1.48249   1.95025
  0.14766   2.64108
 0.619596     2.786
  2.44703   1.18753
  2.55644   2.16961
 0.103171   1.49544
  2.98475   2.68445
  1.74977   1.29416
 0.584489   2.15239
  2.12547    2.1641
0.0745298   2.05253
  2.17621  0.797798
  2.65656  0.639458
  2.09348   1.52021
0.0699064   2.46142
  1.57332   2.05194
  2.99999   1.88996
   1.9978   1.87054
  2.00416  0.593892
  1.16313   1.91303
   2.3591   1.57943
  2.68739   1.53081
   1.3043   1.57697
  1.74781   2.03542
 0.833239  0.873271
  1.97943   1.90337
  2.66688   1.16397
  1.88895  0.649707
  0.62948   0.70062
 0.328777   2.07416
  2.22366   2.51069
 0.280042   2.71927
  1.47148   2.94432
  2.33635  0.434513
  1.34494   2.83324
 0.675476  0.481936
  2.71209   1.62182
  1.41398   1.67394
 0.347116   2.60911
  2.73073  0.740438
  2.92091   1.65313
  2.53244  0.260497
  2.68612  0.111276
  2.57669   1.66656
  2.77577   2.32964
  1.98436   2.82739
 0.188201   2.95864
  1.76487  0.121143
 0.383832   1.94305
  2.86192  0.793657
  2.29729  0.909643
  1.49814  0.162757
 0.864579   2.46366
  1.49598  0.180421
  2.72755   2.60311
 0.838134  0.178208
  1.49853   1.13824
  2.32481   1.90848
  2.83683  0.496074
  2.39433   1.60888
  1.15123   2.10785
   1.3636   2.33139
 0.427328   2.58357
 0.658747   1.48743
  2.88304   2.51771
  2.55756   2.82994
 0.244327   1.72936
  1.98484   1.89756
  2.41079   2.78328
  1.29368   1.86553
  1.04916   1.98647
  1.21088   1.86518
  2.09956  0.301763
   1.8091   2.05151
  1.45772  0.692076
LINKS_SOURCE_DESTINATION_DISTANCE 492
     0      1      1
     0      4      1
     0      6      1
     0      7      1
     0     19      1
     0     28      1
     0     29      1
     0     35      1
     0     40      1
     0     76      1
     1      0      1
     1      2      1
     1      3      1
     1      5      1
     1      6      1
     1      8      1
     1      9      1
     1     11      1
     1     15      1
     1     16      1
     1     23      1
     1     41      1
     1     42      1
     1     53      1
     1     59      1
     1     78      1
     2      1      1
     2      4      1
     2      6      1
     2      7      1
     2      9      1
     2     10      1
     2     17      1
     2     18      1
     2     19      1
     2     23      1
     2     29      1
     2     56      1
     2     61      1
     2     75      1
     3      1      1
     3      5      1
     3      7      1
     3      9      1
     3     10      1
     3     49      1
     3     57      1
     3     64      1
     3     69      1
     3     83      1
     4      0      1
     4      2      1
     4     24      1
     4     48      1
     4     54      1
     4     55      1
     4     85      1
     5      1      1
     5      3      1
     5     13      1
     5     15      1
     5     50      1
     5     52      1
     5     58      1
     5     73      1
     5     80      1
     6      2      1
     6      1      1
     6      0      1
     6      8      1
     6     14      1
     6     16      1
     6     17      1
     6     36      1
     6     66      1
     7      3      1
     7      0      1
     7      2      1
     7     10      1
     7     12      1
     7     22      1
     7     98      1
     8      1      1
     8      6      1
     8     11      1
     8     14      1
     8     15      1
     8     17      1
     8     69      1
     8     71      1
     8     77      1
     8     80      1
     9      3      1
     9      2      1
     9      1      1
     9     12      1
     9     21      1
     9     22      1
     9     33      1
     9     45      1
     9     50      1
     9     54      1
     9     82      1
    10      3      1
    10      7      1
    10      2      1
    10     11      1
    10     13      1
    10     14      1
    10     23      1
    10     28      1
    10     32      1
    10     37      1
    10     40      1
    10     70      1
    10     86      1
    11      1      1
    11      8      1
    11     10      1
    11     20      1
    11     21      1
    11     24      1
    11     30      1
    11     51      1
    11     66      1
    12      7      1
    12      9      1
    12     18      1
    12     43      1
    12     89      1
    12     97      1
    13      5      1
    13     10      1
    13     25      1
    13     26      1
    13     58      1
    13     68      1
    14     10      1
    14      8      1
    14      6      1
    14     20      1
    14     22      1
    14     93      1
    15      8      1
    15      5      1
    15      1      1
    15     21      1
    15     27      1
    15     74      1
    16      6      1
    16      1      1
    16     31      1
    16     33      1
    16     65      1
    17      8      1
    17      2      1
    17      6      1
    17     18      1
    17     25      1
    17     28      1
    17     57      1
    18     12      1
    18      2      1
    18     17      1
    18     26      1
    18     54      1
    18     90      1
    19      0      1
    19      2      1
    19     20      1
    19     31      1
    19     41      1
    19     44      1
    19     46      1
    19     53      1
    19     69      1
    19     71      1
    19     75      1
    19     88      1
    19     92      1
    20     11      1
    20     14      1
    20     19      1
    20     26      1
    20     32      1
    20     45      1
    20     78      1
    20     90      1
    21     11      1
    21      9      1
    21     15      1
    21     27      1
    21     30      1
    21     32      1
    22      9      1
    22     14      1
    22      7      1
    22     36      1
    22     43      1
    22     48      1
    22     53      1
    22     60      1
    22     65      1
    23      2      1
    23      1      1
    23     10      1
    23     49      1
    23     86      1
    23     89      1
    24      4      1
    24     11      1
    24     25      1
    24     39      1
    25     24      1
    25     17      1
    25     13      1
    25     34      1
    25     56      1
    25     79      1
    25     81      1
    26     20      1
    26     13      1
    26     18      1
    26     62      1
    26     65      1
    26     77      1
    26     87      1
    27     15      1
    27     21      1
    27     30      1
    27     35      1
    28      0      1
    28     17      1
    28     10      1
    28     29      1
    28     34      1
    28     41      1
    28     61      1
    29      2      1
    29     28      1
    29      0      1
    29     44      1
    29     46      1
    29     59      1
    29     60      1
    29     78      1
    29     96      1
    30     27      1
    30     11      1
    30     21      1
    31     16      1
    31     19      1
    31     40      1
    31     73      1
    31     79      1
    31     94      1
    32     20      1
    32     21      1
    32     10      1
    32     38      1
    32     47      1
    32     58      1
    32     87      1
    33      9      1
    33     16      1
    33     37      1
    33     38      1
    33     63      1
    33     72      1
    33     79      1
    33     88      1
    33     89      1
    34     25      1
    34     28      1
    34     42      1
    34     60      1
    34     92      1
    35      0      1
    35     27      1
    35     49      1
    35     51      1
    35     71      1
    36     22      1
    36      6      1
    36     75      1
    37     33      1
    37     10      1
    37     67      1
    37     72      1
    37     91      1
    38     32      1
    38     33      1
    38     39      1
    38     61      1
    38     80      1
    38     99      1
    39     24      1
    39     38      1
    39     99      1
    40     10      1
    40      0      1
    40     31      1
    40     47      1
    40     97      1
    41      1      1
    41     19      1
    41     28      1
    41     63      1
    42     34      1
    42      1      1
    42     52      1
    42     62      1
    43     12      1
    43     22      1
    43     52      1
    43     63      1
    44     19      1
    44     29      1
    44     85      1
    45      9      1
    45     20      1
    45     98      1
    46     19      1
    46     29      1
    46     98      1
    47     40      1
    47     32      1
    47     74      1
    48     22      1
    48      4      1
    48     83      1
    49     23      1
    49      3      1
    49     35      1
    49     50      1
    49     55      1
    50     49      1
    50      5      1
    50      9      1
    51     35      1
    51     11      1
    51     77      1
    52     43      1
    52     42      1
    52      5      1
    52     59      1
    52     67      1
    52     72      1
    52     85      1
    53     19      1
    53     22      1
    53      1      1
    53     74      1
    53     82      1
    54     18      1
    54      4      1
    54      9      1
    54     70      1
    55      4      1
    55     49      1
    56      2      1
    56     25      1
    57      3      1
    57     17      1
    58      5      1
    58     13      1
    58     32      1
    59      1      1
    59     29      1
    59     52      1
    60     29      1
    60     22      1
    60     34      1
    60     68      1
    60     96      1
    61     28      1
    61     38      1
    61      2      1
    61     64      1
    62     26      1
    62     42      1
    62     76      1
    63     43      1
    63     33      1
    63     41      1
    64     61      1
    64      3      1
    65     22      1
    65     16      1
    65     26      1
    66     11      1
    66      6      1
    66     84      1
    67     37      1
    67     52      1
    68     13      1
    68     60      1
    69     19      1
    69      3      1
    69      8      1
    70     54      1
    70     10      1
    71     19      1
    71      8      1
    71     35      1
    72     52      1
    72     33      1
    72     37      1
    73     31      1
    73      5      1
    73     81      1
    74     15      1
    74     47      1
    74     53      1
    74     97      1
    75     19      1
    75     36      1
    75      2      1
    75     90      1
    76     62      1
    76      0      1
    77     26      1
    77     51      1
    77      8      1
    77     94      1
    78     20      1
    78     29      1
    78      1      1
    78     84      1
    79     25      1
    79     33      1
    79     31      1
    80      8      1
    80     38      1
    80      5      1
    80     91      1
    81     25      1
    81     73      1
    82     53      1
    82      9      1
    82     86      1
    82     88      1
    83     48      1
    83      3      1
    83     84      1
    83     95      1
    84     66      1
    84     83      1
    84     78      1
    84     93      1
    85      4      1
    85     44      1
    85     52      1
    86     82      1
    86     23      1
    86     10      1
    86     95      1
    87     32      1
    87     26      1
    88     82      1
    88     33      1
    88     19      1
    89     12      1
    89     33      1
    89     23      1
    89     94      1
    90     75      1
    90     20      1
    90     18      1
    90     99      1
    91     37      1
    91     80      1
    92     19      1
    92     34      1
    93     84      1
    93     14      1
    94     77      1
    94     89      1
    94     31      1
    95     83      1
    95     86      1
    96     29      1
    96     60      1
    97     40      1
    97     12      1
    97     74      1
    98      7      1
    98     46      1
    98     45      1
    99     38      1
    99     39      1
    99     90      1
