COORD_X_Y 100
  1.68357   2.84512
 0.600763   0.66796
    2.848   1.25623
  2.51438   1.61141
 0.821331  0.736747
  1.35994   2.02386
 0.487254   1.70826
  1.50741 0.0782579
 0.483648 0.0433947
  1.24486   2.61124
  2.96157   1.16609
 0.757282   2.00698
  1.73646   1.92257
 0.787642   0.10148
 0.239321   1.09504
 0.277214   2.93771
  1.09668   2.84527
 0.692463    1.4344
 0.323983  0.129976
 0.377997  0.659878
 0.880683  0.210863
  2.52888   1.94322
  1.12209  0.514936
  2.21157   2.16016
 0.433758  0.649787
  2.46195   1.78025
  2.68468    1.8672
0.0471826   2.17713
 0.109525  0.596191
  2.70034   1.40662
  2.57768   2.22173
 0.374201   1.09749
  1.38732   1.93418
 0.831462  0.635204
  1.62466   1.57881
0.0294762  0.599707
 0.143942   1.77741
  1.73531  0.666707
 0.105576   1.10223
 0.270321   1.28774
    2.947  0.506915
 0.936349    1.2946
  0.64452  0.232848
  2.62936     2.813
  2.02845   2.61758
 0.774432 0.0767534
  1.17272   2.35979
  0.37871  0.100686
  0.86944  0.104174
 0.749719    2.3668
 0.272189   2.06823
 0.432199   0.67485
  2.47164  0.224415
  1.57672   1.12608
 0.480156  0.192486
  1.13339   2.18458
 0.900772   2.80862
 0.687527   1.04473
  2.77506   2.86127
   1.9942   1.66791
 0.828546   2.71191
  2.19349   1.15471
 0.323852   2.53251
  1.64037  0.460067
  2.00584   2.19163
   2.4441   1.65309
 0.349324   2.42641
  2.05047  0.809355
 0.986644   0.28428
  2.35925   1.85378
  2.78619   2.14034
  0.10339  0.967694
  1.86909  0.802604
  1.39568   2.53234
  2.97004   1.08853
  2.05307  0.899521
 0.419144   1.21985
  2.62279  0.461489
  2.45994   2.83553
  2.20223   1.67256
  2.96255   2.38451
 0.930854   2.10324
   1.8756  0.921405
  1.08965   2.96839
  1.00473   2.28719
  1.26189    2.0365
  2.35051  0.285149
  2.67526   1.62406
  1.43287   1.99604
  0.92542   2.26462
 0.291057    2.7297
  1.00695   2.88951
 0.886344    1.6392
  1.92538   2.87005
 0.547723   1.82862
  1.11291  0.860784
  0.46125   1.90951
 0.956111   2.18769
  2.36016   0.62788
  1.61549    2.3788
LINKS_SOURCE_DESTINATION_DISTANCE 490
     0      1      1
     0      2      1
     0      3      1
     0      4      1
     0      5      1
     0      6      1
     0     10      1
     0     15      1
     0     52      1
     0     89      1
     0     97      1
     1      0      1
     1      4      1
     1      7      1
     1      8      1
     1     10      1
     1     12      1
     1     15      1
     1     21      1
     1     28      1
     1     47      1
     1     63      1
     2      0      1
     2      5      1
     2     12      1
     2     40      1
     2     88      1
     2     92      1
     3      0      1
     3      4      1
     3      6      1
     3      7      1
     3     15      1
     3     16      1
     3     19      1
     3     22      1
     3     28      1
     3     37      1
     3     40      1
     3     73      1
     3     77      1
     4      3      1
     4      0      1
     4      1      1
     4      8      1
     4      9      1
     4     10      1
     4     12      1
     4     13      1
     4     17      1
     4     18      1
     4     41      1
     4     62      1
     5      2      1
     5      0      1
     5      6      1
     5     11      1
     5     16      1
     5     21      1
     5     38      1
     5     61      1
     5     67      1
     6      5      1
     6      0      1
     6      3      1
     6      8      1
     6      9      1
     6     14      1
     6     24      1
     6     25      1
     6     47      1
     6     48      1
     6     60      1
     7      3      1
     7      1      1
     7     11      1
     7     23      1
     7     35      1
     7     58      1
     7     74      1
     7     87      1
     8      1      1
     8      4      1
     8      6      1
     8      9      1
     8     13      1
     8     29      1
     8     43      1
     8     58      1
     8     59      1
     9      6      1
     9      4      1
     9      8      1
     9     13      1
     9     17      1
     9     19      1
     9     26      1
     9     33      1
     9     34      1
     9     35      1
     9     45      1
     9     68      1
    10      4      1
    10      0      1
    10      1      1
    10     20      1
    10     28      1
    11      5      1
    11      7      1
    11     25      1
    11     43      1
    11     45      1
    11     51      1
    11     55      1
    11     79      1
    12      2      1
    12      1      1
    12      4      1
    12     18      1
    12     20      1
    12     21      1
    12     29      1
    13      8      1
    13      9      1
    13      4      1
    13     14      1
    13     20      1
    13     30      1
    13     32      1
    13     60      1
    13     61      1
    13     77      1
    13     91      1
    14      6      1
    14     13      1
    14     16      1
    14     43      1
    14     66      1
    15      0      1
    15      1      1
    15      3      1
    15     18      1
    15     22      1
    15     25      1
    15     26      1
    15     42      1
    16     14      1
    16      3      1
    16      5      1
    16     82      1
    17      9      1
    17      4      1
    17     31      1
    17     32      1
    17     42      1
    17     50      1
    17     64      1
    17     76      1
    18     15      1
    18      4      1
    18     12      1
    18     27      1
    18     36      1
    19      3      1
    19      9      1
    19     23      1
    19     30      1
    19     34      1
    19     37      1
    19     40      1
    19     41      1
    19     56      1
    19     69      1
    19     85      1
    20     12      1
    20     10      1
    20     13      1
    20     48      1
    20     83      1
    21     12      1
    21      5      1
    21      1      1
    21     31      1
    21     80      1
    21     86      1
    22      3      1
    22     15      1
    22     23      1
    22     24      1
    23      7      1
    23     22      1
    23     19      1
    23     27      1
    23     53      1
    24      6      1
    24     22      1
    24     49      1
    25     15      1
    25     11      1
    25      6      1
    25     36      1
    25     39      1
    25     44      1
    25     59      1
    25     95      1
    26      9      1
    26     15      1
    26     94      1
    26     96      1
    27     23      1
    27     18      1
    27     38      1
    27     53      1
    27     62      1
    27     72      1
    27     84      1
    28      1      1
    28      3      1
    28     10      1
    28     30      1
    28     33      1
    28     79      1
    28     98      1
    29      8      1
    29     12      1
    29     38      1
    29     56      1
    29     63      1
    30     19      1
    30     13      1
    30     28      1
    30     46      1
    31     17      1
    31     21      1
    31     86      1
    32     17      1
    32     13      1
    32     57      1
    32     62      1
    33      9      1
    33     28      1
    33     34      1
    33     37      1
    33     91      1
    34     19      1
    34     33      1
    34      9      1
    34     36      1
    34     50      1
    34     76      1
    35      9      1
    35      7      1
    35     47      1
    35     54      1
    35     70      1
    35     81      1
    36     34      1
    36     18      1
    36     25      1
    37      3      1
    37     33      1
    37     19      1
    37     50      1
    37     57      1
    37     65      1
    37     72      1
    37     92      1
    37     98      1
    38     29      1
    38     27      1
    38      5      1
    38     39      1
    38     64      1
    38     69      1
    38     83      1
    39     25      1
    39     38      1
    39     51      1
    39     67      1
    39     90      1
    39     92      1
    40      2      1
    40      3      1
    40     19      1
    40     58      1
    40     66      1
    40     82      1
    40     89      1
    41     19      1
    41      4      1
    41     44      1
    41     54      1
    41     90      1
    42     15      1
    42     17      1
    43      8      1
    43     11      1
    43     14      1
    43     53      1
    44     41      1
    44     25      1
    44     51      1
    44     60      1
    44     84      1
    44     90      1
    44     94      1
    45     11      1
    45      9      1
    45     46      1
    45     49      1
    45     52      1
    46     30      1
    46     45      1
    46     75      1
    47      1      1
    47     35      1
    47      6      1
    47     66      1
    47     71      1
    47     72      1
    47     79      1
    47     94      1
    48     20      1
    48      6      1
    48     63      1
    48     71      1
    49     45      1
    49     24      1
    49     54      1
    50     37      1
    50     34      1
    50     17      1
    51     44      1
    51     39      1
    51     11      1
    51     82      1
    51     99      1
    52     45      1
    52      0      1
    52     55      1
    52     74      1
    53     23      1
    53     43      1
    53     27      1
    53     85      1
    54     41      1
    54     49      1
    54     35      1
    55     11      1
    55     52      1
    55     76      1
    55     86      1
    55     89      1
    56     19      1
    56     29      1
    56     70      1
    57     32      1
    57     37      1
    57     80      1
    58      7      1
    58      8      1
    58     40      1
    58     64      1
    59      8      1
    59     25      1
    60     44      1
    60     13      1
    60      6      1
    60     81      1
    61     13      1
    61      5      1
    61     65      1
    61     78      1
    61     87      1
    62      4      1
    62     27      1
    62     32      1
    63     29      1
    63     48      1
    63      1      1
    63     67      1
    64     38      1
    64     58      1
    64     17      1
    64     95      1
    65     61      1
    65     37      1
    65     88      1
    65     91      1
    66     40      1
    66     14      1
    66     47      1
    66     68      1
    67     39      1
    67      5      1
    67     63      1
    67     75      1
    68      9      1
    68     66      1
    68     78      1
    68     87      1
    69     38      1
    69     19      1
    70     56      1
    70     35      1
    70     73      1
    71     48      1
    71     47      1
    71     84      1
    72     47      1
    72     27      1
    72     37      1
    73     70      1
    73      3      1
    74      7      1
    74     52      1
    75     46      1
    75     67      1
    75     93      1
    76     34      1
    76     17      1
    76     55      1
    77      3      1
    77     13      1
    78     68      1
    78     61      1
    78     80      1
    79     11      1
    79     47      1
    79     28      1
    80     78      1
    80     21      1
    80     57      1
    81     35      1
    81     60      1
    81     83      1
    82     40      1
    82     51      1
    82     16      1
    82     96      1
    83     20      1
    83     38      1
    83     81      1
    83     97      1
    84     71      1
    84     27      1
    84     44      1
    85     53      1
    85     19      1
    86     31      1
    86     21      1
    86     55      1
    87     68      1
    87      7      1
    87     61      1
    88      2      1
    88     65      1
    89     55      1
    89     40      1
    89      0      1
    89     97      1
    90     44      1
    90     41      1
    90     39      1
    90     99      1
    91     65      1
    91     33      1
    91     13      1
    91     93      1
    92      2      1
    92     39      1
    92     37      1
    92     98      1
    93     91      1
    93     75      1
    94     47      1
    94     44      1
    94     26      1
    95     64      1
    95     25      1
    96     82      1
    96     26      1
    97     83      1
    97     89      1
    97      0      1
    98     92      1
    98     37      1
    98     28      1
    99     51      1
    99     90      1
