COORD_X_Y 500
  0.76362  0.291152
  1.96257   1.43424
  2.53816  0.451585
 0.603409 0.00915547
  2.20345   0.82412
  1.31008  0.584762
 0.738569   1.46609
 0.418677   2.16228
 0.390053  0.856603
  1.97201   1.84152
 0.683827   1.34935
 0.842342   1.34828
  1.96447    2.0993
  1.49012   1.38386
 0.617404  0.338965
0.0163719   1.21838
 0.954674  0.759043
  1.36583  0.436843
  1.89367  0.336892
 0.144703    2.7818
  1.85758   2.38373
  1.56516   1.57639
  2.61753  0.218647
   1.4166   1.04033
  1.51201  0.297954
  1.39993   2.92749
  1.52099   2.02961
 0.949562   1.77487
   1.6925  0.154844
  1.92618   2.44023
 0.646593   2.17762
   2.0959   1.43447
0.0173234   1.48575
  1.46722  0.710859
  2.67763   2.65391
 0.551872  0.434334
  2.58737   1.50204
  2.32041   2.05727
  1.60115 0.0301998
  2.45284   2.30497
  2.19709  0.887419
  2.20396   1.65252
  2.33874   2.50878
   2.7352   1.13499
   1.5323  0.836118
 0.579308  0.819717
  2.12827  0.877515
  1.31458 0.0512703
 0.973201  0.175975
  2.53697 0.0587531
 0.134911   2.76633
  1.51065  0.192673
  2.53836  0.895658
  1.92217  0.298123
  2.56529  0.631555
 0.358121   2.39154
  2.62152  0.508484
  1.39601   2.03419
 0.134773   2.40103
 0.701843   1.68837
 0.622491  0.357863
  1.29941  0.595113
  1.83162  0.744575
  1.90949  0.521066
 0.703639   1.68949
 0.596788   1.63057
 0.524208   1.37699
   2.6253   1.46625
 0.649395   2.79245
   2.4801    2.8135
 0.614234   2.50147
   2.6942   1.05474
  2.05208   1.49749
  1.46791   1.38043
  1.15965   2.21817
 0.822781   1.03273
 0.508539   1.42098
  2.21275   1.30036
 0.792561   0.35071
 0.824362    2.8846
  1.14967  0.525318
  1.51013   1.60971
  2.66317   2.45473
 0.512311  0.958129
  2.31264 0.00948747
  1.61359   0.35237
  1.11168   2.89291
  2.10853   2.81249
  2.15959   1.87579
  2.24356  0.339506
  1.31339   0.39268
  2.28169   2.84655
 0.729917   1.11972
  2.16588   1.74966
  2.17517    1.2136
 0.420075   1.54189
  1.36389   1.24939
 0.903185   2.51417
 0.383126   2.04227
  1.25766   1.25914
  2.74485   1.33109
 0.850946   2.18829
  2.72332  0.309804
  1.42798   2.72305
  1.26938   0.39932
  1.56134   2.38914
  2.82035  0.609278
  2.32022    1.0656
  0.24728   2.97581
  1.47743   2.12434
    2.566  0.344137
  2.28584   2.78585
  2.03963   1.72778
  2.09867  0.545433
  1.54833  0.997033
  1.02313   1.93362
  2.45931   2.36864
  2.07353   2.13749
  2.92712  0.633511
  1.54882   2.76817
 0.604536   2.18942
  2.61288  0.622221
  2.88957   2.02976
 0.681882   2.18311
  2.87281   2.07794
  2.04472  0.585877
 0.697055  0.184794
  1.63875  0.834328
  2.44892   1.94649
 0.758608   1.22301
  2.18797  0.560874
 0.216142 0.0110428
  1.29573    2.0353
 0.304408  0.312293
  1.84056  0.247337
  1.45005    1.7226
 0.105416  0.960782
  1.23781    2.5122
  1.43655   1.29562
  1.81706   2.74165
  2.39564  0.453244
  1.39812   1.70151
 0.262623     2.718
  2.03052   1.61166
  1.10969   2.99996
  1.75623   0.77327
  2.58523   2.84548
  1.37555  0.515077
 0.364069   1.47124
  2.73386 0.000872066
  2.12161   1.70916
  2.15947  0.288057
  1.89325  0.616662
  1.80017   2.84226
  1.45882   2.78768
  1.27486   2.60557
 0.271082   2.40111
  2.24957 0.00141989
  1.12086  0.523305
0.0313917   2.54949
  1.09937   1.57412
 0.556085   1.28494
  1.10411   2.84928
  2.37538   1.01789
  1.53165   1.65141
  2.82099  0.152404
   1.3634  0.222176
  2.48707   2.31944
  2.93782  0.485987
  1.30994   2.50881
  0.84355  0.793019
  1.81293    2.8654
  0.22992   1.12581
  2.16963   2.99276
  1.95392   1.92783
   1.9866   1.02744
  1.14082   1.41833
  2.28435  0.864812
 0.285224   1.34684
 0.468743   2.44274
  2.72904   1.74958
 0.846769  0.431707
  1.95727  0.241688
   1.6068    1.8683
  1.78256  0.198388
  2.21376   1.19481
  1.72103   2.59714
  1.75389  0.888437
 0.608439  0.381604
  0.38035    1.2559
 0.172846    2.2815
  1.76672   2.52727
  0.43643  0.616183
  1.78886   0.14918
  2.35265  0.699667
  2.78621   1.58946
  2.22612   1.84986
 0.784378   2.94409
  1.60335   1.73687
 0.375399   1.91934
  1.98981  0.462022
  1.34652   1.28856
  1.35753    2.8057
  2.57633   1.53838
 0.366227  0.408918
    1.494   0.10783
 0.578607   1.46741
  2.10885   2.76584
 0.922264   2.87732
  2.83906   1.96794
  2.15411   2.34032
   2.1688   1.53289
  2.26694   1.68563
  2.29482   1.85829
  0.63816   2.82743
  2.71244   2.84566
  2.82113   2.90348
 0.888856   1.85677
 0.645061  0.773406
 0.075801  0.348882
  2.24811   2.10369
  1.82797   2.41636
  2.28767   1.21313
  2.83706   2.63481
  2.78177   1.31837
  1.40971   2.71359
  2.37224   1.86863
  2.79329   1.79079
  2.25202  0.584327
  2.85645   2.54612
  2.24447   1.14422
 0.818049   1.73971
 0.317317   1.27044
 0.233235  0.781799
 0.471025   1.05352
  2.86794   2.30572
  2.73879   1.19995
 0.890726  0.739367
  1.50533  0.216727
  1.66262    1.9232
  2.01453   2.70697
  2.17767   1.85324
  2.13919   1.91301
  2.75108   2.12709
  1.10877 0.0851237
0.0731248    2.1347
 0.708081  0.901839
  1.30787   0.35064
  1.01868  0.570159
  2.54637  0.845041
  2.33017  0.692695
 0.976783   2.57113
  2.14684   1.08506
  2.48074  0.798421
  1.57118  0.559528
 0.525297   2.20144
 0.967773   2.74032
    2.195  0.199705
 0.343414   1.60643
  2.71219  0.405753
  1.83381   2.07899
  2.71056   1.50338
  1.57767  0.160787
 0.973077   1.64694
 0.133823   2.45499
 0.972622     2.854
   1.5471  0.636233
  2.63798   2.11831
 0.532796   1.78634
  2.07472    2.5251
  2.35263  0.755358
  2.04811   2.26656
  2.78956   2.51076
  2.37625   1.07822
  0.82518   2.18263
 0.756439  0.934944
  1.49825  0.532594
  2.01101   1.22536
  2.74359  0.689344
  2.38301  0.973638
  2.67745  0.934762
 0.849159   2.97704
  1.72743  0.137495
  2.46061   1.77311
 0.793725   1.53182
 0.363399   2.16837
  2.73789   1.89868
 0.813613   2.29348
 0.356722   2.54476
  1.24123   1.88022
  2.68146   1.45253
  1.09015   1.10092
 0.531345  0.688611
  0.38992   2.00173
 0.714693   1.24872
 0.772734   2.01937
  1.77044   1.33534
  1.08591  0.980331
 0.233271   1.90944
 0.658508  0.207304
 0.643098    2.0846
   2.7529  0.160829
 0.986737   2.99589
  2.95174   1.88893
  1.57938   1.73386
 0.439821   2.43267
 0.147055   2.99652
  1.35246   1.99542
  1.09974   1.02857
 0.166338   2.32022
  2.59895   1.91254
  1.33137   2.27288
  1.02574  0.576054
  2.72093   2.13865
  2.35082  0.673548
  2.33899  0.698838
 0.748977   1.29136
  2.91682   2.06839
 0.927695   1.06646
  2.78241  0.169827
  2.34609    2.2737
 0.754603     2.935
  1.54752  0.808708
  2.27751  0.325232
  1.23496  0.941804
  1.22817   1.66754
  1.99113   1.41494
0.0733473   2.58167
  2.33064  0.486448
  1.26772   2.19067
     2.03   2.70174
  1.50693     1.334
  2.64357   1.89366
  1.28599   2.02761
  2.29521  0.050651
  1.02731  0.787989
   2.4877    1.4432
  1.69588   2.57066
  1.63325   2.03339
  2.29938   1.88207
  2.64319   1.81469
 0.336936  0.206301
  2.28483 0.000700866
 0.889276  0.670091
0.0631256   2.13239
  2.74716   0.48489
  1.97546  0.520594
  1.88567   2.21778
  1.17839   1.45803
  2.87476  0.147473
 0.921286   1.47173
  2.93686   1.18754
  2.25511     1.759
  1.02298   2.38269
  2.76217   1.27327
 0.305943  0.176685
 0.523519  0.999663
  1.29905   1.55787
  2.29531 0.0309021
  2.17143   1.23216
  1.53837   1.42882
  1.23505  0.559791
  2.71479   1.64505
  2.32412   1.50507
  1.45645   1.24591
 0.651867   1.97585
 0.833392   2.17935
  1.22519   2.43137
  2.40267   1.32491
 0.671703   1.63493
 0.717761   2.40723
  1.10171   1.88951
  2.41703  0.313666
  1.93921  0.016072
  1.29626   1.77743
 0.606927     1.285
0.0689945   2.64731
 0.494606  0.127193
  1.56221   1.25424
  2.44672  0.222078
 0.279184   1.93265
 0.825255     1.991
  1.14414  0.642959
  1.97723  0.760657
  2.53787   1.78692
   1.6902  0.244842
  2.44854   1.91632
  2.64284   2.75901
  2.67414   2.14042
  1.64037  0.620914
  1.89985   2.53557
  1.19183   2.92331
  2.70419  0.762175
  0.62435    1.6468
 0.506103   1.96815
  0.70152 0.0709738
 0.418809   2.87506
  1.34282   1.84369
  2.75985   2.11976
   1.6755   1.68138
  1.75331   1.77408
  2.45058   1.45054
    2.984  0.105626
  2.14585   1.06118
    1.388  0.623837
  1.43222   1.97349
  1.84679   1.14375
  1.13632  0.901981
   1.2687   2.26729
  1.09694   2.67595
  1.13652  0.766448
 0.958179  0.847024
  0.76387   2.07699
  1.93839   2.38816
  2.14374   1.30748
  1.35705   2.16969
  2.88552  0.345029
  1.15481   1.06339
  2.80256    1.5737
 0.657463   2.10692
  1.89159   2.61742
   2.2344   1.61516
 0.537498    1.6582
 0.132092   2.52031
  1.26488   2.00006
  1.88632  0.711021
  2.89329  0.449624
 0.705445   1.97208
  1.74045   1.42701
  2.59509  0.352991
   1.9648 0.0271385
  1.83909  0.114506
  1.41278   0.52366
  1.17802   1.98798
   2.5194   1.62206
  1.99415   1.82188
 0.183653   1.70945
  2.29105  0.911328
  1.07364   2.35275
  1.48591 0.0167007
  2.58183   1.19779
  0.77504   2.83116
  2.62337   2.51929
  1.04737   2.35212
 0.590045   1.00977
 0.124009  0.136949
 0.859561  0.110376
 0.956954   1.24416
  2.66744   1.29863
  2.62772  0.736919
  1.58301  0.868604
 0.597368   2.86141
  1.28229 0.0685089
  1.79227   2.60394
 0.695157   1.99731
  1.84139  0.190891
  1.68342   2.95131
  2.61931  0.562222
 0.944434   2.83271
  1.65154   1.72921
 0.565299   1.34012
  2.00318 0.00940604
  2.65838   1.35045
 0.248178   2.00861
  1.03086  0.242729
  1.64815  0.852492
  1.23578  0.134384
  2.37932   2.82115
  2.66132   2.30219
 0.105343   2.36284
 0.318311   1.26351
  1.25464  0.498084
 0.232037   1.93567
  1.54576   2.47277
  0.47336   2.66886
  1.47075    1.7973
  1.65129   0.79658
   2.4111   2.52036
  2.87272    1.2959
  2.05598   1.41285
 0.534795  0.168206
  1.13667  0.862101
  2.24813  0.462717
0.0209788   2.85096
 0.359518    1.4289
  2.80696   2.50002
  2.73313   1.80703
   2.5899 0.0771286
   1.5684   2.20526
  1.88631  0.315105
  1.59832   2.85332
  2.03784   1.29157
  0.35182  0.167977
  1.66974   1.83846
 0.463922   1.19198
 0.865374  0.178523
  2.51444   2.13884
  1.45114   2.53519
  0.23177   2.66876
0.0927918   1.66697
LINKS_SOURCE_DESTINATION_DISTANCE 2516
     0      1      1
     0      2      1
     0      4      1
     0      8      1
     0     15      1
     0     19      1
     0     48      1
     0    397      1
     1      0      1
     1      5      1
     1      6      1
     1      7      1
     1      9      1
     1     12      1
     1     57      1
     1    135      1
     1    136      1
     1    140      1
     1    271      1
     2      0      1
     2      3      1
     2      8      1
     2      9      1
     2     26      1
     2     30      1
     2     39      1
     2     44      1
     2     55      1
     2    144      1
     2    153      1
     2    157      1
     2    173      1
     2    325      1
     2    390      1
     3      2      1
     3      4      1
     3      6      1
     3     13      1
     3     16      1
     3     29      1
     3     30      1
     3     31      1
     3     44      1
     3     46      1
     3     56      1
     3     57      1
     3     97      1
     3    118      1
     3    168      1
     3    412      1
     4      0      1
     4      3      1
     4      5      1
     4     10      1
     4     11      1
     4     14      1
     4     15      1
     4     18      1
     4     20      1
     4     25      1
     4     35      1
     4     36      1
     4     40      1
     4     46      1
     4     47      1
     4     49      1
     4     77      1
     4    156      1
     4    165      1
     4    166      1
     4    201      1
     4    361      1
     5      4      1
     5      1      1
     5      6      1
     5     12      1
     5     20      1
     5     24      1
     5     34      1
     5     45      1
     5     81      1
     5     91      1
     5    101      1
     5    103      1
     5    122      1
     5    211      1
     5    273      1
     6      1      1
     6      3      1
     6      5      1
     6      7      1
     6      8      1
     6     10      1
     6     11      1
     6     12      1
     6     17      1
     6     18      1
     6     20      1
     6     25      1
     6     36      1
     6     74      1
     6     82      1
     6    477      1
     7      6      1
     7      1      1
     7     13      1
     7     21      1
     7     38      1
     7    122      1
     7    200      1
     7    206      1
     7    216      1
     7    311      1
     7    364      1
     8      6      1
     8      2      1
     8      0      1
     8     10      1
     8    100      1
     8    133      1
     8    159      1
     8    430      1
     8    448      1
     9      2      1
     9      1      1
     9     24      1
     9     50      1
     9     80      1
     9     87      1
     9    111      1
     9    261      1
     9    303      1
     9    345      1
     9    368      1
    10      8      1
    10      4      1
    10      6      1
    10     21      1
    10     26      1
    10     31      1
    10     48      1
    10     62      1
    10    171      1
    10    303      1
    10    469      1
    10    499      1
    11      6      1
    11      4      1
    11     13      1
    11     14      1
    11     22      1
    11     33      1
    11     57      1
    11     84      1
    11    101      1
    11    118      1
    11    163      1
    12      6      1
    12      1      1
    12      5      1
    12     14      1
    12     17      1
    12     18      1
    12     19      1
    12     22      1
    12     28      1
    12     29      1
    12     52      1
    12     62      1
    12     86      1
    12    107      1
    12    161      1
    12    182      1
    12    241      1
    13      3      1
    13     11      1
    13      7      1
    13     16      1
    13     23      1
    13     29      1
    13     39      1
    13     55      1
    13     83      1
    13     96      1
    13    124      1
    14      4      1
    14     11      1
    14     12      1
    14     23      1
    14     24      1
    14     69      1
    14     98      1
    14    194      1
    14    260      1
    14    486      1
    15      0      1
    15      4      1
    15     19      1
    15     22      1
    15     28      1
    15     47      1
    15     72      1
    15     90      1
    15    200      1
    15    305      1
    15    460      1
    16     13      1
    16      3      1
    16     31      1
    16     40      1
    16    137      1
    16    151      1
    16    219      1
    16    249      1
    16    335      1
    17      6      1
    17     12      1
    17     21      1
    17     36      1
    17     43      1
    17     52      1
    17    230      1
    17    232      1
    17    255      1
    17    484      1
    18      4      1
    18      6      1
    18     12      1
    18     26      1
    18     71      1
    18     92      1
    18    154      1
    18    191      1
    18    362      1
    18    447      1
    18    449      1
    19     12      1
    19     15      1
    19      0      1
    19     27      1
    19     48      1
    19     56      1
    19     61      1
    19    126      1
    19    232      1
    19    264      1
    19    271      1
    19    379      1
    20      4      1
    20      6      1
    20      5      1
    20     34      1
    20     59      1
    20     70      1
    20     73      1
    20    128      1
    20    133      1
    20    152      1
    20    170      1
    20    228      1
    21      7      1
    21     10      1
    21     17      1
    21     25      1
    21     27      1
    21     60      1
    21     67      1
    21     98      1
    21    159      1
    21    203      1
    21    211      1
    22     11      1
    22     15      1
    22     12      1
    22     35      1
    22     52      1
    22     70      1
    22    221      1
    22    237      1
    23     14      1
    23     13      1
    23     27      1
    23     32      1
    23     37      1
    23     62      1
    23     66      1
    23     68      1
    23    144      1
    23    163      1
    23    248      1
    24      5      1
    24     14      1
    24      9      1
    24     71      1
    24     84      1
    24     94      1
    24    104      1
    24    123      1
    24    219      1
    24    259      1
    24    277      1
    25     21      1
    25      4      1
    25      6      1
    25     37      1
    25     41      1
    25     49      1
    25    131      1
    25    222      1
    25    389      1
    25    422      1
    26      2      1
    26     10      1
    26     18      1
    26     33      1
    26     51      1
    26     58      1
    26    117      1
    26    348      1
    27     21      1
    27     19      1
    27     23      1
    27     78      1
    27     94      1
    27    112      1
    27    121      1
    27    146      1
    27    153      1
    27    202      1
    27    220      1
    27    300      1
    27    302      1
    27    355      1
    27    442      1
    27    498      1
    28     15      1
    28     12      1
    28     34      1
    28     53      1
    28    185      1
    28    394      1
    29      3      1
    29     12      1
    29     13      1
    29     38      1
    29     43      1
    29     50      1
    29     67      1
    29    104      1
    29    109      1
    29    142      1
    29    270      1
    29    297      1
    29    405      1
    30      2      1
    30      3      1
    30     32      1
    30     42      1
    30     54      1
    30    181      1
    30    229      1
    30    320      1
    30    428      1
    31      3      1
    31     10      1
    31     16      1
    31     33      1
    31     42      1
    31     58      1
    31     59      1
    31     85      1
    31    174      1
    31    223      1
    31    230      1
    32     30      1
    32     23      1
    32     68      1
    32     69      1
    32    110      1
    32    115      1
    32    149      1
    32    184      1
    32    274      1
    32    314      1
    33     26      1
    33     11      1
    33     31      1
    33     41      1
    33     53      1
    33     90      1
    33    206      1
    33    273      1
    33    439      1
    34      5      1
    34     20      1
    34     28      1
    34     40      1
    34     60      1
    34     66      1
    34     71      1
    34    125      1
    34    164      1
    35     22      1
    35      4      1
    35     60      1
    35    349      1
    36      6      1
    36     17      1
    36      4      1
    36     43      1
    36     51      1
    36    121      1
    36    209      1
    36    333      1
    36    414      1
    36    436      1
    37     23      1
    37     25      1
    37     39      1
    37     73      1
    37     77      1
    37     86      1
    37    108      1
    37    125      1
    37    364      1
    38      7      1
    38     29      1
    38     63      1
    38     77      1
    38     95      1
    38    107      1
    38    110      1
    38    218      1
    38    226      1
    38    276      1
    38    407      1
    38    413      1
    38    434      1
    39      2      1
    39     37      1
    39     13      1
    39     64      1
    39     87      1
    39    130      1
    39    141      1
    39    204      1
    39    233      1
    39    411      1
    40     34      1
    40      4      1
    40     16      1
    40     76      1
    40     82      1
    40     95      1
    40    108      1
    40    111      1
    40    183      1
    40    217      1
    40    232      1
    40    351      1
    40    367      1
    40    468      1
    41     33      1
    41     25      1
    41     72      1
    41    118      1
    41    146      1
    41    256      1
    42     31      1
    42     30      1
    42     76      1
    42    120      1
    42    132      1
    42    244      1
    42    327      1
    43     17      1
    43     36      1
    43     29      1
    43     64      1
    43    117      1
    43    119      1
    43    259      1
    43    266      1
    44      2      1
    44      3      1
    44     45      1
    44     61      1
    44     81      1
    44    113      1
    44    156      1
    44    231      1
    44    263      1
    44    378      1
    44    474      1
    45      5      1
    45     44      1
    45     49      1
    45     56      1
    45     63      1
    45    208      1
    45    288      1
    45    479      1
    46      3      1
    46      4      1
    46     47      1
    46     54      1
    46     79      1
    46    150      1
    46    316      1
    46    337      1
    47      4      1
    47     15      1
    47     46      1
    47     88      1
    47    124      1
    47    162      1
    47    167      1
    47    199      1
    47    264      1
    47    312      1
    48     10      1
    48     19      1
    48      0      1
    48     92      1
    48     93      1
    48    103      1
    48    135      1
    48    194      1
    48    321      1
    48    410      1
    48    474      1
    48    498      1
    49     45      1
    49     25      1
    49      4      1
    49     79      1
    49    109      1
    49    150      1
    49    193      1
    49    483      1
    50     29      1
    50      9      1
    50     63      1
    50    173      1
    50    336      1
    50    400      1
    50    441      1
    51     26      1
    51     36      1
    51     75      1
    51    103      1
    51    108      1
    51    176      1
    51    180      1
    51    214      1
    51    248      1
    51    275      1
    52     17      1
    52     12      1
    52     22      1
    52     93      1
    52    129      1
    52    139      1
    52    195      1
    52    251      1
    53     33      1
    53     28      1
    53     74      1
    53     90      1
    53    111      1
    53    125      1
    53    140      1
    53    356      1
    53    442      1
    54     30      1
    54     46      1
    54     75      1
    54     99      1
    54    106      1
    54    115      1
    54    126      1
    54    139      1
    54    158      1
    54    160      1
    54    172      1
    54    215      1
    54    341      1
    54    383      1
    54    445      1
    55     13      1
    55      2      1
    55     94      1
    55    119      1
    55    160      1
    55    182      1
    55    360      1
    55    499      1
    56      3      1
    56     19      1
    56     45      1
    56    105      1
    56    188      1
    56    272      1
    56    285      1
    56    306      1
    56    308      1
    56    404      1
    57      1      1
    57     11      1
    57      3      1
    57     65      1
    57    117      1
    57    123      1
    57    214      1
    57    220      1
    57    262      1
    57    389      1
    57    496      1
    58     26      1
    58     31      1
    58    166      1
    58    332      1
    59     20      1
    59     31      1
    59     91      1
    59    136      1
    59    180      1
    59    184      1
    59    191      1
    59    204      1
    59    318      1
    59    431      1
    60     35      1
    60     34      1
    60     21      1
    60     65      1
    60    254      1
    60    258      1
    60    268      1
    60    287      1
    61     19      1
    61     44      1
    61    136      1
    61    172      1
    61    313      1
    61    385      1
    61    495      1
    62     12      1
    62     23      1
    62     10      1
    62    190      1
    63     50      1
    63     45      1
    63     38      1
    63    106      1
    63    252      1
    64     43      1
    64     39      1
    64    155      1
    64    158      1
    64    183      1
    64    192      1
    64    294      1
    64    309      1
    64    359      1
    64    461      1
    64    463      1
    64    471      1
    65     57      1
    65     60      1
    65     66      1
    65     81      1
    65     87      1
    65    116      1
    65    127      1
    65    154      1
    65    174      1
    65    225      1
    65    267      1
    65    297      1
    65    365      1
    66     65      1
    66     34      1
    66     23      1
    66     80      1
    66    104      1
    66    152      1
    66    198      1
    67     21      1
    67     29      1
    67     68      1
    67     88      1
    67    141      1
    67    173      1
    67    175      1
    67    291      1
    68     32      1
    68     67      1
    68     23      1
    68     78      1
    68     83      1
    68    112      1
    68    114      1
    68    205      1
    68    246      1
    68    285      1
    69     14      1
    69     32      1
    69     75      1
    69     89      1
    69    151      1
    70     22      1
    70     20      1
    70     99      1
    70    107      1
    70    121      1
    70    148      1
    70    155      1
    70    157      1
    70    194      1
    70    331      1
    71     34      1
    71     24      1
    71     18      1
    71     73      1
    71    339      1
    71    394      1
    72     41      1
    72     15      1
    72     85      1
    72    269      1
    72    325      1
    72    360      1
    72    362      1
    72    387      1
    72    458      1
    72    468      1
    73     71      1
    73     37      1
    73     20      1
    73    175      1
    73    209      1
    73    247      1
    74      6      1
    74     53      1
    74    294      1
    74    324      1
    74    358      1
    74    363      1
    74    437      1
    74    491      1
    75     51      1
    75     54      1
    75     69      1
    75    130      1
    75    171      1
    76     40      1
    76     42      1
    76     84      1
    76    106      1
    76    112      1
    76    147      1
    76    354      1
    77      4      1
    77     38      1
    77     37      1
    77    123      1
    77    178      1
    77    341      1
    77    398      1
    78     27      1
    78     68      1
    78    178      1
    78    238      1
    78    300      1
    79     46      1
    79     49      1
    79     89      1
    79    109      1
    79    167      1
    79    237      1
    80     66      1
    80      9      1
    80     97      1
    80    198      1
    80    202      1
    80    207      1
    80    330      1
    80    403      1
    81      5      1
    81     44      1
    81     65      1
    81     85      1
    81     97      1
    82      6      1
    82     40      1
    82    126      1
    82    310      1
    82    338      1
    82    456      1
    83     13      1
    83     68      1
    83    102      1
    83    145      1
    83    192      1
    83    203      1
    83    209      1
    83    384      1
    84     24      1
    84     11      1
    84     76      1
    84    216      1
    84    305      1
    84    313      1
    85     81      1
    85     31      1
    85     72      1
    85    206      1
    85    233      1
    86     37      1
    86     12      1
    86    116      1
    86    420      1
    87      9      1
    87     39      1
    87     65      1
    87    105      1
    87    139      1
    87    144      1
    87    151      1
    87    444      1
    87    487      1
    88     67      1
    88     47      1
    88     91      1
    88    235      1
    88    275      1
    88    350      1
    89     79      1
    89     69      1
    89    119      1
    89    159      1
    89    353      1
    89    359      1
    89    489      1
    90     33      1
    90     15      1
    90     53      1
    90    143      1
    91     59      1
    91     88      1
    91      5      1
    91    128      1
    91    246      1
    91    451      1
    91    462      1
    92     18      1
    92     48      1
    92    150      1
    92    160      1
    92    304      1
    92    351      1
    92    413      1
    93     48      1
    93     52      1
    93    137      1
    93    170      1
    93    221      1
    93    322      1
    93    433      1
    94     27      1
    94     24      1
    94     55      1
    94     96      1
    94    392      1
    95     40      1
    95     38      1
    95     99      1
    95    100      1
    95    210      1
    95    365      1
    95    435      1
    96     94      1
    96     13      1
    96    120      1
    97     80      1
    97      3      1
    97     81      1
    97    181      1
    98     21      1
    98     14      1
    98    102      1
    98    276      1
    98    408      1
    98    426      1
    99     54      1
    99     95      1
    99     70      1
    99    182      1
    99    224      1
   100     95      1
   100      8      1
   100    132      1
   100    138      1
   100    145      1
   100    191      1
   100    205      1
   100    257      1
   100    258      1
   100    441      1
   101      5      1
   101     11      1
   101    113      1
   101    197      1
   101    320      1
   101    423      1
   102     83      1
   102     98      1
   102    138      1
   102    158      1
   102    301      1
   103     48      1
   103      5      1
   103     51      1
   103    162      1
   103    187      1
   103    261      1
   103    272      1
   103    280      1
   104     66      1
   104     24      1
   104     29      1
   104    114      1
   104    267      1
   104    446      1
   105     87      1
   105     56      1
   105    177      1
   105    186      1
   105    315      1
   105    331      1
   105    346      1
   105    437      1
   106     54      1
   106     63      1
   106     76      1
   106    249      1
   106    293      1
   106    369      1
   106    377      1
   106    412      1
   106    425      1
   107     12      1
   107     38      1
   107     70      1
   107    134      1
   107    140      1
   107    143      1
   107    301      1
   107    372      1
   107    490      1
   108     37      1
   108     51      1
   108     40      1
   108    186      1
   108    365      1
   108    393      1
   109     49      1
   109     79      1
   109     29      1
   109    217      1
   109    240      1
   109    330      1
   109    332      1
   110     38      1
   110     32      1
   110    129      1
   110    169      1
   110    189      1
   110    222      1
   110    372      1
   110    401      1
   111      9      1
   111     40      1
   111     53      1
   111    134      1
   111    292      1
   111    348      1
   111    395      1
   112     76      1
   112     27      1
   112     68      1
   112    371      1
   113     44      1
   113    101      1
   113    131      1
   113    138      1
   113    174      1
   113    195      1
   113    203      1
   113    205      1
   113    307      1
   113    314      1
   113    443      1
   113    453      1
   114    104      1
   114     68      1
   114    143      1
   114    166      1
   114    229      1
   114    294      1
   114    424      1
   115     54      1
   115     32      1
   115    318      1
   115    379      1
   115    453      1
   116     65      1
   116     86      1
   116    176      1
   116    410      1
   117     26      1
   117     43      1
   117     57      1
   117    399      1
   118      3      1
   118     11      1
   118     41      1
   118    127      1
   118    201      1
   119     43      1
   119     89      1
   119     55      1
   119    175      1
   119    250      1
   119    323      1
   119    367      1
   119    387      1
   119    388      1
   120     96      1
   120     42      1
   120    177      1
   120    189      1
   120    352      1
   120    489      1
   121     27      1
   121     70      1
   121     36      1
   121    190      1
   121    488      1
   122      7      1
   122      5      1
   122    161      1
   122    347      1
   122    424      1
   123     77      1
   123     57      1
   123     24      1
   123    142      1
   123    148      1
   123    164      1
   123    262      1
   123    335      1
   124     13      1
   124     47      1
   125     34      1
   125     53      1
   125     37      1
   125    245      1
   125    295      1
   125    374      1
   125    382      1
   126     19      1
   126     54      1
   126     82      1
   126    127      1
   126    149      1
   126    157      1
   126    253      1
   126    269      1
   127    126      1
   127    118      1
   127     65      1
   127    134      1
   127    192      1
   127    243      1
   127    478      1
   128     20      1
   128     91      1
   128    162      1
   128    231      1
   128    366      1
   128    441      1
   128    478      1
   128    481      1
   129     52      1
   129    110      1
   129    152      1
   129    169      1
   129    311      1
   129    431      1
   130     39      1
   130     75      1
   130    131      1
   130    170      1
   130    212      1
   130    267      1
   131     25      1
   131    130      1
   131    113      1
   131    137      1
   131    321      1
   131    448      1
   132    100      1
   132     42      1
   132    185      1
   132    236      1
   132    284      1
   132    316      1
   133     20      1
   133      8      1
   133    165      1
   133    424      1
   134    111      1
   134    107      1
   134    127      1
   134    168      1
   134    362      1
   134    453      1
   134    470      1
   135     48      1
   135      1      1
   135    181      1
   135    238      1
   135    358      1
   135    398      1
   136      1      1
   136     61      1
   136     59      1
   136    218      1
   136    242      1
   136    283      1
   136    392      1
   137    131      1
   137     93      1
   137     16      1
   137    176      1
   137    220      1
   137    347      1
   137    402      1
   137    466      1
   138    102      1
   138    100      1
   138    113      1
   138    180      1
   138    189      1
   138    277      1
   139     87      1
   139     52      1
   139     54      1
   139    302      1
   139    326      1
   139    327      1
   139    374      1
   139    462      1
   140    107      1
   140      1      1
   140     53      1
   140    179      1
   140    254      1
   140    452      1
   141     39      1
   141     67      1
   141    310      1
   141    356      1
   142    123      1
   142     29      1
   142    148      1
   143     90      1
   143    114      1
   143    107      1
   143    207      1
   143    242      1
   143    427      1
   144      2      1
   144     23      1
   144     87      1
   144    147      1
   144    266      1
   144    363      1
   145     83      1
   145    100      1
   145    289      1
   146     41      1
   146     27      1
   146    321      1
   146    406      1
   147     76      1
   147    144      1
   147    187      1
   148    142      1
   148     70      1
   148    123      1
   149     32      1
   149    126      1
   149    295      1
   150     92      1
   150     49      1
   150     46      1
   150    193      1
   150    312      1
   150    357      1
   151     87      1
   151     69      1
   151     16      1
   152     66      1
   152    129      1
   152     20      1
   152    230      1
   152    414      1
   153      2      1
   153     27      1
   153    253      1
   153    406      1
   154     18      1
   154     65      1
   154    260      1
   154    326      1
   155     64      1
   155     70      1
   155    184      1
   155    455      1
   156     44      1
   156      4      1
   156    370      1
   157    126      1
   157      2      1
   157     70      1
   157    278      1
   157    328      1
   157    381      1
   158     64      1
   158    102      1
   158     54      1
   158    188      1
   158    210      1
   158    213      1
   158    328      1
   158    333      1
   158    350      1
   158    466      1
   159      8      1
   159     89      1
   159     21      1
   159    280      1
   159    282      1
   159    309      1
   160     92      1
   160     55      1
   160     54      1
   160    177      1
   160    196      1
   160    225      1
   160    257      1
   160    329      1
   161     12      1
   161    122      1
   162     47      1
   162    103      1
   162    128      1
   162    188      1
   162    319      1
   163     11      1
   163     23      1
   163    255      1
   163    357      1
   163    428      1
   163    461      1
   164     34      1
   164    123      1
   164    190      1
   164    198      1
   164    265      1
   164    282      1
   164    485      1
   165    133      1
   165      4      1
   165    218      1
   165    262      1
   166     58      1
   166    114      1
   166      4      1
   166    227      1
   166    289      1
   166    338      1
   166    459      1
   167     79      1
   167     47      1
   167    197      1
   167    375      1
   167    409      1
   167    487      1
   168      3      1
   168    134      1
   168    239      1
   168    243      1
   168    252      1
   169    110      1
   169    129      1
   169    213      1
   169    238      1
   169    339      1
   169    420      1
   170     93      1
   170     20      1
   170    130      1
   170    204      1
   170    212      1
   170    290      1
   170    369      1
   171     75      1
   171     10      1
   171    234      1
   171    291      1
   171    429      1
   171    472      1
   172     61      1
   172     54      1
   172    179      1
   172    210      1
   172    217      1
   172    231      1
   172    347      1
   173     67      1
   173      2      1
   173     50      1
   173    197      1
   173    425      1
   174     65      1
   174    113      1
   174     31      1
   174    234      1
   174    375      1
   175     73      1
   175    119      1
   175     67      1
   175    432      1
   176    137      1
   176     51      1
   176    116      1
   176    199      1
   176    215      1
   176    279      1
   177    105      1
   177    120      1
   177    160      1
   177    298      1
   178     78      1
   178     77      1
   178    234      1
   178    429      1
   179    172      1
   179    140      1
   179    292      1
   179    391      1
   180     51      1
   180    138      1
   180     59      1
   180    216      1
   180    241      1
   180    310      1
   180    438      1
   180    465      1
   181     97      1
   181    135      1
   181     30      1
   181    235      1
   181    284      1
   181    323      1
   181    386      1
   181    395      1
   181    489      1
   182     12      1
   182     99      1
   182     55      1
   182    208      1
   182    224      1
   182    244      1
   183     64      1
   183     40      1
   183    228      1
   184     59      1
   184     32      1
   184    155      1
   184    381      1
   184    433      1
   184    495      1
   185    132      1
   185     28      1
   185    186      1
   185    208      1
   185    308      1
   186    185      1
   186    108      1
   186    105      1
   186    224      1
   186    226      1
   186    251      1
   187    147      1
   187    103      1
   188    158      1
   188    162      1
   188     56      1
   188    214      1
   188    304      1
   188    386      1
   188    413      1
   188    479      1
   189    138      1
   189    120      1
   189    110      1
   189    268      1
   190    121      1
   190     62      1
   190    164      1
   190    200      1
   191     59      1
   191    100      1
   191     18      1
   191    212      1
   191    259      1
   191    348      1
   192     64      1
   192    127      1
   192     83      1
   192    373      1
   193     49      1
   193    150      1
   193    222      1
   193    247      1
   193    266      1
   194     14      1
   194     48      1
   194     70      1
   194    344      1
   194    443      1
   194    484      1
   195     52      1
   195    113      1
   195    196      1
   195    288      1
   195    400      1
   196    195      1
   196    160      1
   196    242      1
   196    281      1
   196    334      1
   196    438      1
   197    173      1
   197    167      1
   197    101      1
   197    236      1
   197    430      1
   197    447      1
   198     80      1
   198    164      1
   198     66      1
   198    207      1
   198    227      1
   198    391      1
   198    404      1
   198    446      1
   199    176      1
   199     47      1
   200      7      1
   200    190      1
   200     15      1
   200    279      1
   200    292      1
   200    315      1
   200    342      1
   201      4      1
   201    118      1
   201    257      1
   201    475      1
   202     80      1
   202     27      1
   202    246      1
   202    353      1
   202    388      1
   203     83      1
   203     21      1
   203    113      1
   203    304      1
   203    324      1
   203    378      1
   203    470      1
   204     39      1
   204     59      1
   204    170      1
   204    223      1
   205     68      1
   205    113      1
   205    100      1
   206     85      1
   206     33      1
   206      7      1
   206    408      1
   206    473      1
   207    198      1
   207     80      1
   207    143      1
   207    291      1
   207    322      1
   207    327      1
   208    182      1
   208    185      1
   208     45      1
   209     83      1
   209     36      1
   209     73      1
   209    225      1
   209    251      1
   209    320      1
   210     95      1
   210    158      1
   210    172      1
   210    380      1
   211     21      1
   211      5      1
   212    170      1
   212    191      1
   212    130      1
   212    355      1
   213    158      1
   213    169      1
   214    188      1
   214     51      1
   214     57      1
   214    227      1
   214    473      1
   214    499      1
   215    176      1
   215     54      1
   215    221      1
   215    322      1
   215    409      1
   216      7      1
   216    180      1
   216     84      1
   217    172      1
   217    109      1
   217     40      1
   217    346      1
   218    136      1
   218     38      1
   218    165      1
   218    281      1
   218    396      1
   218    407      1
   218    458      1
   219     24      1
   219     16      1
   219    271      1
   220     57      1
   220    137      1
   220     27      1
   220    422      1
   221    215      1
   221     93      1
   221     22      1
   221    248      1
   221    437      1
   222    193      1
   222     25      1
   222    110      1
   222    229      1
   223    204      1
   223     31      1
   224    186      1
   224     99      1
   224    182      1
   224    245      1
   224    277      1
   224    282      1
   224    351      1
   224    377      1
   225     65      1
   225    209      1
   225    160      1
   225    239      1
   225    250      1
   226     38      1
   226    186      1
   226    250      1
   226    263      1
   226    421      1
   227    166      1
   227    214      1
   227    198      1
   227    336      1
   227    349      1
   227    418      1
   228     20      1
   228    183      1
   228    240      1
   228    342      1
   228    435      1
   228    480      1
   229    222      1
   229    114      1
   229     30      1
   230     17      1
   230     31      1
   230    152      1
   230    286      1
   231    172      1
   231    128      1
   231     44      1
   231    329      1
   232     40      1
   232     17      1
   232     19      1
   232    399      1
   232    457      1
   233     85      1
   233     39      1
   233    370      1
   234    178      1
   234    171      1
   234    174      1
   234    254      1
   234    373      1
   234    491      1
   235     88      1
   235    181      1
   235    287      1
   235    296      1
   235    481      1
   235    492      1
   236    132      1
   236    197      1
   236    299      1
   236    332      1
   237     22      1
   237     79      1
   237    269      1
   237    350      1
   238     78      1
   238    169      1
   238    135      1
   238    265      1
   238    415      1
   239    168      1
   239    225      1
   240    228      1
   240    109      1
   240    338      1
   240    380      1
   240    425      1
   240    476      1
   241     12      1
   241    180      1
   242    136      1
   242    196      1
   242    143      1
   243    168      1
   243    127      1
   243    465      1
   244    182      1
   244     42      1
   245    224      1
   245    125      1
   245    265      1
   246    202      1
   246     91      1
   246     68      1
   246    249      1
   246    256      1
   246    286      1
   247    193      1
   247     73      1
   247    319      1
   248    221      1
   248     23      1
   248     51      1
   248    287      1
   248    306      1
   249    106      1
   249     16      1
   249    246      1
   249    270      1
   249    411      1
   250    226      1
   250    225      1
   250    119      1
   250    281      1
   250    367      1
   251     52      1
   251    186      1
   251    209      1
   251    472      1
   252    168      1
   252     63      1
   252    415      1
   253    153      1
   253    126      1
   253    317      1
   253    442      1
   254    140      1
   254     60      1
   254    234      1
   254    283      1
   254    354      1
   254    407      1
   255    163      1
   255     17      1
   255    340      1
   255    397      1
   256    246      1
   256     41      1
   256    337      1
   256    421      1
   257    100      1
   257    201      1
   257    160      1
   257    298      1
   258    100      1
   258     60      1
   258    405      1
   259     43      1
   259    191      1
   259     24      1
   259    340      1
   259    343      1
   259    414      1
   260    154      1
   260     14      1
   260    275      1
   260    317      1
   260    345      1
   260    357      1
   261      9      1
   261    103      1
   261    301      1
   261    411      1
   262    165      1
   262    123      1
   262     57      1
   262    283      1
   263     44      1
   263    226      1
   263    274      1
   263    278      1
   264     19      1
   264     47      1
   264    290      1
   264    455      1
   265    238      1
   265    164      1
   265    245      1
   265    319      1
   266     43      1
   266    193      1
   266    144      1
   266    290      1
   267     65      1
   267    130      1
   267    104      1
   267    268      1
   267    288      1
   267    416      1
   268     60      1
   268    189      1
   268    267      1
   269    237      1
   269     72      1
   269    126      1
   270     29      1
   270    249      1
   271    219      1
   271     19      1
   271      1      1
   272     56      1
   272    103      1
   272    297      1
   273      5      1
   273     33      1
   274     32      1
   274    263      1
   275     51      1
   275    260      1
   275     88      1
   275    352      1
   275    358      1
   275    459      1
   276     98      1
   276     38      1
   276    393      1
   276    423      1
   277    138      1
   277    224      1
   277     24      1
   277    452      1
   278    263      1
   278    157      1
   279    200      1
   279    176      1
   279    370      1
   280    103      1
   280    159      1
   280    366      1
   281    250      1
   281    218      1
   281    196      1
   281    344      1
   281    482      1
   282    224      1
   282    159      1
   282    164      1
   282    293      1
   282    296      1
   283    136      1
   283    262      1
   283    254      1
   283    307      1
   283    433      1
   284    181      1
   284    132      1
   285     56      1
   285     68      1
   285    299      1
   285    344      1
   286    246      1
   286    230      1
   287    235      1
   287    248      1
   287     60      1
   287    455      1
   288    195      1
   288     45      1
   288    267      1
   288    380      1
   288    393      1
   289    166      1
   289    145      1
   289    452      1
   289    458      1
   290    170      1
   290    266      1
   290    264      1
   291     67      1
   291    207      1
   291    171      1
   291    343      1
   292    179      1
   292    111      1
   292    200      1
   292    309      1
   292    316      1
   292    412      1
   293    282      1
   293    106      1
   293    335      1
   293    352      1
   293    484      1
   294     74      1
   294    114      1
   294     64      1
   294    307      1
   294    308      1
   295    125      1
   295    149      1
   296    282      1
   296    235      1
   296    333      1
   296    488      1
   297     65      1
   297     29      1
   297    272      1
   297    317      1
   297    464      1
   298    257      1
   298    177      1
   298    337      1
   298    402      1
   298    497      1
   299    285      1
   299    236      1
   300     27      1
   300     78      1
   300    429      1
   300    493      1
   301    261      1
   301    107      1
   301    102      1
   301    385      1
   302    139      1
   302     27      1
   303      9      1
   303     10      1
   303    342      1
   303    467      1
   303    486      1
   304    188      1
   304     92      1
   304    203      1
   304    395      1
   305     84      1
   305     15      1
   305    341      1
   305    483      1
   306     56      1
   306    248      1
   306    361      1
   306    374      1
   306    384      1
   306    410      1
   306    492      1
   307    113      1
   307    283      1
   307    294      1
   308    294      1
   308    185      1
   308     56      1
   308    314      1
   308    420      1
   309     64      1
   309    292      1
   309    159      1
   309    436      1
   310    180      1
   310     82      1
   310    141      1
   310    334      1
   310    377      1
   311      7      1
   311    129      1
   311    427      1
   312     47      1
   312    150      1
   313     84      1
   313     61      1
   314    113      1
   314     32      1
   314    308      1
   315    200      1
   315    105      1
   315    339      1
   315    371      1
   315    398      1
   316    292      1
   316    132      1
   316     46      1
   317    297      1
   317    253      1
   317    260      1
   318     59      1
   318    115      1
   318    340      1
   319    162      1
   319    247      1
   319    265      1
   319    325      1
   319    343      1
   319    376      1
   320     30      1
   320    209      1
   320    101      1
   320    379      1
   320    451      1
   321     48      1
   321    131      1
   321    146      1
   322    207      1
   322     93      1
   322    215      1
   322    391      1
   322    486      1
   323    181      1
   323    119      1
   323    328      1
   323    401      1
   324     74      1
   324    203      1
   324    485      1
   324    491      1
   325    319      1
   325     72      1
   325      2      1
   325    396      1
   326    154      1
   326    139      1
   327    139      1
   327     42      1
   327    207      1
   328    157      1
   328    323      1
   328    158      1
   328    383      1
   329    231      1
   329    160      1
   330     80      1
   330    109      1
   331    105      1
   331     70      1
   332    236      1
   332    109      1
   332     58      1
   332    346      1
   332    443      1
   333     36      1
   333    158      1
   333    296      1
   334    196      1
   334    310      1
   335     16      1
   335    123      1
   335    293      1
   336     50      1
   336    227      1
   337     46      1
   337    256      1
   337    298      1
   337    460      1
   338    166      1
   338    240      1
   338     82      1
   338    480      1
   339    169      1
   339    315      1
   339     71      1
   340    318      1
   340    255      1
   340    259      1
   340    408      1
   340    434      1
   340    449      1
   341     77      1
   341    305      1
   341     54      1
   341    419      1
   341    496      1
   342    303      1
   342    228      1
   342    200      1
   342    467      1
   343    319      1
   343    291      1
   343    259      1
   343    419      1
   344    194      1
   344    285      1
   344    281      1
   344    382      1
   344    400      1
   344    416      1
   344    450      1
   345      9      1
   345    260      1
   346    217      1
   346    332      1
   346    105      1
   346    360      1
   347    122      1
   347    137      1
   347    172      1
   347    439      1
   348    191      1
   348    111      1
   348     26      1
   348    446      1
   348    497      1
   349    227      1
   349     35      1
   350    237      1
   350     88      1
   350    158      1
   351     92      1
   351    224      1
   351     40      1
   351    353      1
   351    388      1
   351    445      1
   352    293      1
   352    120      1
   352    275      1
   353     89      1
   353    202      1
   353    351      1
   353    389      1
   354    254      1
   354     76      1
   355    212      1
   355     27      1
   356    141      1
   356     53      1
   356    376      1
   357    150      1
   357    163      1
   357    260      1
   358    135      1
   358     74      1
   358    275      1
   358    403      1
   358    436      1
   358    454      1
   359     64      1
   359     89      1
   359    417      1
   360    346      1
   360     55      1
   360     72      1
   361    306      1
   361      4      1
   362    134      1
   362     18      1
   362     72      1
   362    368      1
   363     74      1
   363    144      1
   364     37      1
   364      7      1
   364    382      1
   364    390      1
   364    403      1
   365     65      1
   365    108      1
   365     95      1
   366    280      1
   366    128      1
   367    119      1
   367    250      1
   367     40      1
   367    386      1
   367    477      1
   368    362      1
   368      9      1
   369    106      1
   369    170      1
   369    478      1
   370    279      1
   370    233      1
   370    156      1
   370    494      1
   371    112      1
   371    315      1
   371    461      1
   371    470      1
   372    107      1
   372    110      1
   373    234      1
   373    192      1
   374    139      1
   374    125      1
   374    306      1
   374    378      1
   375    174      1
   375    167      1
   375    402      1
   376    319      1
   376    356      1
   377    310      1
   377    224      1
   377    106      1
   378     44      1
   378    374      1
   378    203      1
   378    432      1
   378    463      1
   379    320      1
   379    115      1
   379     19      1
   380    288      1
   380    210      1
   380    240      1
   380    417      1
   381    157      1
   381    184      1
   381    454      1
   381    471      1
   382    125      1
   382    344      1
   382    364      1
   383     54      1
   383    328      1
   384    306      1
   384     83      1
   384    422      1
   385     61      1
   385    301      1
   386    181      1
   386    367      1
   386    188      1
   387    119      1
   387     72      1
   388    119      1
   388    202      1
   388    351      1
   388    427      1
   388    469      1
   389    353      1
   389     57      1
   389     25      1
   390    364      1
   390      2      1
   390    476      1
   391    179      1
   391    322      1
   391    198      1
   392     94      1
   392    136      1
   393    288      1
   393    276      1
   393    108      1
   393    456      1
   394     71      1
   394     28      1
   394    457      1
   395    111      1
   395    181      1
   395    304      1
   395    464      1
   396    325      1
   396    218      1
   396    451      1
   397      0      1
   397    255      1
   398    315      1
   398     77      1
   398    135      1
   399    232      1
   399    117      1
   399    426      1
   400    195      1
   400     50      1
   400    344      1
   400    440      1
   400    493      1
   401    323      1
   401    110      1
   402    298      1
   402    375      1
   402    137      1
   402    418      1
   403     80      1
   403    358      1
   403    364      1
   404    198      1
   404     56      1
   405     29      1
   405    258      1
   405    450      1
   406    153      1
   406    146      1
   407    254      1
   407     38      1
   407    218      1
   407    464      1
   408    206      1
   408    340      1
   408     98      1
   408    444      1
   409    215      1
   409    167      1
   410     48      1
   410    116      1
   410    306      1
   410    421      1
   411    261      1
   411    249      1
   411     39      1
   411    432      1
   412    292      1
   412      3      1
   412    106      1
   413     92      1
   413    188      1
   413     38      1
   414    152      1
   414    259      1
   414     36      1
   414    426      1
   415    238      1
   415    252      1
   415    481      1
   415    490      1
   416    344      1
   416    267      1
   417    359      1
   417    380      1
   418    227      1
   418    402      1
   419    341      1
   419    343      1
   420    169      1
   420    308      1
   420     86      1
   421    226      1
   421    410      1
   421    256      1
   422    220      1
   422    384      1
   422     25      1
   423    276      1
   423    101      1
   423    480      1
   424    133      1
   424    122      1
   424    114      1
   425    106      1
   425    173      1
   425    240      1
   425    475      1
   426    399      1
   426     98      1
   426    414      1
   426    488      1
   427    143      1
   427    388      1
   427    311      1
   428     30      1
   428    163      1
   429    178      1
   429    300      1
   429    171      1
   429    430      1
   430    197      1
   430    429      1
   430      8      1
   431     59      1
   431    129      1
   432    175      1
   432    411      1
   432    378      1
   433    283      1
   433    184      1
   433     93      1
   434     38      1
   434    340      1
   434    439      1
   435    228      1
   435     95      1
   435    440      1
   435    482      1
   436    358      1
   436    309      1
   436     36      1
   437     74      1
   437    221      1
   437    105      1
   438    180      1
   438    196      1
   439     33      1
   439    434      1
   439    347      1
   440    435      1
   440    400      1
   441    100      1
   441    128      1
   441     50      1
   442     53      1
   442     27      1
   442    253      1
   443    332      1
   443    113      1
   443    194      1
   444    408      1
   444     87      1
   445     54      1
   445    351      1
   446    198      1
   446    348      1
   446    104      1
   447     18      1
   447    197      1
   447    476      1
   448    131      1
   448      8      1
   449    340      1
   449     18      1
   450    405      1
   450    344      1
   450    469      1
   450    495      1
   451    396      1
   451     91      1
   451    320      1
   452    140      1
   452    277      1
   452    289      1
   453    134      1
   453    115      1
   453    113      1
   454    381      1
   454    358      1
   454    456      1
   455    264      1
   455    155      1
   455    287      1
   456    454      1
   456     82      1
   456    393      1
   457    394      1
   457    232      1
   458    218      1
   458    289      1
   458     72      1
   459    275      1
   459    166      1
   459    497      1
   460    337      1
   460     15      1
   461    163      1
   461     64      1
   461    371      1
   461    479      1
   462     91      1
   462    139      1
   463    378      1
   463     64      1
   464    297      1
   464    407      1
   464    395      1
   465    243      1
   465    180      1
   466    137      1
   466    158      1
   467    342      1
   467    303      1
   468     72      1
   468     40      1
   469     10      1
   469    388      1
   469    450      1
   470    134      1
   470    203      1
   470    371      1
   471     64      1
   471    381      1
   471    474      1
   472    251      1
   472    171      1
   472    494      1
   473    206      1
   473    214      1
   474     48      1
   474    471      1
   474     44      1
   475    425      1
   475    201      1
   476    447      1
   476    240      1
   476    390      1
   477      6      1
   477    367      1
   478    127      1
   478    128      1
   478    369      1
   479    461      1
   479    188      1
   479     45      1
   479    485      1
   480    228      1
   480    338      1
   480    423      1
   481    415      1
   481    235      1
   481    128      1
   482    281      1
   482    435      1
   483    305      1
   483     49      1
   483    487      1
   484    293      1
   484     17      1
   484    194      1
   485    164      1
   485    479      1
   485    324      1
   486     14      1
   486    303      1
   486    322      1
   487    483      1
   487    167      1
   487     87      1
   488    296      1
   488    121      1
   488    426      1
   489    120      1
   489    181      1
   489     89      1
   490    415      1
   490    107      1
   491    234      1
   491     74      1
   491    324      1
   492    306      1
   492    235      1
   493    400      1
   493    300      1
   494    472      1
   494    370      1
   495     61      1
   495    450      1
   495    184      1
   496    341      1
   496     57      1
   497    298      1
   497    348      1
   497    459      1
   498     48      1
   498     27      1
   499    214      1
   499     10      1
   499     55      1
