COORD_X_Y 200
  1.12809   2.44953
  2.62602   1.86222
  2.16993   1.75038
 0.587048 0.0155017
 0.952303   2.08618
 0.383294   2.07277
  1.32262  0.411458
 0.490199   2.66444
 0.811134   2.08406
  2.66456   2.51133
  2.50866   1.90373
  1.08198  0.886987
 0.995157  0.990828
0.0541454    2.8045
  2.98859  0.597976
 0.434094   2.09708
  2.37638   1.68239
 0.127412   2.87542
  2.45543   2.73178
  2.69838    2.5717
  2.59193   2.07199
 0.626121   1.02285
  1.09245   1.09349
 0.883236   1.77177
 0.371706   2.30055
  1.64787  0.135188
  2.95512   1.64071
  2.48573   2.34704
  1.77493   2.72374
  1.29552   1.01576
   1.3674  0.914505
 0.299827   2.51026
  1.14043   1.17065
  2.98678   1.89159
   1.1728   2.59541
  1.74471  0.736187
  1.36148   1.92069
 0.206505 0.0449666
  2.04571   2.82455
 0.645744   2.01707
  1.14562  0.574466
  1.49356 0.0743116
 0.998358   1.32489
 0.612178    0.2627
    2.521   1.63066
  2.11984  0.301412
   1.6351   1.51108
  1.46077   1.06702
  2.71586   1.73879
  1.10754   2.87578
 0.482826   2.84896
 0.261743   1.06867
  0.29505   2.51024
  2.37496   1.58044
 0.937617   1.29091
 0.619665 0.00477333
   2.9994   2.54495
  1.55667   1.21284
   2.6214    1.1345
  1.17346   1.66588
  1.90249    1.8834
  2.98778   2.28752
  2.55536   2.32378
  2.93635  0.510553
  2.07212 0.0426935
  2.47623   2.66827
  1.31733   1.98077
  1.00593  0.959305
  2.82277  0.185881
  1.30655   1.73594
0.0518214   1.03693
  1.38827   1.92392
 0.602986   1.08917
 0.222146  0.176845
  1.56022   1.03027
  2.80426   2.47458
  1.83229   2.43757
 0.133855   2.00074
  1.23322  0.173845
  1.58515   1.08188
  2.06438   1.26736
 0.928495  0.826002
 0.601814   2.05486
  1.84586    1.0331
 0.189895   1.81698
 0.644171   1.50943
  1.85539   1.49889
  1.78103   2.62868
  2.75182   1.13193
  2.34024   1.16903
  2.81421  0.348121
  1.75332   1.33821
  1.85188  0.266968
 0.972901  0.373446
  1.45966   2.26882
  2.45311   2.08611
  1.79354  0.885243
 0.175982 0.0758241
  1.27816   1.65026
 0.805162    2.9747
 0.143656   2.15309
  2.01806  0.944843
  1.39888   1.71842
  2.11117   1.05691
  1.02258   1.03848
  2.99642   2.18876
  0.53825   1.30606
  0.82749   1.00045
  1.52242    1.0877
 0.680088    2.0182
  2.24621   2.93094
  2.54116   1.26209
     1.93    2.7623
  1.41488     1.201
 0.790079   2.29654
  2.78781   2.58871
 0.450543    2.8507
 0.708964   1.20959
  1.60553  0.312562
 0.128393   1.71043
  2.87523  0.984821
  1.42379   2.24323
 0.692878   2.83144
  1.83677   2.79091
0.0965723  0.417944
  0.51052   2.76071
  2.76808  0.262738
  1.64793   2.95487
 0.445901   1.81326
 0.125511 0.0835655
 0.596267   1.29908
  0.33516   1.72035
 0.731603   2.23727
  2.76583  0.358171
0.0712577   2.43038
 0.594076  0.242343
 0.324938  0.909671
   2.1121   1.26884
  2.90824  0.141401
   1.6579  0.675135
  1.00004   2.63163
 0.910386   1.29979
  1.61071   2.70083
  1.11542   1.24476
  1.99878  0.890804
  1.14767  0.819239
  2.72756   0.29931
 0.822391   0.77496
 0.886848   2.58831
  1.39638   1.77888
 0.618262  0.211872
 0.422882  0.174033
  0.61106  0.532534
 0.224479   2.81463
 0.312414   2.33749
  2.08839  0.957238
 0.519037   1.77247
  2.43364   1.92251
0.0310571   1.78558
  1.59101  0.875598
  2.02445    1.9608
   2.7599  0.200967
  1.88938  0.207123
  2.65091     1.953
 0.709909 0.0853659
 0.276823   2.19546
 0.142257   1.76182
  2.94065   2.93534
  2.04555   2.21404
  2.67157  0.877772
 0.953464   2.53872
  2.24926   2.77432
 0.217194   1.10272
  2.86756    1.8019
  1.27921   1.74309
  1.20113   1.18497
  2.57457 0.0521362
 0.814019    2.8071
0.0148043   1.37186
 0.837535   1.22323
  2.00586   1.54875
  1.62412   2.88323
  0.91436   2.12319
  2.30475   2.36218
  1.70718  0.125466
 0.344221   1.28868
 0.278378   2.62309
  0.80671   2.17064
 0.172257  0.685983
0.0700322    1.6997
  2.19554   1.09989
  1.13106    1.3796
  1.87637  0.359434
 0.437634   2.57962
  1.30865   1.83193
0.0490179   0.92793
 0.721957   2.01765
  2.18313  0.776381
 0.540241   1.87895
  1.33833  0.509536
LINKS_SOURCE_DESTINATION_DISTANCE 992
     0      1      1
     0      2      1
     0      3      1
     0      4      1
     0      6      1
     0      9      1
     0     13      1
     0     17      1
     0     21      1
     0     28      1
     0     32      1
     0     40      1
     0     74      1
     0    132      1
     0    143      1
     0    152      1
     1      0      1
     1      4      1
     1      5      1
     1      6      1
     1     24      1
     1     35      1
     1     40      1
     1     68      1
     1     72      1
     1     82      1
     1    147      1
     1    148      1
     1    187      1
     1    188      1
     2      0      1
     2      4      1
     2      7      1
     2      9      1
     2     12      1
     2     14      1
     2     18      1
     2     19      1
     2     27      1
     2     68      1
     2    108      1
     2    133      1
     2    157      1
     2    160      1
     3      0      1
     3      9      1
     3     15      1
     3     23      1
     3     27      1
     3     51      1
     3     53      1
     3     76      1
     3    114      1
     4      1      1
     4      0      1
     4      2      1
     4      5      1
     4      7      1
     4      8      1
     4     14      1
     4     17      1
     4     28      1
     4     34      1
     4     59      1
     5      1      1
     5      4      1
     5      6      1
     5      7      1
     5      8      1
     5     13      1
     5     20      1
     5     42      1
     5     51      1
     5     58      1
     5     80      1
     5     87      1
     6      5      1
     6      0      1
     6      1      1
     6     10      1
     6     11      1
     6     26      1
     6     64      1
     6     66      1
     6    113      1
     7      5      1
     7      2      1
     7      4      1
     7     18      1
     7     19      1
     7     28      1
     7     29      1
     7     46      1
     7    134      1
     8      5      1
     8      4      1
     8     12      1
     8     15      1
     8     18      1
     8     27      1
     8     75      1
     8    103      1
     9      2      1
     9      3      1
     9      0      1
     9     10      1
     9     11      1
     9     24      1
     9     35      1
     9     66      1
     9     86      1
     9    124      1
    10      9      1
    10      6      1
    10     29      1
    10     41      1
    10     83      1
    10    161      1
    11      9      1
    11      6      1
    11     13      1
    11     16      1
    11     70      1
    11    120      1
    11    133      1
    12      2      1
    12      8      1
    12     33      1
    12     36      1
    12     77      1
    12     88      1
    12    153      1
    12    163      1
    12    170      1
    12    181      1
    12    188      1
    13     11      1
    13      0      1
    13      5      1
    13     32      1
    13     43      1
    13     52      1
    13     91      1
    13    139      1
    13    172      1
    13    180      1
    14      2      1
    14      4      1
    14     16      1
    14     34      1
    14     35      1
    14     42      1
    14     50      1
    14     56      1
    14     77      1
    14    110      1
    14    111      1
    14    130      1
    15      8      1
    15      3      1
    15     16      1
    15     22      1
    15     26      1
    15     31      1
    15     63      1
    15     74      1
    15    104      1
    15    197      1
    16     14      1
    16     11      1
    16     15      1
    16     21      1
    16     81      1
    16    183      1
    17      0      1
    17      4      1
    17     25      1
    17     29      1
    17     49      1
    17     52      1
    17    191      1
    18      8      1
    18      7      1
    18      2      1
    18     20      1
    18     22      1
    18     38      1
    18     63      1
    18     70      1
    18     85      1
    18    147      1
    19      7      1
    19      2      1
    19     20      1
    19     21      1
    19     30      1
    19     47      1
    19     48      1
    19     58      1
    19     62      1
    20     19      1
    20      5      1
    20     18      1
    20     23      1
    20     24      1
    20     48      1
    20    113      1
    20    121      1
    21     16      1
    21     19      1
    21      0      1
    21     31      1
    21     39      1
    21     71      1
    21     81      1
    22     15      1
    22     18      1
    22     49      1
    22     54      1
    22     58      1
    22     71      1
    22     98      1
    22    130      1
    22    173      1
    23      3      1
    23     20      1
    23     39      1
    23     73      1
    23    116      1
    24      1      1
    24     20      1
    24      9      1
    24     25      1
    24     86      1
    24    111      1
    24    118      1
    25     17      1
    25     24      1
    25     37      1
    25     38      1
    25     67      1
    25    102      1
    25    138      1
    26      6      1
    26     15      1
    26     37      1
    26     45      1
    26     51      1
    26     80      1
    26     91      1
    26    177      1
    26    193      1
    27      3      1
    27      8      1
    27      2      1
    27     30      1
    27     31      1
    27     46      1
    27    136      1
    27    195      1
    28      0      1
    28      4      1
    28      7      1
    28     33      1
    28     36      1
    28     44      1
    28     59      1
    28     93      1
    28    186      1
    28    194      1
    29     10      1
    29      7      1
    29     17      1
    29    140      1
    30     27      1
    30     19      1
    30    112      1
    31     21      1
    31     15      1
    31     27      1
    31     56      1
    31     65      1
    31    130      1
    31    136      1
    31    194      1
    32     13      1
    32      0      1
    32     34      1
    32     62      1
    32     63      1
    32     83      1
    32     95      1
    32    154      1
    32    198      1
    33     28      1
    33     12      1
    33     39      1
    33     50      1
    33     77      1
    33    183      1
    34     32      1
    34      4      1
    34     14      1
    34     67      1
    34     85      1
    34    108      1
    34    119      1
    34    146      1
    35     14      1
    35      1      1
    35      9      1
    35     38      1
    35     82      1
    35    128      1
    35    129      1
    36     28      1
    36     12      1
    36     53      1
    36     54      1
    36     55      1
    36     61      1
    36    129      1
    36    133      1
    37     26      1
    37     25      1
    37     57      1
    37     76      1
    37     78      1
    37     89      1
    37    170      1
    37    178      1
    38     18      1
    38     35      1
    38     25      1
    38     41      1
    38     69      1
    38     96      1
    38     98      1
    38    106      1
    38    112      1
    38    162      1
    39     23      1
    39     21      1
    39     33      1
    39     52      1
    39    153      1
    40      1      1
    40      0      1
    40     53      1
    40    116      1
    40    172      1
    41     38      1
    41     10      1
    41     43      1
    41     44      1
    41     55      1
    41     57      1
    41    135      1
    41    193      1
    42     14      1
    42      5      1
    42     47      1
    42     75      1
    42     83      1
    42    123      1
    42    162      1
    43     13      1
    43     41      1
    43     44      1
    43    134      1
    43    152      1
    43    154      1
    43    168      1
    44     28      1
    44     43      1
    44     41      1
    44     45      1
    44     64      1
    44     65      1
    44     72      1
    44     97      1
    45     26      1
    45     44      1
    45     57      1
    45     60      1
    45     69      1
    45    105      1
    45    156      1
    45    160      1
    46      7      1
    46     27      1
    46     61      1
    46     74      1
    46     78      1
    46     84      1
    47     42      1
    47     19      1
    47    142      1
    48     20      1
    48     19      1
    48     70      1
    49     17      1
    49     22      1
    49     60      1
    49     88      1
    49     95      1
    49    117      1
    49    118      1
    49    126      1
    50     14      1
    50     33      1
    50     71      1
    50     84      1
    50    101      1
    50    107      1
    50    186      1
    51      5      1
    51      3      1
    51     26      1
    51     95      1
    51    109      1
    51    145      1
    52     17      1
    52     39      1
    52     13      1
    52     92      1
    52    105      1
    52    140      1
    52    144      1
    53     36      1
    53      3      1
    53     40      1
    53     65      1
    53    167      1
    54     22      1
    54     36      1
    54    142      1
    54    145      1
    55     41      1
    55     36      1
    55     61      1
    56     14      1
    56     31      1
    56    109      1
    56    135      1
    57     45      1
    57     41      1
    57     37      1
    57     62      1
    57     79      1
    57    102      1
    57    117      1
    57    141      1
    58      5      1
    58     22      1
    58     19      1
    58     79      1
    58     85      1
    58    154      1
    58    158      1
    59      4      1
    59     28      1
    60     49      1
    60     45      1
    60     90      1
    60     96      1
    60    128      1
    60    198      1
    61     55      1
    61     46      1
    61     36      1
    61     92      1
    61     94      1
    61    102      1
    61    123      1
    61    134      1
    61    188      1
    62     32      1
    62     19      1
    62     57      1
    62    128      1
    62    192      1
    63     15      1
    63     18      1
    63     32      1
    63    106      1
    63    127      1
    64     44      1
    64      6      1
    64    101      1
    65     31      1
    65     53      1
    65     44      1
    65     82      1
    66      9      1
    66      6      1
    66     76      1
    66     94      1
    66    196      1
    67     34      1
    67     25      1
    67     84      1
    67    129      1
    67    187      1
    68      1      1
    68      2      1
    68     75      1
    68     96      1
    68    106      1
    69     38      1
    69     45      1
    69     93      1
    69    114      1
    69    189      1
    70     48      1
    70     18      1
    70     11      1
    70    167      1
    71     21      1
    71     50      1
    71     22      1
    71     91      1
    72     44      1
    72      1      1
    72     73      1
    72    121      1
    72    167      1
    72    182      1
    73     72      1
    73     23      1
    73    175      1
    74      0      1
    74     46      1
    74     15      1
    74    149      1
    74    166      1
    75     42      1
    75      8      1
    75     68      1
    75     87      1
    75    176      1
    75    178      1
    75    192      1
    76     66      1
    76     37      1
    76      3      1
    76    123      1
    76    165      1
    76    176      1
    77     12      1
    77     33      1
    77     14      1
    77    111      1
    77    181      1
    78     37      1
    78     46      1
    78    169      1
    78    196      1
    79     58      1
    79     57      1
    79    116      1
    79    119      1
    79    152      1
    80     26      1
    80      5      1
    80    115      1
    80    148      1
    81     21      1
    81     16      1
    81    101      1
    81    149      1
    82      1      1
    82     35      1
    82     65      1
    82    150      1
    83     42      1
    83     10      1
    83     32      1
    83     90      1
    83     93      1
    83    109      1
    84     50      1
    84     46      1
    84     67      1
    84    132      1
    84    137      1
    85     18      1
    85     58      1
    85     34      1
    85    115      1
    85    141      1
    86     24      1
    86      9      1
    86    145      1
    86    147      1
    87     75      1
    87      5      1
    87     99      1
    87    103      1
    87    164      1
    88     49      1
    88     12      1
    88     89      1
    88     97      1
    88    112      1
    88    113      1
    88    199      1
    89     37      1
    89     88      1
    89    180      1
    89    185      1
    90     83      1
    90     60      1
    90    155      1
    90    195      1
    91     71      1
    91     13      1
    91     26      1
    91    104      1
    91    120      1
    92     61      1
    92     52      1
    92    137      1
    93     83      1
    93     69      1
    93     28      1
    93     99      1
    93    100      1
    93    159      1
    93    168      1
    93    196      1
    94     66      1
    94     61      1
    94     99      1
    94    173      1
    95     32      1
    95     49      1
    95     51      1
    95    139      1
    96     68      1
    96     60      1
    96     38      1
    96    100      1
    96    119      1
    96    153      1
    96    163      1
    97     44      1
    97     88      1
    98     38      1
    98     22      1
    98    100      1
    98    103      1
    98    138      1
    98    168      1
    99     87      1
    99     93      1
    99     94      1
    99    124      1
   100     96      1
   100     93      1
   100     98      1
   100    189      1
   101     64      1
   101     81      1
   101     50      1
   101    118      1
   101    164      1
   102     57      1
   102     25      1
   102     61      1
   102    125      1
   103      8      1
   103     87      1
   103     98      1
   104     15      1
   104     91      1
   104    126      1
   105     52      1
   105     45      1
   105    107      1
   105    160      1
   105    174      1
   105    194      1
   106     68      1
   106     63      1
   106     38      1
   106    115      1
   106    165      1
   106    182      1
   107     50      1
   107    105      1
   107    122      1
   108     34      1
   108      2      1
   108    110      1
   109     51      1
   109     83      1
   109     56      1
   110     14      1
   110    108      1
   110    179      1
   111     24      1
   111     77      1
   111     14      1
   111    127      1
   111    155      1
   112     30      1
   112     88      1
   112     38      1
   112    156      1
   112    186      1
   113     88      1
   113     20      1
   113      6      1
   113    144      1
   113    172      1
   114      3      1
   114     69      1
   114    122      1
   115     80      1
   115     85      1
   115    106      1
   116     23      1
   116     40      1
   116     79      1
   116    117      1
   116    136      1
   116    142      1
   117     57      1
   117     49      1
   117    116      1
   118    101      1
   118     24      1
   118     49      1
   118    131      1
   118    135      1
   118    163      1
   118    197      1
   119     96      1
   119     34      1
   119     79      1
   119    125      1
   119    131      1
   120     11      1
   120     91      1
   120    146      1
   121     72      1
   121     20      1
   121    159      1
   122    107      1
   122    114      1
   123     76      1
   123     61      1
   123     42      1
   123    143      1
   124      9      1
   124     99      1
   124    175      1
   125    119      1
   125    102      1
   125    127      1
   125    151      1
   125    182      1
   126    104      1
   126     49      1
   127    125      1
   127     63      1
   127    111      1
   128     62      1
   128     35      1
   128     60      1
   128    165      1
   129     67      1
   129     36      1
   129     35      1
   130     14      1
   130     22      1
   130     31      1
   130    138      1
   130    141      1
   131    119      1
   131    118      1
   132     84      1
   132      0      1
   133     11      1
   133     36      1
   133      2      1
   134      7      1
   134     61      1
   134     43      1
   134    151      1
   134    169      1
   135     56      1
   135    118      1
   135     41      1
   136     31      1
   136    116      1
   136     27      1
   136    171      1
   136    173      1
   136    175      1
   136    198      1
   137     84      1
   137     92      1
   138     25      1
   138     98      1
   138    130      1
   138    146      1
   139     13      1
   139     95      1
   139    150      1
   140     29      1
   140     52      1
   140    151      1
   140    181      1
   141    130      1
   141     57      1
   141     85      1
   141    190      1
   142     47      1
   142    116      1
   142     54      1
   143      0      1
   143    123      1
   143    157      1
   144     52      1
   144    113      1
   145     51      1
   145     86      1
   145     54      1
   146    138      1
   146    120      1
   146     34      1
   147     86      1
   147      1      1
   147     18      1
   147    187      1
   148      1      1
   148     80      1
   149     81      1
   149     74      1
   149    161      1
   149    176      1
   150     82      1
   150    139      1
   150    179      1
   150    191      1
   151    140      1
   151    125      1
   151    134      1
   152     43      1
   152      0      1
   152     79      1
   152    177      1
   153     96      1
   153     39      1
   153     12      1
   153    166      1
   153    180      1
   153    184      1
   154     43      1
   154     58      1
   154     32      1
   155    111      1
   155     90      1
   155    158      1
   155    170      1
   156     45      1
   156    112      1
   156    185      1
   157    143      1
   157      2      1
   158    155      1
   158     58      1
   158    174      1
   159     93      1
   159    121      1
   160     45      1
   160      2      1
   160    105      1
   161    149      1
   161     10      1
   161    169      1
   162     38      1
   162     42      1
   163     12      1
   163    118      1
   163     96      1
   164     87      1
   164    101      1
   165    106      1
   165     76      1
   165    128      1
   165    171      1
   166    153      1
   166     74      1
   167     53      1
   167     72      1
   167     70      1
   168     93      1
   168     98      1
   168     43      1
   168    178      1
   169    134      1
   169    161      1
   169     78      1
   170    155      1
   170     12      1
   170     37      1
   171    136      1
   171    165      1
   172    113      1
   172     40      1
   172     13      1
   173     94      1
   173     22      1
   173    136      1
   173    177      1
   173    184      1
   174    105      1
   174    158      1
   175    136      1
   175     73      1
   175    124      1
   176     75      1
   176     76      1
   176    149      1
   177    152      1
   177    173      1
   177     26      1
   178     37      1
   178     75      1
   178    168      1
   178    199      1
   179    150      1
   179    110      1
   179    192      1
   180    153      1
   180     13      1
   180     89      1
   181    140      1
   181     77      1
   181     12      1
   181    185      1
   182    106      1
   182    125      1
   182     72      1
   183     33      1
   183     16      1
   183    184      1
   184    183      1
   184    153      1
   184    173      1
   185    156      1
   185    181      1
   185     89      1
   186     28      1
   186    112      1
   186     50      1
   187      1      1
   187     67      1
   187    147      1
   188     12      1
   188      1      1
   188     61      1
   189     69      1
   189    100      1
   189    190      1
   190    189      1
   190    141      1
   191    150      1
   191     17      1
   192    179      1
   192     75      1
   192     62      1
   193     26      1
   193     41      1
   194     31      1
   194    105      1
   194     28      1
   195     90      1
   195     27      1
   196     78      1
   196     93      1
   196     66      1
   197    118      1
   197     15      1
   198     60      1
   198    136      1
   198     32      1
   199    178      1
   199     88      1
