COORD_X_Y 100
 0.522448   2.25742
  2.53754   2.14107
  1.57801    2.3144
  2.53536   1.89969
  1.77137  0.815402
  2.56526  0.614496
  2.01388   2.03914
  1.40343   1.39218
  1.64845   2.91014
  2.28588   2.17358
 0.789231   1.44266
  2.70244   1.05025
  2.91406   2.02332
 0.407959   2.53807
  2.26003   1.64339
 0.406224   1.58934
 0.685173   2.24066
  1.55069   1.83495
 0.902217   2.66451
  2.61997 0.0784585
  1.58042   2.01334
   1.7396   1.41022
  1.12862  0.663091
  2.08918   2.58952
  2.75191  0.745415
  2.24442   1.64252
  2.85798  0.751295
   1.0218   2.01197
 0.931535    1.5906
  2.57672   2.67077
0.0544375   1.24019
  2.58629  0.917979
 0.659901    1.6408
  2.24376   1.05097
 0.590354   1.57968
  1.63202  0.214373
 0.616955  0.234686
 0.805799   2.89903
  1.23931   1.00386
  1.96894  0.163796
  2.58523   2.53317
  2.08792   1.93072
  1.38639   1.29042
  1.10205   1.58196
 0.309771   2.91268
   1.7221  0.975807
  2.95093  0.787003
   1.9015   1.54871
  2.75539   1.31572
 0.666005  0.521583
 0.756846   1.07081
   2.3168    1.5779
  2.46941   1.74214
  2.30229   2.15292
  2.69762   1.17309
 0.890718   1.08585
  1.80367   2.48942
  1.64802   1.52207
  1.82301   1.26376
  1.24565  0.766387
 0.332238   1.90658
  1.22648   2.88775
  2.99941  0.523216
  1.78263  0.536243
0.0106416   2.05598
0.0366738   2.06352
 0.170937    2.9995
  0.16894   1.13165
  2.27442   1.13571
  2.09772   2.42499
  2.08429   1.98726
  2.55728   1.45323
  2.54917   0.22658
  1.08726   1.44553
  1.61739  0.674785
  0.21092  0.287504
 0.844667   2.98624
 0.446662   1.03952
  2.35944   1.39787
  2.55029   1.48464
   2.3603  0.685309
  2.00133   2.70576
  2.57588   2.40504
  1.18698  0.272133
  2.11575   2.97404
 0.669598 0.0933659
  1.04034   1.94576
  0.34234  0.690096
  2.14162   2.15021
 0.506247  0.761661
 0.236512   1.86892
  1.85924   1.45514
  0.39942   1.53741
  2.44274 0.0980574
  1.12201   2.07372
 0.474219     2.167
  2.13922   2.75879
 0.173174   2.72759
  1.68715  0.833182
 0.737555   1.52139
LINKS_SOURCE_DESTINATION_DISTANCE 478
     0      1      1
     0      2      1
     0      3      1
     0      4      1
     0      6      1
     0     14      1
     0     20      1
     0     22      1
     0     31      1
     1      0      1
     1      4      1
     1      5      1
     1      7      1
     1     10      1
     1     11      1
     1     16      1
     1     27      1
     2      0      1
     2      5      1
     2     18      1
     2     50      1
     2     90      1
     3      0      1
     3      4      1
     3      5      1
     3      7      1
     3     20      1
     3     31      1
     3     59      1
     3     83      1
     3     93      1
     4      0      1
     4      3      1
     4      1      1
     4      8      1
     4     12      1
     4     19      1
     4     44      1
     4     56      1
     4     68      1
     4     74      1
     4     83      1
     5      2      1
     5      3      1
     5      1      1
     5      6      1
     5      8      1
     5     10      1
     5     12      1
     5     14      1
     5     18      1
     5     26      1
     5     41      1
     5     46      1
     5     54      1
     5     63      1
     6      0      1
     6      5      1
     6      9      1
     6     10      1
     6     13      1
     6     17      1
     6     21      1
     6     60      1
     6     64      1
     6     67      1
     6     84      1
     7      3      1
     7      1      1
     7      9      1
     7     12      1
     7     37      1
     7     67      1
     7     73      1
     8      5      1
     8      4      1
     8      9      1
     8     11      1
     8     15      1
     8     21      1
     8     23      1
     8     24      1
     8     26      1
     8     33      1
     8     81      1
     8     88      1
     8     90      1
     9      8      1
     9      6      1
     9      7      1
     9     34      1
     9     96      1
    10      1      1
    10      5      1
    10      6      1
    10     15      1
    10     19      1
    10     36      1
    10     58      1
    11      1      1
    11      8      1
    11     13      1
    11     32      1
    11     34      1
    11     54      1
    11     57      1
    11     80      1
    12      5      1
    12      4      1
    12      7      1
    12     18      1
    12     30      1
    12     53      1
    12     62      1
    12     87      1
    13     11      1
    13      6      1
    13     28      1
    13     32      1
    13     40      1
    13     44      1
    14      0      1
    14      5      1
    14     16      1
    14     17      1
    14     24      1
    14     41      1
    14     66      1
    15      8      1
    15     10      1
    15     19      1
    15     22      1
    15     96      1
    16      1      1
    16     14      1
    16     25      1
    16     43      1
    16     72      1
    16     89      1
    17      6      1
    17     14      1
    17     46      1
    17     56      1
    18     12      1
    18      2      1
    18      5      1
    18     22      1
    18     30      1
    18     43      1
    18     46      1
    18     69      1
    19     10      1
    19     15      1
    19      4      1
    19     23      1
    19     50      1
    19     52      1
    20      0      1
    20      3      1
    20     35      1
    20     39      1
    20     48      1
    20     60      1
    20     86      1
    21      6      1
    21      8      1
    21     23      1
    21     51      1
    21     58      1
    21     94      1
    22      0      1
    22     15      1
    22     18      1
    22     25      1
    22     36      1
    22     38      1
    22     44      1
    22     58      1
    22     73      1
    22     78      1
    23      8      1
    23     19      1
    23     21      1
    23     24      1
    23     71      1
    24     14      1
    24      8      1
    24     23      1
    24     27      1
    24     34      1
    24     52      1
    24     57      1
    24     75      1
    24     84      1
    25     22      1
    25     16      1
    25     70      1
    25     90      1
    26      5      1
    26      8      1
    26     28      1
    26     37      1
    27     24      1
    27      1      1
    27     29      1
    27     40      1
    27     92      1
    28     26      1
    28     13      1
    28     29      1
    28     40      1
    28     51      1
    29     28      1
    29     27      1
    29     35      1
    29     38      1
    29     41      1
    30     12      1
    30     18      1
    30     42      1
    30     45      1
    30     49      1
    30     68      1
    30     72      1
    31      3      1
    31      0      1
    31     39      1
    31     42      1
    31     57      1
    32     13      1
    32     11      1
    32     33      1
    32     70      1
    32     85      1
    32     87      1
    32     91      1
    32     99      1
    33      8      1
    33     32      1
    34      9      1
    34     11      1
    34     24      1
    34     37      1
    34     64      1
    35     29      1
    35     20      1
    35     38      1
    36     10      1
    36     22      1
    37     26      1
    37      7      1
    37     34      1
    37     47      1
    37     56      1
    37     82      1
    38     35      1
    38     22      1
    38     29      1
    39     20      1
    39     31      1
    39     45      1
    39     47      1
    39     48      1
    40     13      1
    40     27      1
    40     28      1
    40     42      1
    41     14      1
    41      5      1
    41     29      1
    41     50      1
    41     52      1
    41     59      1
    41     61      1
    41     77      1
    42     40      1
    42     30      1
    42     31      1
    42     65      1
    42     79      1
    43     16      1
    43     18      1
    43     71      1
    43     74      1
    44     22      1
    44      4      1
    44     13      1
    44     55      1
    45     39      1
    45     30      1
    45     49      1
    46     17      1
    46      5      1
    46     18      1
    46     62      1
    46     67      1
    46     85      1
    46     94      1
    47     39      1
    47     37      1
    47     49      1
    47     55      1
    48     39      1
    48     20      1
    48     77      1
    48     93      1
    49     30      1
    49     47      1
    49     45      1
    49     53      1
    49     63      1
    50     19      1
    50      2      1
    50     41      1
    51     21      1
    51     28      1
    51     65      1
    51     80      1
    51     88      1
    52     19      1
    52     24      1
    52     41      1
    52     54      1
    52     78      1
    53     12      1
    53     49      1
    54     11      1
    54     52      1
    54      5      1
    54     65      1
    54     94      1
    55     44      1
    55     47      1
    55     59      1
    55     74      1
    55     98      1
    55     99      1
    56     37      1
    56      4      1
    56     17      1
    56     76      1
    57     11      1
    57     24      1
    57     31      1
    57     70      1
    57     83      1
    58     22      1
    58     10      1
    58     21      1
    58     75      1
    59      3      1
    59     41      1
    59     55      1
    59     66      1
    60      6      1
    60     20      1
    60     61      1
    60     62      1
    61     60      1
    61     41      1
    61     69      1
    61     71      1
    61     76      1
    62     46      1
    62     60      1
    62     12      1
    63      5      1
    63     49      1
    64     34      1
    64      6      1
    65     51      1
    65     42      1
    65     54      1
    66     59      1
    66     14      1
    67      6      1
    67     46      1
    67      7      1
    67     98      1
    68      4      1
    68     30      1
    68     86      1
    69     18      1
    69     61      1
    69     92      1
    70     32      1
    70     57      1
    70     25      1
    70     75      1
    71     43      1
    71     61      1
    71     23      1
    71     79      1
    72     16      1
    72     30      1
    73     22      1
    73      7      1
    74     43      1
    74     55      1
    74      4      1
    75     58      1
    75     70      1
    75     24      1
    75     85      1
    75     95      1
    76     61      1
    76     56      1
    76     81      1
    76     84      1
    76     89      1
    76     92      1
    77     48      1
    77     41      1
    77     95      1
    78     22      1
    78     52      1
    78     97      1
    79     71      1
    79     42      1
    79     82      1
    79     86      1
    80     11      1
    80     51      1
    80     93      1
    81      8      1
    81     76      1
    82     79      1
    82     37      1
    83      3      1
    83      4      1
    83     57      1
    84     24      1
    84      6      1
    84     76      1
    85     46      1
    85     75      1
    85     32      1
    86     79      1
    86     20      1
    86     68      1
    86     91      1
    87     32      1
    87     12      1
    88      8      1
    88     51      1
    89     16      1
    89     76      1
    90      2      1
    90      8      1
    90     25      1
    90     97      1
    91     86      1
    91     32      1
    92     76      1
    92     27      1
    92     69      1
    93     48      1
    93      3      1
    93     80      1
    94     46      1
    94     54      1
    94     21      1
    94     98      1
    95     75      1
    95     77      1
    95     97      1
    95     99      1
    96     15      1
    96      9      1
    97     78      1
    97     90      1
    97     95      1
    98     55      1
    98     94      1
    98     67      1
    99     32      1
    99     55      1
    99     95      1
