COORD_X_Y 500
  1.35445   1.40279
 0.165593   2.47448
  1.07595   1.34069
  2.96803   2.43691
   2.0556   1.40309
  2.54399    1.3098
 0.830902   2.39203
  2.09078   2.87668
 0.827315 0.00765665
 0.993858  0.445369
 0.619137   2.90841
  2.88056   1.89626
  2.67792   1.62999
 0.802809   1.03212
 0.537441   1.16164
  2.68705   1.07346
  2.31778  0.507277
 0.563249   0.38145
   2.7387   1.76956
  1.63519  0.555415
  1.96516  0.535029
  0.12519   1.40168
   1.9913   1.29086
  1.60163   2.19272
  2.44542   1.23105
 0.652645   2.19106
 0.902368    1.0106
  1.62643   1.85067
  1.75142   2.35956
  2.95285  0.539237
  1.32455   1.62251
   2.1944  0.845584
  2.51523    1.6485
  0.68914   2.55922
  2.80018  0.129067
  2.13584    1.0182
  2.36545   1.76386
 0.138984  0.262453
  1.13319    2.3897
  1.70019   2.96742
  2.31192   0.38329
 0.455489   1.59257
 0.512329   2.68227
 0.701379  0.535421
0.0782219   2.38513
  1.60238   2.68074
  2.53254 0.0631675
  2.30572  0.448145
  2.64652   1.61871
 0.773943   2.35767
  1.93292   2.93444
 0.740419   2.70112
  2.76914   1.03585
  2.73382  0.107097
 0.787019  0.499089
 0.200856   2.71039
  2.77867   2.94938
 0.540372   1.83888
    1.347  0.107582
 0.243179   1.90606
  2.89495   2.38385
  1.65849   1.89513
 0.661207   2.53825
 0.341454  0.709435
 0.577729   2.67273
  2.96587   2.59139
  1.28494   2.40029
 0.507672   1.54044
 0.248251   2.03139
 0.415224  0.352245
 0.320738  0.938493
  2.13913  0.782314
 0.306743   1.83496
  1.96666  0.585477
  2.12532  0.779712
 0.292108 0.0356095
  0.24443    2.4471
  2.99351  0.736085
  2.68983   1.97644
  1.32251   2.54582
  2.21381   0.90186
  1.80713   1.43207
   0.4731   2.56544
  2.53193  0.305566
  1.66804   1.43601
 0.552005   2.97581
  2.84668    2.0708
 0.711013  0.798432
   2.9974   1.10529
  2.18763   2.73697
 0.749133   2.42594
 0.903454 0.0574184
 0.484165   1.23305
  1.66553  0.278008
  1.16112   2.68138
  1.96543   1.79695
  2.18011   2.76735
  1.43959   1.02846
  2.80673   2.46979
 0.185901   2.28168
  2.02064   1.70624
 0.723599   1.19836
  1.33305   1.75685
 0.359564   1.26131
  2.45604  0.907407
  2.53298 0.0843573
  2.39027    2.0499
  1.08135   1.24624
  2.84631   2.78815
  1.93672   0.45463
  1.86626   1.56825
  2.76528  0.765498
 0.858224   2.11695
  1.60878  0.730923
  1.75545   1.57522
   0.1124   1.93879
 0.773932   2.52863
  1.71345   1.98042
  2.19474   2.80554
 0.378236   1.18133
  1.24394   2.62767
  2.49958   1.85177
 0.139412   1.09183
 0.248442  0.210526
 0.757548   1.73302
  1.72241   2.05071
  2.26212   1.87716
 0.427281   2.87682
  1.35676   1.52394
  1.86307   2.11137
  0.80269    1.2543
  2.23382   1.07351
  1.20398   2.46236
 0.519976   2.84353
 0.369312   1.42245
  1.77918  0.467816
  1.80375   1.99228
 0.367463  0.669312
  2.30686   2.22128
  2.38843   2.53204
  2.10132    2.5188
  2.50746   1.40339
0.0830165   1.67337
 0.125109  0.998132
  1.13294  0.595684
  1.09407   1.67056
  1.18861  0.941605
  2.18664  0.169453
  2.46804  0.909253
0.0505785  0.852281
  1.13849   2.99579
  1.66684   1.19246
  2.98433   1.30019
  2.05314  0.479339
 0.862592   1.81878
  1.89459  0.337184
  2.67649   2.33813
  2.55908   2.86066
  2.71606  0.961168
  2.85037   2.18269
  2.94177   0.91311
  1.45362   2.23665
  1.81339  0.365442
  2.04367   2.07061
 0.949062   2.44722
 0.599151  0.205715
  1.16434   2.69812
  1.32051  0.849407
 0.363679   1.25718
 0.154966   2.13352
  2.54926   2.67634
  1.20158   2.31309
  2.15568   1.65879
   1.0682 0.0700514
  1.03139   1.24724
  1.64898   2.61417
  2.85916  0.829955
 0.365173   2.98249
 0.462428  0.507357
  2.40577   2.81465
  1.58075   2.31629
  1.33795   1.88148
  2.15451  0.721231
  1.22536  0.816141
  2.20675   2.09865
 0.609567   1.48635
  2.73997   1.73601
  1.81415   2.70719
   2.0241   1.04385
  1.40982   1.73139
  2.05406   2.36782
  1.78802   2.36395
  0.83006   1.56669
 0.543739   2.51162
  2.04675   0.42944
  1.79829    1.2558
 0.160112   1.18444
 0.224995   1.13427
  1.36845   2.55847
 0.686054  0.151234
  2.38501   1.95574
  1.77096  0.212457
  1.71499   2.67861
 0.778528  0.335672
  2.23408   1.50857
 0.435947   2.73812
  1.14493   1.96086
  2.21901  0.347103
  1.83002   1.53278
  1.77021   1.41869
  0.38713   1.99848
0.0317251    2.1043
  2.85427   1.72487
  2.25572 0.0946107
  1.75959   0.23164
  2.16757   1.58262
  2.88159   1.59857
  1.86063  0.136995
  2.11457   2.41342
  1.46963  0.412097
  1.13059   1.61411
 0.599965   1.78696
   2.7642   1.33815
  1.59734   2.92935
  1.03617   2.13072
 0.545184   1.14456
  2.40319   2.80605
  1.07569   2.19672
  1.35512   2.59259
 0.519555   1.31463
  1.39815  0.215516
  1.57355   1.47442
  2.67279   1.50652
  2.87286  0.877727
  1.20905  0.148878
 0.901926   2.49103
  1.15643   2.21213
  1.46317  0.959734
  2.17955   0.85682
  2.32012  0.362819
  1.93639   2.21088
 0.520409   1.08531
 0.772382    2.0142
  2.57978  0.931351
  2.58885   2.41219
  1.67024  0.913346
  1.54718   1.60288
 0.101409    2.8602
 0.835036  0.847049
  2.15968    1.0849
  2.16654   1.60637
  1.60433  0.482539
   2.6812    1.2452
 0.266664   2.20122
  0.92871   2.68114
   1.7698   2.06792
  2.61242   1.96029
 0.847321   1.70417
 0.144291   1.76019
  2.84827    2.9418
 0.137466  0.880911
 0.345539  0.217973
  1.88624  0.304367
 0.440454  0.260881
  1.28725   1.82498
  1.26636  0.148432
   1.8397   1.15927
 0.151356  0.217441
  0.28806  0.692952
  1.18048   2.90785
  1.81004  0.722762
   2.5845  0.303368
  0.20481   2.00631
   2.6575   1.88181
  1.06337  0.185172
  1.14214   1.50354
  2.50097    2.0638
  0.10742  0.748172
  1.18386   2.16795
  1.45458  0.640102
  2.59967   1.13055
  1.80115  0.754373
  2.05345 0.0792378
  1.34216  0.625794
  1.77928  0.524575
  2.66125   2.80415
  2.74368  0.613468
  0.44342   1.85764
 0.899981   2.30026
0.000561356   2.56565
  1.99417  0.249596
  1.22767  0.179457
  2.56499   1.89364
  2.97678 0.0713404
   1.6699   1.91872
  1.93838   2.15641
 0.764555   2.53949
  1.51129   1.81912
 0.750025   1.84179
  1.94411  0.984638
  2.72528   2.73533
  2.57608   2.42252
  1.49148    1.3593
 0.117594  0.268214
  1.97236   2.64726
 0.912845   1.98911
 0.535105  0.640563
  2.85216   2.98831
  2.50348    2.2795
 0.530302   2.32553
  1.04325  0.451633
  1.20053     1.043
  1.52755   2.65654
  2.15665  0.103267
  1.47655   2.17097
  2.36903  0.906149
  1.88291   2.95207
  1.88767   1.43499
  1.96243 0.0917701
 0.606471   2.33584
  2.82503   1.57442
  2.63803  0.673426
  1.42152    2.4433
  1.00367   0.66306
 0.535094   2.29979
  1.89273   2.35368
 0.621407   2.01811
  2.58022  0.361901
 0.346335   2.38692
 0.614008 0.0989504
 0.904739   1.82607
  1.89169  0.794985
  1.10426   1.84955
  2.82956   1.85215
  1.64868   1.67885
  2.22421   2.63415
  1.97707   1.55491
0.0814162    1.6266
  1.19611   2.89456
 0.941809  0.514587
  2.78432   2.04306
 0.567363   2.06485
  1.76547   1.44495
  2.78445   1.56023
  2.10017   2.35259
  1.76901   1.16774
  2.43187   1.05292
 0.751848   2.41975
 0.931641   2.15006
  0.35802   1.71505
  2.95861  0.113172
   2.2391   2.50457
  2.78855   2.52085
  0.83635   2.52268
 0.750896  0.641891
   2.1431   2.03892
 0.524446  0.573748
  1.40388 0.00595425
   1.4488   2.10554
 0.792529 0.0271651
  1.46727   2.13863
  1.23661   1.57184
 0.236905   1.49025
  1.27536   2.45475
 0.718142  0.682276
   1.3173  0.484514
  2.80736  0.453996
 0.200172   1.18096
  1.02918   1.97107
   1.9809  0.253301
 0.756632   2.59782
 0.272722   1.83181
  1.08107   2.11289
 0.202313  0.164473
  1.18746   2.60955
  2.09963   1.05508
 0.110111    2.3946
  2.56905   1.30882
  1.39146  0.357676
 0.959211  0.655042
  2.70357   1.43866
 0.365332   1.91555
   0.2216   1.94042
  2.31562   1.45004
  1.02164   2.51675
  1.49254   2.91637
  1.73221  0.548176
  1.46353    1.7317
 0.971148   2.07298
  2.77349   2.88927
  2.51363  0.316322
 0.825197   2.25499
    1.611   2.43753
 0.597301   1.98754
 0.627947   2.02093
  2.73893  0.258574
  1.92299   1.04656
  1.32008   2.69157
  1.76553   1.66297
  1.77426   2.43757
  1.68969    1.4888
    1.229    1.6165
  2.01205   1.94842
  2.39006   0.46106
 0.538546   2.00953
  2.44345   1.69234
    2.709    0.7997
  2.27327   1.86851
  2.11236  0.249952
  2.83364  0.198304
  1.50388   2.59667
 0.353718   1.20698
 0.565347   1.75089
  2.91761   1.21777
 0.798549  0.109859
  2.25474 0.0347807
  2.33567   1.70846
  1.15118   2.01499
  2.05349     1.549
 0.669388   1.29947
  2.97248   1.24353
 0.493597    1.5167
  2.47878  0.363965
  1.60492  0.100614
  2.68348    1.1099
  2.71584   2.48973
  2.73655   1.17653
   1.7947  0.640678
 0.526358   0.65727
 0.345513    1.3121
  1.80052    1.5578
  1.07481   1.34603
  1.46749   1.59295
 0.580825   2.95265
   2.1214   1.72332
  2.60517   1.68328
 0.248208   1.15148
  1.51451   1.41801
 0.139645  0.720473
  2.63423   1.97274
 0.522437   2.28504
  0.64837   2.42064
  1.36687   2.68586
  2.50796  0.103563
  1.70968  0.349891
  2.71863   2.53923
  2.74371 0.0727253
 0.326204  0.479663
  1.61116    2.9519
   2.0024    2.0293
   1.5165    1.3413
   2.0843  0.780635
  1.69991 0.0181834
  1.89843    2.2768
 0.817109 0.0200838
 0.394997  0.991953
  1.26446   2.26569
   2.3164   2.63612
  2.01015  0.857367
 0.422283  0.888444
 0.768527  0.540724
 0.464038  0.309093
  2.16706   2.42446
  2.82892   2.56821
  2.36027  0.360234
  1.12889   1.50957
  1.97377    1.2335
  1.00493   1.51825
  2.02857   1.44041
 0.876499   1.77376
0.0786847   2.60561
  1.61463   1.00099
  2.00772   1.65156
 0.357576  0.275653
  1.52805   1.72741
 0.631095   1.30645
 0.304626   2.15228
  2.49637   2.22468
  1.12424  0.482666
  2.00411   2.71376
 0.844876  0.148438
 0.526443    1.5338
  2.93324   2.58749
 0.506864     1.224
   2.6408  0.992614
  2.30231   2.71223
0.0475814   2.16542
  1.67855   2.06352
  2.24451  0.725877
  1.63605   2.82545
  2.52089   1.13362
  0.30687   1.83924
  1.73391   2.08484
  2.04915   2.46277
 0.991966   2.14842
  1.50738   1.19394
  2.42389   1.52283
  2.17949   1.62922
  2.76121   2.72813
 0.120478 0.0157524
LINKS_SOURCE_DESTINATION_DISTANCE 2486
     0      1      1
     0      2      1
     0      7      1
     0     16      1
     0     22      1
     0     41      1
     0     60      1
     0     69      1
     0    171      1
     0    193      1
     0    303      1
     0    399      1
     0    430      1
     0    435      1
     0    451      1
     1      0      1
     1      4      1
     1     12      1
     1     32      1
     1     40      1
     1    158      1
     1    214      1
     2      0      1
     2      3      1
     2      4      1
     2      6      1
     2      8      1
     2     10      1
     2     44      1
     2     94      1
     2    146      1
     2    209      1
     2    376      1
     2    439      1
     2    492      1
     3      2      1
     3      4      1
     3      5      1
     3      9      1
     3     11      1
     3     13      1
     3     34      1
     3     39      1
     3     53      1
     3     59      1
     3    121      1
     3    280      1
     3    340      1
     4      1      1
     4      2      1
     4      3      1
     4      5      1
     4      6      1
     4     10      1
     4     15      1
     4     25      1
     4     28      1
     4     38      1
     4     57      1
     4     73      1
     4     75      1
     4    100      1
     4    105      1
     4    136      1
     4    157      1
     4    167      1
     4    192      1
     4    304      1
     4    494      1
     5      3      1
     5      4      1
     5      6      1
     5     16      1
     5     19      1
     5     58      1
     5     59      1
     5     61      1
     5     79      1
     5    130      1
     5    195      1
     5    222      1
     5    278      1
     5    403      1
     6      2      1
     6      5      1
     6      4      1
     6      7      1
     6      8      1
     6     15      1
     6     21      1
     6     43      1
     6    101      1
     6    239      1
     6    304      1
     6    313      1
     7      6      1
     7      0      1
     7      8      1
     7      9      1
     7     12      1
     7     13      1
     7     14      1
     7     44      1
     7     47      1
     7     51      1
     7     52      1
     7     83      1
     7    108      1
     7    264      1
     7    270      1
     7    485      1
     8      7      1
     8      2      1
     8      6      1
     8     11      1
     8     30      1
     8     35      1
     8     41      1
     8     42      1
     8     47      1
     8     55      1
     8     61      1
     8     65      1
     8    123      1
     8    183      1
     8    259      1
     9      7      1
     9      3      1
     9     10      1
     9     13      1
     9     33      1
     9     41      1
     9     56      1
     9     83      1
     9    124      1
     9    126      1
     9    132      1
     9    223      1
     9    239      1
     9    289      1
     9    306      1
    10      2      1
    10      4      1
    10      9      1
    10     12      1
    10     14      1
    10     17      1
    10     20      1
    10     29      1
    10     79      1
    10     99      1
    10    129      1
    10    143      1
    10    179      1
    10    259      1
    10    288      1
    10    344      1
    10    394      1
    10    421      1
    10    473      1
    11      8      1
    11      3      1
    11     19      1
    11     27      1
    11     29      1
    11     37      1
    11     63      1
    11     67      1
    11     77      1
    11    180      1
    11    206      1
    11    244      1
    11    314      1
    12      1      1
    12      7      1
    12     10      1
    12     24      1
    12     27      1
    12     48      1
    12     52      1
    12     92      1
    12    170      1
    13      9      1
    13      7      1
    13      3      1
    13     28      1
    13     31      1
    13     54      1
    13    113      1
    13    164      1
    13    195      1
    13    247      1
    13    332      1
    14      7      1
    14     10      1
    14     17      1
    14     24      1
    14     45      1
    14    128      1
    14    138      1
    14    199      1
    14    293      1
    14    397      1
    14    432      1
    15      6      1
    15      4      1
    15     18      1
    15     27      1
    15     42      1
    15     68      1
    15    117      1
    15    126      1
    15    176      1
    15    182      1
    16      0      1
    16      5      1
    16     19      1
    16     20      1
    16     21      1
    16     29      1
    16     43      1
    16    216      1
    16    229      1
    16    272      1
    16    406      1
    16    493      1
    17     10      1
    17     14      1
    17     18      1
    17     22      1
    17     25      1
    17     36      1
    17     44      1
    17     52      1
    17     56      1
    17     63      1
    17    106      1
    17    130      1
    17    172      1
    17    198      1
    17    282      1
    17    356      1
    17    444      1
    18     17      1
    18     15      1
    18     21      1
    18     28      1
    18     72      1
    18     82      1
    18    181      1
    18    213      1
    18    226      1
    18    266      1
    18    311      1
    18    318      1
    19     16      1
    19     11      1
    19      5      1
    19     25      1
    19     26      1
    19     32      1
    19     42      1
    19     83      1
    19    203      1
    19    219      1
    19    252      1
    19    375      1
    20     10      1
    20     16      1
    20     26      1
    20     38      1
    20    109      1
    20    186      1
    20    202      1
    21     16      1
    21      6      1
    21     18      1
    21     23      1
    21     32      1
    21     39      1
    21    225      1
    21    230      1
    21    244      1
    21    255      1
    21    295      1
    21    306      1
    21    316      1
    21    497      1
    22     17      1
    22      0      1
    22     23      1
    22     59      1
    22     84      1
    22     96      1
    22    276      1
    22    493      1
    23     21      1
    23     22      1
    23     64      1
    23     87      1
    23     96      1
    23    112      1
    23    372      1
    24     12      1
    24     14      1
    24     31      1
    24     48      1
    24     67      1
    24     71      1
    24     97      1
    24    168      1
    24    178      1
    24    190      1
    24    301      1
    25      4      1
    25     19      1
    25     17      1
    25     93      1
    25    130      1
    25    212      1
    25    371      1
    25    476      1
    26     20      1
    26     19      1
    26     30      1
    26     34      1
    26     35      1
    26     38      1
    26     50      1
    26    106      1
    26    218      1
    26    268      1
    26    320      1
    26    350      1
    27     11      1
    27     12      1
    27     15      1
    27     31      1
    27     36      1
    27     43      1
    27    348      1
    27    351      1
    28      4      1
    28     13      1
    28     18      1
    28     57      1
    28     62      1
    28     64      1
    28    113      1
    28    137      1
    28    207      1
    28    212      1
    28    463      1
    29     16      1
    29     10      1
    29     11      1
    29     85      1
    29     89      1
    29    142      1
    29    155      1
    29    195      1
    29    249      1
    29    329      1
    29    428      1
    30      8      1
    30     26      1
    30     34      1
    30     69      1
    30     86      1
    30    188      1
    30    236      1
    30    248      1
    30    486      1
    31     27      1
    31     24      1
    31     13      1
    31     33      1
    31     74      1
    31    371      1
    31    377      1
    32     21      1
    32      1      1
    32     19      1
    32     54      1
    32     84      1
    32    316      1
    32    320      1
    32    414      1
    32    468      1
    32    491      1
    33      9      1
    33     31      1
    33     37      1
    33     45      1
    33     70      1
    33     97      1
    33    109      1
    33    205      1
    33    335      1
    33    399      1
    33    414      1
    34      3      1
    34     26      1
    34     30      1
    34     40      1
    34     48      1
    34     74      1
    34     88      1
    34    112      1
    34    134      1
    34    149      1
    34    159      1
    34    162      1
    34    331      1
    35     26      1
    35      8      1
    35     62      1
    35     66      1
    35    113      1
    35    154      1
    35    213      1
    35    431      1
    35    457      1
    36     27      1
    36     17      1
    36     56      1
    36     76      1
    36    116      1
    36    136      1
    36    172      1
    36    337      1
    36    422      1
    36    442      1
    37     33      1
    37     11      1
    37     45      1
    37    140      1
    37    176      1
    37    224      1
    37    324      1
    37    341      1
    37    401      1
    38     20      1
    38      4      1
    38     26      1
    38    120      1
    38    123      1
    38    153      1
    38    191      1
    38    201      1
    38    288      1
    38    328      1
    38    473      1
    39      3      1
    39     21      1
    39     46      1
    39     49      1
    39    106      1
    39    233      1
    40      1      1
    40     34      1
    40     60      1
    40    152      1
    40    475      1
    40    495      1
    41      0      1
    41      8      1
    41      9      1
    41     67      1
    41    102      1
    41    124      1
    41    129      1
    41    177      1
    41    184      1
    42     19      1
    42      8      1
    42     15      1
    42     46      1
    42    107      1
    42    115      1
    43     27      1
    43     16      1
    43      6      1
    43     71      1
    43     74      1
    43    220      1
    43    406      1
    43    416      1
    44      2      1
    44      7      1
    44     17      1
    44     50      1
    44     90      1
    44    118      1
    44    157      1
    44    456      1
    45     33      1
    45     37      1
    45     14      1
    45     95      1
    45    107      1
    45    159      1
    45    290      1
    45    317      1
    45    490      1
    46     42      1
    46     39      1
    46    296      1
    46    455      1
    46    459      1
    47      8      1
    47      7      1
    47     51      1
    47     58      1
    47     66      1
    47     76      1
    47    101      1
    47    151      1
    47    178      1
    47    184      1
    47    185      1
    47    234      1
    47    293      1
    47    352      1
    47    450      1
    48     24      1
    48     12      1
    48     34      1
    48     49      1
    48     76      1
    48    174      1
    48    244      1
    49     39      1
    49     48      1
    49     78      1
    49     82      1
    49    292      1
    49    336      1
    49    357      1
    49    368      1
    49    417      1
    49    429      1
    50     44      1
    50     26      1
    50    145      1
    50    146      1
    50    208      1
    50    263      1
    51     47      1
    51      7      1
    51     53      1
    51     63      1
    51     81      1
    51    142      1
    51    267      1
    51    419      1
    52     12      1
    52     17      1
    52      7      1
    52     97      1
    52    100      1
    52    102      1
    52    200      1
    52    331      1
    52    460      1
    53      3      1
    53     51      1
    53     55      1
    53     72      1
    53     80      1
    53     91      1
    53    127      1
    53    139      1
    53    152      1
    53    265      1
    53    339      1
    53    362      1
    54     13      1
    54     32      1
    54     71      1
    54     88      1
    54     95      1
    54    144      1
    54    253      1
    54    294      1
    54    378      1
    55     53      1
    55      8      1
    55     65      1
    55     68      1
    55     73      1
    55    115      1
    55    120      1
    55    177      1
    55    217      1
    55    228      1
    55    408      1
    56     17      1
    56     36      1
    56      9      1
    56     72      1
    56    116      1
    56    139      1
    56    334      1
    57      4      1
    57     28      1
    57     80      1
    57    144      1
    57    168      1
    57    194      1
    57    425      1
    57    470      1
    58      5      1
    58     47      1
    58     85      1
    58     87      1
    58    125      1
    58    331      1
    58    375      1
    59     22      1
    59      5      1
    59      3      1
    59     66      1
    59    163      1
    59    165      1
    59    307      1
    59    436      1
    60      0      1
    60     40      1
    60     70      1
    60     77      1
    60     90      1
    60    135      1
    60    181      1
    60    211      1
    60    243      1
    60    252      1
    60    415      1
    60    454      1
    61      5      1
    61      8      1
    61     64      1
    61     79      1
    61     81      1
    61    117      1
    61    121      1
    61    235      1
    61    305      1
    61    398      1
    62     28      1
    62     35      1
    62     93      1
    62    128      1
    62    296      1
    62    369      1
    63     51      1
    63     17      1
    63     11      1
    63     88      1
    63    105      1
    63    118      1
    63    128      1
    63    186      1
    63    223      1
    64     28      1
    64     23      1
    64     61      1
    64     65      1
    64    269      1
    64    285      1
    64    343      1
    64    374      1
    65     55      1
    65      8      1
    65     64      1
    65    110      1
    65    166      1
    65    376      1
    66     47      1
    66     35      1
    66     59      1
    66     91      1
    66    126      1
    67     11      1
    67     24      1
    67     41      1
    67     94      1
    67    201      1
    67    358      1
    67    365      1
    68     55      1
    68     15      1
    68     75      1
    69      0      1
    69     30      1
    69    133      1
    69    156      1
    69    157      1
    69    161      1
    69    284      1
    70     60      1
    70     33      1
    70    102      1
    70    103      1
    70    134      1
    70    158      1
    70    257      1
    70    275      1
    70    363      1
    71     54      1
    71     43      1
    71     24      1
    71    141      1
    72     56      1
    72     18      1
    72     53      1
    72    137      1
    72    233      1
    73     55      1
    73      4      1
    73    121      1
    73    124      1
    73    165      1
    73    206      1
    73    248      1
    73    312      1
    74     43      1
    74     31      1
    74     34      1
    74     89      1
    74    107      1
    74    131      1
    74    385      1
    75     68      1
    75      4      1
    75     78      1
    75     92      1
    75     94      1
    75    111      1
    75    149      1
    75    169      1
    76     47      1
    76     48      1
    76     36      1
    76    380      1
    77     11      1
    77     60      1
    77    114      1
    77    173      1
    77    219      1
    77    281      1
    78     49      1
    78     75      1
    78    112      1
    78    190      1
    78    215      1
    78    268      1
    78    367      1
    78    449      1
    79      5      1
    79     10      1
    79     61      1
    79    127      1
    79    148      1
    79    152      1
    79    267      1
    79    278      1
    80     57      1
    80     53      1
    80    101      1
    80    164      1
    80    169      1
    80    222      1
    80    230      1
    80    255      1
    81     61      1
    81     51      1
    81    125      1
    81    131      1
    81    132      1
    81    151      1
    81    251      1
    81    383      1
    81    489      1
    82     49      1
    82     18      1
    82    133      1
    82    163      1
    82    340      1
    83      9      1
    83      7      1
    83     19      1
    83     86      1
    83     99      1
    83    103      1
    83    211      1
    83    238      1
    83    327      1
    83    471      1
    84     22      1
    84     32      1
    84     89      1
    84    179      1
    84    181      1
    84    256      1
    84    402      1
    85     58      1
    85     29      1
    85    110      1
    85    111      1
    85    217      1
    85    324      1
    85    479      1
    86     30      1
    86     83      1
    86    338      1
    86    366      1
    87     58      1
    87     23      1
    87    236      1
    87    245      1
    88     34      1
    88     54      1
    88     63      1
    88    146      1
    89     29      1
    89     74      1
    89     84      1
    89     91      1
    89     98      1
    89    104      1
    89    109      1
    89    185      1
    89    196      1
    90     44      1
    90     60      1
    90     98      1
    90    122      1
    90    141      1
    90    178      1
    90    191      1
    90    262      1
    90    370      1
    90    461      1
    91     89      1
    91     66      1
    91     53      1
    91    197      1
    91    274      1
    91    388      1
    92     12      1
    92     75      1
    92    135      1
    92    156      1
    93     25      1
    93     62      1
    93    147      1
    93    150      1
    93    162      1
    93    329      1
    94     67      1
    94     75      1
    94      2      1
    94    131      1
    94    165      1
    94    208      1
    94    480      1
    95     45      1
    95     54      1
    95    161      1
    95    183      1
    95    250      1
    95    421      1
    95    454      1
    96     23      1
    96     22      1
    96    232      1
    96    284      1
    96    308      1
    96    353      1
    96    377      1
    97     24      1
    97     33      1
    97     52      1
    97    138      1
    97    387      1
    97    446      1
    97    462      1
    98     89      1
    98     90      1
    98    105      1
    98    135      1
    98    140      1
    98    196      1
    98    253      1
    99     10      1
    99     83      1
    99    104      1
    99    125      1
    99    393      1
   100     52      1
   100      4      1
   100    119      1
   100    182      1
   100    280      1
   101      6      1
   101     47      1
   101     80      1
   101    118      1
   101    175      1
   101    232      1
   102     52      1
   102     41      1
   102     70      1
   102    122      1
   102    271      1
   102    374      1
   102    391      1
   102    419      1
   103     83      1
   103     70      1
   103    108      1
   103    187      1
   103    192      1
   103    276      1
   103    356      1
   104     89      1
   104     99      1
   104    212      1
   104    238      1
   104    354      1
   104    389      1
   105     98      1
   105      4      1
   105     63      1
   105    309      1
   105    420      1
   106     26      1
   106     17      1
   106     39      1
   106    174      1
   106    237      1
   106    360      1
   106    392      1
   107     45      1
   107     74      1
   107     42      1
   107    114      1
   107    141      1
   107    225      1
   107    379      1
   108      7      1
   108    103      1
   108    110      1
   108    162      1
   108    241      1
   108    242      1
   108    285      1
   109     20      1
   109     89      1
   109     33      1
   109    160      1
   109    445      1
   110     65      1
   110    108      1
   110     85      1
   110    235      1
   110    242      1
   110    399      1
   111     85      1
   111     75      1
   111    117      1
   111    119      1
   111    311      1
   111    334      1
   111    414      1
   112     34      1
   112     23      1
   112     78      1
   112    346      1
   112    445      1
   113     13      1
   113     35      1
   113     28      1
   113    187      1
   113    236      1
   113    394      1
   113    451      1
   114     77      1
   114    107      1
   114    115      1
   114    179      1
   114    215      1
   114    229      1
   114    387      1
   115    114      1
   115     55      1
   115     42      1
   115    275      1
   115    298      1
   115    325      1
   115    386      1
   115    412      1
   116     56      1
   116     36      1
   116    171      1
   116    293      1
   116    315      1
   116    397      1
   117     15      1
   117    111      1
   117     61      1
   117    134      1
   117    494      1
   118     63      1
   118    101      1
   118     44      1
   118    144      1
   118    246      1
   118    250      1
   118    260      1
   118    333      1
   118    367      1
   118    427      1
   119    100      1
   119    111      1
   119    150      1
   119    196      1
   119    298      1
   119    438      1
   119    482      1
   120     55      1
   120     38      1
   120    145      1
   120    323      1
   121      3      1
   121     73      1
   121     61      1
   121    228      1
   122     90      1
   122    102      1
   122    143      1
   122    151      1
   122    160      1
   122    235      1
   122    245      1
   122    407      1
   123      8      1
   123     38      1
   123    172      1
   123    182      1
   123    191      1
   124      9      1
   124     73      1
   124     41      1
   124    316      1
   125     81      1
   125     99      1
   125     58      1
   125    175      1
   125    264      1
   125    270      1
   125    309      1
   125    495      1
   126     66      1
   126      9      1
   126     15      1
   126    170      1
   126    209      1
   126    488      1
   127     79      1
   127     53      1
   127    137      1
   127    221      1
   127    274      1
   127    282      1
   127    304      1
   127    474      1
   128     14      1
   128     63      1
   128     62      1
   128    139      1
   128    361      1
   128    383      1
   128    482      1
   129     10      1
   129     41      1
   129    391      1
   130      5      1
   130     25      1
   130     17      1
   130    426      1
   131     94      1
   131     81      1
   131     74      1
   131    189      1
   131    243      1
   132     81      1
   132      9      1
   132    170      1
   132    189      1
   132    297      1
   133     69      1
   133     82      1
   133    138      1
   133    226      1
   133    228      1
   133    413      1
   133    430      1
   134     34      1
   134     70      1
   134    117      1
   134    148      1
   134    154      1
   134    211      1
   134    231      1
   134    245      1
   134    256      1
   135     60      1
   135     92      1
   135     98      1
   135    305      1
   135    437      1
   136      4      1
   136     36      1
   136    175      1
   136    180      1
   137     28      1
   137     72      1
   137    127      1
   137    440      1
   138    133      1
   138     97      1
   138     14      1
   138    180      1
   138    197      1
   138    279      1
   138    371      1
   139     56      1
   139    128      1
   139     53      1
   140     98      1
   140     37      1
   140    166      1
   140    286      1
   140    299      1
   140    346      1
   141    107      1
   141     71      1
   141     90      1
   141    143      1
   141    246      1
   141    333      1
   142     51      1
   142     29      1
   142    173      1
   142    291      1
   142    294      1
   142    300      1
   142    358      1
   143    141      1
   143    122      1
   143     10      1
   143    186      1
   143    227      1
   143    415      1
   144     57      1
   144    118      1
   144     54      1
   144    198      1
   144    290      1
   144    319      1
   144    436      1
   144    483      1
   145    120      1
   145     50      1
   145    147      1
   145    155      1
   145    261      1
   146     88      1
   146      2      1
   146     50      1
   146    168      1
   147     93      1
   147    145      1
   147    153      1
   147    209      1
   147    271      1
   147    275      1
   147    287      1
   147    321      1
   147    403      1
   147    462      1
   148    134      1
   148     79      1
   148    159      1
   148    167      1
   148    188      1
   148    204      1
   148    254      1
   148    394      1
   149     75      1
   149     34      1
   149    187      1
   149    199      1
   149    240      1
   149    249      1
   149    261      1
   149    349      1
   149    389      1
   150     93      1
   150    119      1
   150    193      1
   150    287      1
   151    122      1
   151     47      1
   151     81      1
   151    210      1
   151    407      1
   152     53      1
   152     79      1
   152     40      1
   152    204      1
   152    277      1
   152    278      1
   152    439      1
   153    147      1
   153     38      1
   153    164      1
   153    254      1
   154     35      1
   154    134      1
   154    380      1
   154    418      1
   154    444      1
   155    145      1
   155     29      1
   155    233      1
   155    476      1
   156     69      1
   156     92      1
   156    210      1
   156    282      1
   157      4      1
   157     44      1
   157     69      1
   157    322      1
   158      1      1
   158     70      1
   158    163      1
   158    214      1
   158    366      1
   158    381      1
   159    148      1
   159     45      1
   159     34      1
   159    197      1
   159    317      1
   159    412      1
   160    122      1
   160    109      1
   161     69      1
   161     95      1
   161    266      1
   161    342      1
   161    404      1
   161    446      1
   161    473      1
   162     34      1
   162     93      1
   162    108      1
   162    491      1
   163     59      1
   163    158      1
   163     82      1
   163    299      1
   163    363      1
   163    374      1
   164     13      1
   164    153      1
   164     80      1
   164    227      1
   165     94      1
   165     59      1
   165     73      1
   165    272      1
   165    486      1
   166    140      1
   166     65      1
   166    319      1
   167    148      1
   167      4      1
   167    174      1
   167    224      1
   167    281      1
   167    330      1
   168     57      1
   168    146      1
   168     24      1
   168    200      1
   168    309      1
   168    359      1
   169     75      1
   169     80      1
   169    192      1
   169    458      1
   170     12      1
   170    132      1
   170    126      1
   170    241      1
   170    325      1
   171      0      1
   171    116      1
   171    237      1
   171    302      1
   171    499      1
   172     17      1
   172     36      1
   172    123      1
   172    253      1
   172    279      1
   172    294      1
   172    323      1
   173     77      1
   173    142      1
   174    167      1
   174    106      1
   174     48      1
   175    136      1
   175    101      1
   175    125      1
   176     37      1
   176     15      1
   176    268      1
   176    390      1
   177     55      1
   177     41      1
   177    207      1
   177    432      1
   178     24      1
   178     47      1
   178     90      1
   179     84      1
   179    114      1
   179     10      1
   179    199      1
   179    220      1
   179    251      1
   179    461      1
   180    138      1
   180    136      1
   180     11      1
   180    254      1
   180    283      1
   181     84      1
   181     18      1
   181     60      1
   181    352      1
   181    451      1
   182    100      1
   182     15      1
   182    123      1
   182    295      1
   182    334      1
   183     95      1
   183      8      1
   183    250      1
   183    364      1
   184     41      1
   184     47      1
   184    189      1
   184    203      1
   184    353      1
   185     89      1
   185     47      1
   185    322      1
   185    354      1
   186     20      1
   186    143      1
   186     63      1
   186    198      1
   186    205      1
   186    318      1
   186    402      1
   186    441      1
   187    149      1
   187    103      1
   187    113      1
   187    193      1
   187    202      1
   188     30      1
   188    148      1
   188    263      1
   188    404      1
   188    407      1
   188    452      1
   189    132      1
   189    184      1
   189    131      1
   189    258      1
   189    286      1
   189    361      1
   189    425      1
   190     24      1
   190     78      1
   191    123      1
   191     90      1
   191     38      1
   191    277      1
   191    432      1
   191    462      1
   192    103      1
   192      4      1
   192    169      1
   192    194      1
   192    247      1
   192    319      1
   193    187      1
   193    150      1
   193      0      1
   193    317      1
   194    192      1
   194     57      1
   194    231      1
   194    251      1
   194    307      1
   194    338      1
   195     29      1
   195      5      1
   195     13      1
   195    264      1
   195    326      1
   195    347      1
   196     89      1
   196     98      1
   196    119      1
   196    205      1
   196    216      1
   196    463      1
   197    138      1
   197    159      1
   197     91      1
   197    214      1
   197    310      1
   198    144      1
   198     17      1
   198    186      1
   199    149      1
   199     14      1
   199    179      1
   199    329      1
   200     52      1
   200    168      1
   200    231      1
   200    273      1
   201     67      1
   201     38      1
   201    213      1
   201    306      1
   201    412      1
   201    441      1
   202     20      1
   202    187      1
   202    301      1
   202    447      1
   203    184      1
   203     19      1
   203    218      1
   203    395      1
   203    400      1
   203    442      1
   203    478      1
   204    148      1
   204    152      1
   204    240      1
   204    369      1
   204    499      1
   205    196      1
   205    186      1
   205     33      1
   206     73      1
   206     11      1
   206    263      1
   206    283      1
   206    315      1
   206    364      1
   207     28      1
   207    177      1
   207    347      1
   208     94      1
   208     50      1
   208    368      1
   208    395      1
   209    126      1
   209    147      1
   209      2      1
   209    238      1
   209    384      1
   210    156      1
   210    151      1
   210    382      1
   211    134      1
   211     60      1
   211     83      1
   211    248      1
   211    472      1
   212    104      1
   212     25      1
   212     28      1
   212    249      1
   212    345      1
   212    390      1
   212    419      1
   213    201      1
   213     18      1
   213     35      1
   213    224      1
   213    421      1
   213    474      1
   214    197      1
   214      1      1
   214    158      1
   214    220      1
   214    221      1
   214    472      1
   215    114      1
   215     78      1
   215    410      1
   215    430      1
   215    493      1
   216     16      1
   216    196      1
   216    311      1
   216    332      1
   216    410      1
   216    496      1
   217     55      1
   217     85      1
   217    349      1
   217    393      1
   217    396      1
   218     26      1
   218    203      1
   218    328      1
   218    381      1
   218    409      1
   219     77      1
   219     19      1
   219    265      1
   220    179      1
   220     43      1
   220    214      1
   220    234      1
   220    453      1
   221    127      1
   221    214      1
   221    258      1
   221    378      1
   221    450      1
   222      5      1
   222     80      1
   222    324      1
   222    423      1
   223      9      1
   223     63      1
   223    292      1
   223    379      1
   224    213      1
   224     37      1
   224    167      1
   224    255      1
   224    315      1
   224    435      1
   224    443      1
   225     21      1
   225    107      1
   225    247      1
   225    271      1
   225    376      1
   226    133      1
   226     18      1
   226    297      1
   226    388      1
   227    164      1
   227    143      1
   227    326      1
   228    133      1
   228     55      1
   228    121      1
   228    413      1
   229    114      1
   229     16      1
   230     80      1
   230     21      1
   230    434      1
   231    134      1
   231    194      1
   231    200      1
   231    398      1
   232     96      1
   232    101      1
   232    301      1
   232    344      1
   232    364      1
   232    458      1
   233    155      1
   233     72      1
   233     39      1
   233    257      1
   233    335      1
   234    220      1
   234     47      1
   234    351      1
   235    110      1
   235    122      1
   235     61      1
   236    113      1
   236     87      1
   236     30      1
   236    267      1
   236    307      1
   236    359      1
   236    360      1
   236    486      1
   237    171      1
   237    106      1
   237    372      1
   237    455      1
   237    490      1
   238     83      1
   238    104      1
   238    209      1
   238    289      1
   238    303      1
   239      6      1
   239      9      1
   240    149      1
   240    204      1
   240    355      1
   240    427      1
   241    108      1
   241    170      1
   241    242      1
   241    269      1
   241    400      1
   241    435      1
   242    108      1
   242    110      1
   242    241      1
   242    312      1
   242    332      1
   242    396      1
   242    428      1
   243    131      1
   243     60      1
   243    489      1
   244     11      1
   244     48      1
   244     21      1
   244    269      1
   244    276      1
   244    341      1
   245    134      1
   245    122      1
   245     87      1
   245    270      1
   245    383      1
   246    118      1
   246    141      1
   247    192      1
   247    225      1
   247     13      1
   247    262      1
   247    286      1
   247    416      1
   247    497      1
   248     73      1
   248    211      1
   248     30      1
   248    365      1
   249     29      1
   249    212      1
   249    149      1
   249    295      1
   249    431      1
   250     95      1
   250    118      1
   250    183      1
   250    356      1
   251    179      1
   251    194      1
   251     81      1
   252     60      1
   252     19      1
   252    487      1
   253     54      1
   253     98      1
   253    172      1
   253    260      1
   254    180      1
   254    148      1
   254    153      1
   254    484      1
   255     21      1
   255     80      1
   255    224      1
   255    272      1
   255    361      1
   255    438      1
   256     84      1
   256    134      1
   257    233      1
   257     70      1
   257    457      1
   258    189      1
   258    221      1
   258    273      1
   258    308      1
   259     10      1
   259      8      1
   259    336      1
   260    118      1
   260    253      1
   260    441      1
   260    459      1
   260    460      1
   261    149      1
   261    145      1
   261    265      1
   262    247      1
   262     90      1
   262    348      1
   263    188      1
   263     50      1
   263    206      1
   263    300      1
   263    373      1
   264    195      1
   264    125      1
   264      7      1
   264    288      1
   264    302      1
   265     53      1
   265    261      1
   265    219      1
   265    359      1
   265    468      1
   266    161      1
   266     18      1
   266    341      1
   267     51      1
   267     79      1
   267    236      1
   268    176      1
   268     26      1
   268     78      1
   268    298      1
   268    342      1
   269    244      1
   269     64      1
   269    241      1
   269    314      1
   270    125      1
   270      7      1
   270    245      1
   271    225      1
   271    147      1
   271    102      1
   271    385      1
   272     16      1
   272    165      1
   272    255      1
   273    258      1
   273    200      1
   273    283      1
   274    127      1
   274     91      1
   275    115      1
   275    147      1
   275     70      1
   275    439      1
   276    244      1
   276    103      1
   276     22      1
   276    285      1
   276    313      1
   276    325      1
   276    357      1
   276    424      1
   277    152      1
   277    191      1
   277    291      1
   278     79      1
   278      5      1
   278    152      1
   278    397      1
   278    405      1
   279    138      1
   279    172      1
   279    290      1
   279    321      1
   280    100      1
   280      3      1
   280    326      1
   280    337      1
   280    426      1
   281     77      1
   281    167      1
   281    417      1
   282    156      1
   282    127      1
   282     17      1
   283    180      1
   283    273      1
   283    206      1
   283    484      1
   284     69      1
   284     96      1
   284    303      1
   285     64      1
   285    108      1
   285    276      1
   286    247      1
   286    189      1
   286    140      1
   286    386      1
   287    147      1
   287    150      1
   287    420      1
   288     10      1
   288    264      1
   288     38      1
   289    238      1
   289      9      1
   289    392      1
   289    393      1
   290    279      1
   290    144      1
   290     45      1
   290    291      1
   290    465      1
   291    290      1
   291    142      1
   291    277      1
   292     49      1
   292    223      1
   293     47      1
   293     14      1
   293    116      1
   293    345      1
   293    423      1
   293    461      1
   294    172      1
   294    142      1
   294     54      1
   294    296      1
   294    323      1
   294    338      1
   295    249      1
   295    182      1
   295     21      1
   295    310      1
   295    350      1
   296    294      1
   296     46      1
   296     62      1
   297    226      1
   297    132      1
   297    433      1
   298    115      1
   298    119      1
   298    268      1
   299    140      1
   299    163      1
   300    142      1
   300    263      1
   301     24      1
   301    232      1
   301    202      1
   301    411      1
   302    171      1
   302    264      1
   302    420      1
   303    238      1
   303      0      1
   303    284      1
   303    362      1
   303    373      1
   303    481      1
   304      6      1
   304    127      1
   304      4      1
   304    305      1
   304    459      1
   305    135      1
   305    304      1
   305     61      1
   306    201      1
   306     21      1
   306      9      1
   306    320      1
   306    352      1
   307     59      1
   307    194      1
   307    236      1
   308     96      1
   308    258      1
   309    105      1
   309    168      1
   309    125      1
   309    405      1
   310    197      1
   310    295      1
   311     18      1
   311    216      1
   311    111      1
   311    339      1
   311    478      1
   312    242      1
   312     73      1
   313    276      1
   313      6      1
   313    370      1
   314     11      1
   314    269      1
   315    206      1
   315    224      1
   315    116      1
   315    426      1
   315    456      1
   316    124      1
   316     21      1
   316     32      1
   316    475      1
   317    193      1
   317    159      1
   317     45      1
   318     18      1
   318    186      1
   319    144      1
   319    166      1
   319    192      1
   320     32      1
   320     26      1
   320    306      1
   320    413      1
   321    279      1
   321    147      1
   321    330      1
   321    358      1
   321    466      1
   321    469      1
   321    488      1
   322    185      1
   322    157      1
   323    172      1
   323    294      1
   323    120      1
   323    390      1
   324    222      1
   324     37      1
   324     85      1
   324    379      1
   325    276      1
   325    115      1
   325    170      1
   326    280      1
   326    195      1
   326    227      1
   326    327      1
   326    481      1
   327     83      1
   327    326      1
   327    409      1
   328    218      1
   328     38      1
   328    498      1
   329     29      1
   329     93      1
   329    199      1
   329    410      1
   329    427      1
   330    321      1
   330    167      1
   330    480      1
   331     52      1
   331     34      1
   331     58      1
   332     13      1
   332    242      1
   332    216      1
   332    351      1
   333    118      1
   333    141      1
   333    405      1
   333    433      1
   334    182      1
   334    111      1
   334     56      1
   335     33      1
   335    233      1
   335    365      1
   335    434      1
   336    259      1
   336     49      1
   336    357      1
   336    375      1
   337    280      1
   337     36      1
   337    380      1
   338     86      1
   338    294      1
   338    194      1
   339    311      1
   339     53      1
   339    343      1
   339    418      1
   340      3      1
   340     82      1
   340    392      1
   340    481      1
   341    244      1
   341    266      1
   341     37      1
   341    346      1
   341    384      1
   342    161      1
   342    268      1
   343     64      1
   343    339      1
   344    232      1
   344     10      1
   344    355      1
   345    293      1
   345    212      1
   346    112      1
   346    341      1
   346    140      1
   346    370      1
   347    195      1
   347    207      1
   347    378      1
   348     27      1
   348    262      1
   348    409      1
   349    217      1
   349    149      1
   349    437      1
   349    443      1
   350    295      1
   350     26      1
   351     27      1
   351    234      1
   351    332      1
   352    181      1
   352    306      1
   352     47      1
   353     96      1
   353    184      1
   353    382      1
   354    185      1
   354    104      1
   354    470      1
   355    344      1
   355    240      1
   355    382      1
   356    103      1
   356    250      1
   356     17      1
   357    276      1
   357    336      1
   357     49      1
   358    321      1
   358     67      1
   358    142      1
   358    498      1
   359    168      1
   359    265      1
   359    236      1
   359    479      1
   360    106      1
   360    236      1
   360    367      1
   360    477      1
   361    255      1
   361    128      1
   361    189      1
   362    303      1
   362     53      1
   362    424      1
   363    163      1
   363     70      1
   363    496      1
   364    206      1
   364    232      1
   364    183      1
   364    447      1
   365    248      1
   365    335      1
   365     67      1
   366     86      1
   366    158      1
   367     78      1
   367    360      1
   367    118      1
   368     49      1
   368    208      1
   369    204      1
   369     62      1
   369    411      1
   370     90      1
   370    313      1
   370    346      1
   371     25      1
   371     31      1
   371    138      1
   371    471      1
   372    237      1
   372     23      1
   372    386      1
   372    437      1
   373    263      1
   373    303      1
   373    445      1
   374    102      1
   374    163      1
   374     64      1
   375     19      1
   375     58      1
   375    336      1
   376     65      1
   376    225      1
   376      2      1
   377     96      1
   377     31      1
   378     54      1
   378    221      1
   378    347      1
   378    464      1
   379    324      1
   379    107      1
   379    223      1
   379    469      1
   380    154      1
   380     76      1
   380    337      1
   380    416      1
   380    483      1
   381    218      1
   381    158      1
   382    210      1
   382    353      1
   382    355      1
   382    466      1
   382    471      1
   382    477      1
   383    128      1
   383     81      1
   383    245      1
   384    209      1
   384    341      1
   384    402      1
   384    408      1
   384    455      1
   385     74      1
   385    271      1
   386    286      1
   386    372      1
   386    115      1
   387    114      1
   387     97      1
   388     91      1
   388    226      1
   389    149      1
   389    104      1
   390    212      1
   390    323      1
   390    176      1
   390    418      1
   391    102      1
   391    129      1
   392    340      1
   392    106      1
   392    289      1
   392    492      1
   393    217      1
   393     99      1
   393    289      1
   393    401      1
   394    113      1
   394     10      1
   394    148      1
   394    446      1
   395    203      1
   395    208      1
   395    465      1
   396    242      1
   396    217      1
   397     14      1
   397    278      1
   397    116      1
   397    456      1
   398    231      1
   398     61      1
   399    110      1
   399     33      1
   399      0      1
   399    448      1
   400    241      1
   400    203      1
   400    422      1
   401     37      1
   401    393      1
   402    186      1
   402    384      1
   402     84      1
   402    411      1
   403    147      1
   403      5      1
   403    464      1
   403    484      1
   404    161      1
   404    188      1
   404    429      1
   404    492      1
   405    333      1
   405    309      1
   405    278      1
   406     16      1
   406     43      1
   407    151      1
   407    122      1
   407    188      1
   408     55      1
   408    384      1
   408    440      1
   409    348      1
   409    327      1
   409    218      1
   410    215      1
   410    216      1
   410    329      1
   411    301      1
   411    402      1
   411    369      1
   412    115      1
   412    201      1
   412    159      1
   413    228      1
   413    133      1
   413    320      1
   413    457      1
   414    111      1
   414     33      1
   414     32      1
   414    467      1
   415    143      1
   415     60      1
   415    478      1
   416     43      1
   416    247      1
   416    380      1
   417     49      1
   417    281      1
   417    422      1
   418    390      1
   418    154      1
   418    339      1
   419    212      1
   419    102      1
   419     51      1
   420    105      1
   420    287      1
   420    302      1
   421    213      1
   421     95      1
   421     10      1
   422     36      1
   422    400      1
   422    417      1
   423    293      1
   423    222      1
   423    444      1
   423    474      1
   424    362      1
   424    276      1
   424    449      1
   425     57      1
   425    189      1
   425    452      1
   426    315      1
   426    280      1
   426    130      1
   426    464      1
   427    240      1
   427    118      1
   427    329      1
   428     29      1
   428    242      1
   429     49      1
   429    404      1
   430      0      1
   430    215      1
   430    133      1
   431     35      1
   431    249      1
   431    479      1
   432    177      1
   432     14      1
   432    191      1
   433    297      1
   433    333      1
   434    230      1
   434    335      1
   434    452      1
   435      0      1
   435    224      1
   435    241      1
   436    144      1
   436     59      1
   437    349      1
   437    135      1
   437    372      1
   437    450      1
   438    255      1
   438    119      1
   438    448      1
   439    275      1
   439      2      1
   439    152      1
   439    483      1
   440    137      1
   440    408      1
   441    186      1
   441    201      1
   441    260      1
   442     36      1
   442    203      1
   442    453      1
   443    349      1
   443    224      1
   444     17      1
   444    423      1
   444    154      1
   445    112      1
   445    109      1
   445    373      1
   446    394      1
   446    161      1
   446     97      1
   447    364      1
   447    202      1
   448    399      1
   448    438      1
   448    487      1
   449     78      1
   449    424      1
   450    221      1
   450    437      1
   450     47      1
   451    113      1
   451      0      1
   451    181      1
   452    188      1
   452    434      1
   452    425      1
   453    220      1
   453    442      1
   453    482      1
   454     60      1
   454     95      1
   454    467      1
   454    475      1
   455    237      1
   455     46      1
   455    384      1
   456    397      1
   456    315      1
   456     44      1
   457    413      1
   457    257      1
   457     35      1
   458    232      1
   458    169      1
   459    260      1
   459    304      1
   459     46      1
   460     52      1
   460    260      1
   461    293      1
   461    179      1
   461     90      1
   462     97      1
   462    191      1
   462    147      1
   463    196      1
   463     28      1
   464    403      1
   464    378      1
   464    426      1
   465    395      1
   465    290      1
   466    382      1
   466    321      1
   466    480      1
   467    414      1
   467    454      1
   468    265      1
   468     32      1
   469    379      1
   469    321      1
   470    354      1
   470     57      1
   471    371      1
   471    382      1
   471     83      1
   472    211      1
   472    214      1
   473     38      1
   473     10      1
   473    161      1
   474    127      1
   474    213      1
   474    423      1
   475     40      1
   475    316      1
   475    454      1
   476     25      1
   476    155      1
   477    360      1
   477    382      1
   478    203      1
   478    415      1
   478    311      1
   479     85      1
   479    359      1
   479    431      1
   480    466      1
   480     94      1
   480    330      1
   481    326      1
   481    303      1
   481    340      1
   482    128      1
   482    453      1
   482    119      1
   483    439      1
   483    380      1
   483    144      1
   483    485      1
   484    283      1
   484    403      1
   484    254      1
   485    483      1
   485      7      1
   486    236      1
   486    165      1
   486     30      1
   487    448      1
   487    252      1
   488    321      1
   488    126      1
   489    243      1
   489     81      1
   490     45      1
   490    237      1
   491     32      1
   491    162      1
   492      2      1
   492    404      1
   492    392      1
   493    215      1
   493     16      1
   493     22      1
   494      4      1
   494    117      1
   495     40      1
   495    125      1
   496    216      1
   496    363      1
   497    247      1
   497     21      1
   498    358      1
   498    328      1
   499    171      1
   499    204      1
