COORD_X_Y 500
  1.36869   2.34988
  1.33388    2.2454
  2.00065  0.381572
  2.98918    2.6894
0.0165459  0.106203
 0.394356   0.54563
 0.857986  0.163021
  1.57269   2.17652
 0.584509  0.775264
  0.89993  0.409903
  2.68927  0.322671
  2.00127     1.602
 0.171243 0.0132144
  1.45353   1.27455
  2.45164   2.36573
  2.52876   1.96571
  2.06866   2.03166
 0.761632  0.869164
  1.23304  0.129352
  1.20391  0.252131
  1.43955   1.94075
  1.82419    2.2046
  1.65288   2.30016
  1.11258    2.2949
  1.00684   2.14983
  2.76813  0.219373
  2.21083  0.235477
  1.08007   1.78989
 0.752953    2.4127
 0.945947   2.85297
  1.18763  0.780457
    1.419   1.48146
 0.401923   1.19431
  2.65028   2.17121
  1.76241   2.27585
   2.8943  0.362101
  1.79638    1.2244
 0.392099   1.34115
  2.23051   1.87994
 0.196969   2.07535
  2.99269  0.768942
  2.68334  0.504076
 0.346849   2.28823
  2.84566  0.888401
  2.42514   1.38438
  2.19017   1.39696
 0.847139   2.07018
 0.638306     1.643
  2.41519   1.27396
   2.3521   1.54429
  2.55796    2.9401
  1.48286 0.0456706
 0.941294   1.72523
  1.15558   2.55213
  2.39911 0.0468236
  2.76785  0.668405
  1.10177   2.28158
   0.7204  0.152815
 0.658397  0.681984
  0.92141 0.0492581
   1.1577   2.99417
  1.89669   1.31599
 0.168615  0.333209
  1.05264  0.119506
 0.943977   1.60827
  1.22696   1.94274
    2.854   1.02661
 0.352375   2.63812
  1.85036   1.82335
 0.178579   1.04285
  2.50217   1.28366
  1.37768  0.709214
  2.80425  0.986029
  2.07858  0.916564
 0.553487   0.70799
  2.01905  0.415938
  2.97839   1.61647
  0.37864  0.504159
  2.03538   1.43561
  1.19098   2.73471
  2.46231  0.026441
  1.64951   2.47347
  2.88618  0.108856
 0.527568  0.774646
  2.76409  0.662917
  2.05044   1.02353
 0.954893  0.498884
 0.603969  0.141106
 0.954338   2.60718
 0.110551   1.80684
  2.26211  0.901965
  2.44049   1.29563
0.0677276    2.3473
  2.12562   2.20399
  1.82997   1.22639
  2.93647   1.50023
 0.535043   1.49465
 0.188051   2.64233
  0.21719   1.23984
   2.2209   2.86225
  1.49402  0.406799
 0.580386  0.700159
  1.31367    1.8443
  1.29405  0.140945
  1.45193   2.47468
 0.937093 0.0901439
   1.6613   1.81196
  1.86545   2.17084
  1.88377  0.979113
 0.188431   1.87452
  2.60582   1.75223
  2.06335   1.72895
 0.528775  0.155264
  1.32065   1.62015
  2.57539   1.86416
  1.10633  0.800315
 0.612642   1.45425
   2.4587   2.30317
0.0475891   2.96439
 0.948578   1.62622
  1.89698   2.94322
0.0268923  0.199578
 0.995482   2.04313
  2.09874  0.091906
  2.62287  0.512455
  2.87493   1.14609
 0.871025   2.03346
  1.80382   2.29696
  1.44116   2.91842
  1.80355   1.07034
 0.181738  0.900838
   1.9569   1.99186
   1.5389  0.661344
  1.31994   2.33635
  1.91791   1.01057
  1.02948   2.42252
   1.5477   1.93869
  2.45895  0.150276
  2.12249  0.921164
  2.04386   2.65917
  1.41734   2.99659
 0.127946   1.92824
  1.70274  0.767584
  1.24634   2.20286
  2.53106   1.14528
  1.15058   1.63069
  1.34667   1.35247
 0.464878   2.97329
  1.33215  0.619495
  2.30282   2.50595
  1.48655   1.73779
  2.46365   2.52692
  2.08221   1.98471
  2.96776   2.50587
 0.167249  0.704963
  2.86998  0.514343
  2.64813   1.66222
  2.68158   1.95652
  1.44171  0.901015
  2.63497   1.90006
  2.10014   1.94998
  2.50016   2.38234
 0.314187   1.29954
  1.76555   2.38629
 0.947717  0.364643
  2.21669  0.797423
  1.01548  0.563757
  2.12637   1.36763
  2.34858  0.294418
 0.773454   2.51615
 0.764055   1.27181
  2.62956    1.9433
  2.70661  0.206574
   1.6291  0.581698
  1.70244   1.29503
  0.60927 0.0553246
 0.980266   1.80659
   2.0265   2.84136
  1.13842   1.32016
  2.77126   2.34526
 0.571395  0.401169
  1.55583   2.84508
  2.12832   1.08708
  2.80277   2.69544
  2.49214   1.53676
  2.82477   2.30919
  2.49128   0.73117
  0.89281  0.740419
 0.628266    2.6647
  2.12445  0.442366
   1.6499   2.99037
  1.67184   1.23571
  1.18784   1.68263
 0.150583   2.97579
 0.621175   2.90441
  2.78339   1.97819
 0.786421   2.59576
 0.152681   2.16365
  2.56757   0.25525
  1.83983  0.403399
  1.26342   2.04027
  2.07785   2.05587
  2.72302  0.213009
  2.60512   0.91808
 0.834093  0.302416
 0.551965  0.789354
 0.620085  0.358943
  1.53556   2.48757
  1.84837   1.21299
   1.5439   1.62524
 0.229145   1.77335
  1.02945    2.2258
  2.20527  0.850316
  1.99429   2.87676
  1.68427   1.07428
  1.99805   2.01882
0.0897016   1.77263
 0.500664  0.900535
 0.236125   1.56407
  1.36531   2.12912
   2.3181   1.32781
   1.6191   1.92676
  1.44028   2.52321
 0.562903  0.284751
  1.77383   2.28621
 0.455261   2.00431
  2.86063   1.95696
  2.35826   2.79652
  1.06551   1.98875
  1.32891   1.98799
  2.91655  0.207523
0.0532273   0.13206
  1.54966  0.101559
  1.60501  0.696306
 0.674249   0.69158
  2.73934   2.70887
  1.61243   2.48947
  1.61313   1.71052
  2.98865   1.00914
  1.41032   1.86894
  1.55947    2.9649
  1.07637   1.63013
  1.31447   2.78313
   1.8098   1.85867
  0.18962   1.36356
 0.825589   2.33243
 0.992135  0.856122
  2.48277   2.36243
  1.69556   2.20673
  0.98854   2.52254
 0.158559   2.35683
  1.79767   2.39059
  2.56363   1.79004
 0.828247   2.20346
 0.464047   2.22284
  2.78465   2.98906
  1.91261  0.252138
  1.03264   2.20416
  2.08035   2.15957
  1.77648   2.86531
  2.30432   2.72934
  2.77782  0.952949
 0.992383   2.18869
  1.76106   1.25724
 0.373544   2.57481
  0.28406   2.59739
  2.33995   1.24243
 0.307115  0.456548
  2.76309     2.744
 0.118682   2.78278
 0.872736    1.8881
 0.149227   2.30746
  1.65471   2.92896
  1.66123   1.30318
   2.2833  0.117618
  0.65336   2.20185
  1.76005   2.95736
   2.6428    1.9898
  2.71162  0.149332
  1.02323  0.383618
  2.33906   1.61671
 0.838924 0.00147372
  1.46552   1.71264
  2.69326  0.535327
 0.860347   2.33204
 0.232838   1.01869
  1.19973  0.805305
 0.624809  0.900903
   2.5015   1.96415
 0.437515   1.46265
  0.08472   2.02191
  2.08979   2.23129
0.0499253   1.45328
 0.885171   2.22722
 0.639989   2.30787
  1.22145   2.22866
 0.726387   2.06337
  1.15845   2.06693
  2.70132   2.02114
  2.64607   2.74124
  2.81576   1.97876
  1.66649   1.78584
  2.23851   1.57128
  2.30248   2.18291
 0.992755   2.19276
  2.77231   1.39437
 0.348537   0.26473
  1.66794  0.690608
  1.20048   2.18464
 0.875355   1.17345
  2.06418   1.57383
  1.54466   0.39552
  1.00303   1.68862
  2.84798   0.24897
   1.4985  0.191129
  2.51967   2.65014
  2.55111   2.58712
 0.805256   1.54033
   1.5053   1.23609
 0.870902   2.58738
   2.2199   1.64928
  1.35898  0.264399
 0.411946   2.02392
  1.33726  0.651762
  2.50884   1.31483
  1.99946   1.18353
  1.96932  0.554718
  2.05124   2.71416
   2.4181   2.33902
  1.26168   1.63456
  2.05894   1.60524
  1.33254   1.28458
  2.49588   1.15548
 0.454574 9.84524e-05
 0.758638   1.26412
  2.69691   2.08102
  1.34171    1.8921
  1.02345   0.27701
  2.18514  0.478604
 0.139243   2.35906
   2.3626  0.130468
  1.85355   2.24106
  2.68538  0.422064
  2.48346   2.49731
  2.92312   1.42855
  1.91606 0.0289624
   1.5878  0.618883
 0.270749  0.362173
  1.49248   1.45051
  2.62321   2.95822
 0.196758   2.69089
 0.883362   1.50538
 0.577604   1.75304
 0.639482   2.59487
  2.28957   1.95433
 0.191698   1.19367
  1.80914   2.03021
  1.33575   2.74094
  2.36871   1.21273
  2.62003   2.05855
  1.65203    1.6913
   2.5936   1.51879
  1.49992   2.44349
  0.78963    1.3758
  2.28134   2.03113
 0.394437    1.1496
  1.20389   2.01522
  1.08043   2.02155
 0.885357   2.02397
  2.99901   2.36213
  1.01589   1.19056
  1.44278  0.404292
  2.97237  0.341205
  2.20748   0.12995
 0.853139    2.2353
  2.21893   1.66603
 0.969692  0.583245
  1.23276  0.467643
 0.750992   1.05417
  2.22456   1.91788
  2.89388   2.56373
   1.7499   0.51274
  2.83884  0.536608
0.00488217   2.16206
  1.89264   2.94328
  2.69068   1.37405
  1.06912  0.635442
  2.88669  0.490602
  1.81241   1.88193
 0.748002   1.16535
   2.1427   1.64462
  2.90459   1.12216
 0.551985   2.92264
  1.47636   2.68434
  2.72492   1.83917
 0.873104   1.39216
   1.3841   2.24783
 0.668759   2.71894
  0.11513   1.95905
 0.170235   2.81696
  1.14665   2.96489
0.0362899    2.1685
    0.969   2.37281
  2.33744   2.52762
  2.03906   2.85364
  2.18862   2.51928
  1.93613   1.32348
  1.55954   1.82859
  2.88004    2.3292
   1.4427   1.67753
  2.50537    2.2538
  0.81531   2.56435
  1.55687   1.56219
  1.99056   1.04925
  2.55981   2.03307
 0.513171  0.825534
 0.655133   2.30954
  2.65243  0.509528
  2.03741   1.00062
  2.54475   2.70709
  0.98295   2.84712
  2.35076  0.900209
   1.2691   2.02992
  1.79493  0.175484
0.0101822  0.547895
  2.47209  0.820422
  1.82075  0.362216
 0.386004  0.467131
 0.338589   1.34247
  2.21062   2.59992
 0.175951  0.262004
  2.48528   1.42095
  1.92251   1.15808
  2.02627  0.904096
  2.79954   1.21252
 0.335617    2.5545
  1.99391   2.36356
  1.13964   2.68426
  1.59331   2.28648
  1.38375   2.57405
  2.67627   2.70086
  2.71064   2.54955
  1.87127   2.69573
  2.44173   1.88109
  1.14719   2.64017
  2.20812   2.60243
   1.2707  0.880018
  2.59633   2.96071
 0.186207   2.97512
  0.26653  0.407024
 0.286749   2.34469
 0.352975  0.164117
  1.47043     2.787
  1.12872  0.479978
  2.27834 0.0538614
  1.81407   2.14726
  1.67615   2.89712
  1.64706   1.08048
 0.406891  0.662286
 0.650941  0.260034
  1.63069   2.79992
  2.43647   2.15882
  2.63989   1.58948
  1.22725   2.45424
  2.85912   2.84607
   2.6555   2.43999
  1.35171   2.82225
  1.92868  0.124022
  1.12933   1.31877
 0.203839  0.280607
  1.69027  0.297695
  2.60682   1.82092
 0.103285   2.97212
 0.593544   1.82117
  1.51438   1.94791
  1.72571   1.00242
  2.99587  0.420834
  1.79878 0.0434432
  1.57152  0.406568
  2.09307   1.64428
 0.894483   1.95513
0.0285056   2.43328
  2.41973  0.985933
 0.453119   2.00047
 0.309536    2.6487
 0.122749  0.597358
  2.03328   1.87262
 0.231415    2.3227
 0.133302   2.61392
  1.05414   1.70469
 0.428395    2.6193
 0.678972  0.330504
  1.04108   1.09682
  2.67135   2.85811
 0.698105  0.830979
 0.247626   2.05542
 0.431517   2.54274
 0.716546  0.959521
  2.93805   1.02645
   2.1986   2.60553
LINKS_SOURCE_DESTINATION_DISTANCE 2502
     0      1      1
     0      3      1
     0      5      1
     0     10      1
     0     18      1
     0     81      1
     0     95      1
     0    101      1
     0    131      1
     0    221      1
     0    281      1
     0    488      1
     1      0      1
     1      2      1
     1      8      1
     1     11      1
     1     28      1
     1     42      1
     1     85      1
     1    145      1
     1    214      1
     1    266      1
     1    283      1
     1    360      1
     2      1      1
     2      4      1
     2      5      1
     2      6      1
     2      7      1
     2     25      1
     2     26      1
     2     83      1
     2     99      1
     2    300      1
     3      0      1
     3      4      1
     3      6      1
     3      7      1
     3      9      1
     3     11      1
     3     12      1
     3     13      1
     3     28      1
     3     31      1
     3     46      1
     3     55      1
     3    134      1
     4      3      1
     4      2      1
     4     14      1
     4     28      1
     4     38      1
     4    403      1
     5      2      1
     5      0      1
     5      7      1
     5      8      1
     5     10      1
     5     16      1
     5     17      1
     5     19      1
     5     22      1
     5     46      1
     5     47      1
     5     48      1
     5     79      1
     5    263      1
     5    275      1
     5    494      1
     6      3      1
     6      2      1
     6      8      1
     6      9      1
     6     11      1
     6     14      1
     6     25      1
     6     41      1
     6     64      1
     6     73      1
     6    197      1
     7      5      1
     7      2      1
     7      3      1
     7     13      1
     7     41      1
     7     42      1
     7     45      1
     7     50      1
     7     60      1
     7    114      1
     7    151      1
     7    163      1
     7    304      1
     7    375      1
     7    497      1
     8      5      1
     8      6      1
     8      1      1
     8     10      1
     8     22      1
     8     27      1
     8     38      1
     8     76      1
     8     85      1
     8    143      1
     8    189      1
     8    191      1
     8    205      1
     8    293      1
     8    433      1
     8    493      1
     9      3      1
     9      6      1
     9     12      1
     9     13      1
     9     20      1
     9     37      1
     9    200      1
     9    251      1
     9    455      1
    10      8      1
    10      5      1
    10      0      1
    10     16      1
    10     17      1
    10     26      1
    10     45      1
    10     68      1
    10     90      1
    10    115      1
    10    127      1
    10    141      1
    10    142      1
    10    148      1
    10    157      1
    11      1      1
    11      6      1
    11      3      1
    11     12      1
    11     17      1
    11     23      1
    11     39      1
    11     51      1
    11    108      1
    11    173      1
    11    206      1
    11    302      1
    11    304      1
    12      3      1
    12     11      1
    12      9      1
    12     14      1
    12     15      1
    12     16      1
    12     19      1
    12     29      1
    12     70      1
    12     73      1
    12     76      1
    12     78      1
    12    158      1
    13      3      1
    13      7      1
    13      9      1
    13     15      1
    13     21      1
    13     35      1
    13     44      1
    13     62      1
    13     91      1
    13    177      1
    13    293      1
    13    460      1
    14      6      1
    14     12      1
    14      4      1
    14     15      1
    14     23      1
    14     37      1
    14     58      1
    14    123      1
    14    168      1
    14    206      1
    14    388      1
    15     13      1
    15     14      1
    15     12      1
    15     20      1
    15     23      1
    15     24      1
    15     39      1
    15     81      1
    15     94      1
    15    109      1
    15    122      1
    15    139      1
    15    235      1
    16     10      1
    16      5      1
    16     12      1
    16     18      1
    16     30      1
    16     32      1
    16     49      1
    16     53      1
    16     59      1
    16    154      1
    16    166      1
    16    228      1
    16    255      1
    17     11      1
    17      5      1
    17     10      1
    17     18      1
    17     21      1
    17     24      1
    17     44      1
    17     82      1
    17     89      1
    17    104      1
    17    138      1
    17    146      1
    17    152      1
    17    237      1
    17    242      1
    17    282      1
    17    322      1
    17    421      1
    18      0      1
    18     17      1
    18     16      1
    18     34      1
    18     56      1
    18     66      1
    18     75      1
    18    124      1
    18    225      1
    18    465      1
    19      5      1
    19     12      1
    19     20      1
    19     25      1
    19     58      1
    19     80      1
    19     96      1
    19    165      1
    19    249      1
    19    271      1
    20      9      1
    20     15      1
    20     19      1
    20     30      1
    20     38      1
    20     44      1
    20    109      1
    20    117      1
    20    255      1
    20    279      1
    21     17      1
    21     13      1
    21     22      1
    21     26      1
    21     34      1
    21     36      1
    21     53      1
    21     55      1
    21     83      1
    21    116      1
    21    118      1
    21    308      1
    21    373      1
    21    416      1
    21    449      1
    21    464      1
    22     21      1
    22      8      1
    22      5      1
    22     35      1
    22     37      1
    22     45      1
    22     59      1
    22     64      1
    22     88      1
    22    108      1
    22    184      1
    22    212      1
    22    217      1
    22    222      1
    22    256      1
    22    275      1
    22    288      1
    22    335      1
    22    344      1
    22    363      1
    22    383      1
    23     15      1
    23     11      1
    23     14      1
    23     27      1
    23     57      1
    23     58      1
    23     87      1
    23    100      1
    23    137      1
    23    147      1
    23    231      1
    23    260      1
    23    272      1
    23    400      1
    23    407      1
    24     17      1
    24     15      1
    24     50      1
    24     63      1
    24     74      1
    24     82      1
    24    100      1
    24    105      1
    24    130      1
    24    176      1
    25      2      1
    25     19      1
    25      6      1
    25     29      1
    25     33      1
    25     46      1
    25     61      1
    25     67      1
    25     92      1
    25    209      1
    25    322      1
    25    411      1
    26      2      1
    26     21      1
    26     10      1
    26     48      1
    26     51      1
    26     69      1
    26    123      1
    26    423      1
    27     23      1
    27      8      1
    27     31      1
    27     51      1
    27     63      1
    27     74      1
    27     77      1
    27    106      1
    27    134      1
    27    168      1
    27    407      1
    28      1      1
    28      3      1
    28      4      1
    28     32      1
    28     56      1
    28     78      1
    28     79      1
    28     86      1
    28     99      1
    28    201      1
    28    332      1
    28    382      1
    28    385      1
    28    462      1
    29     25      1
    29     12      1
    29     33      1
    29     65      1
    29     67      1
    29     68      1
    29    113      1
    29    314      1
    29    316      1
    30     20      1
    30     16      1
    30     32      1
    30     86      1
    30     91      1
    30    104      1
    30    195      1
    30    334      1
    30    414      1
    31      3      1
    31     27      1
    31     41      1
    31     52      1
    31    166      1
    31    223      1
    31    340      1
    31    396      1
    31    419      1
    32     28      1
    32     16      1
    32     30      1
    32     34      1
    32     52      1
    32     55      1
    32     60      1
    32     69      1
    32     72      1
    32     87      1
    32     98      1
    32    322      1
    32    480      1
    33     29      1
    33     25      1
    33     43      1
    33     57      1
    33    110      1
    33    150      1
    33    215      1
    33    308      1
    33    381      1
    33    448      1
    34     18      1
    34     21      1
    34     32      1
    34     35      1
    34     36      1
    34     42      1
    34     67      1
    34     94      1
    34    321      1
    34    355      1
    35     34      1
    35     22      1
    35     13      1
    35    227      1
    35    353      1
    35    368      1
    36     21      1
    36     34      1
    36     43      1
    36     47      1
    36     49      1
    36    102      1
    36    136      1
    36    160      1
    36    192      1
    36    320      1
    36    350      1
    36    497      1
    37     22      1
    37     14      1
    37      9      1
    37     40      1
    37     88      1
    37    133      1
    37    136      1
    37    145      1
    37    146      1
    37    182      1
    37    265      1
    37    454      1
    38      4      1
    38      8      1
    38     20      1
    38     43      1
    38     47      1
    38     70      1
    38     76      1
    38    145      1
    38    314      1
    38    358      1
    38    434      1
    39     15      1
    39     11      1
    39     40      1
    39     54      1
    39     64      1
    39    114      1
    39    158      1
    39    248      1
    39    306      1
    39    311      1
    39    343      1
    39    392      1
    40     37      1
    40     39      1
    40     53      1
    40    161      1
    40    286      1
    40    377      1
    41      6      1
    41      7      1
    41     31      1
    41     96      1
    41    229      1
    41    258      1
    41    288      1
    41    292      1
    42      7      1
    42      1      1
    42     34      1
    42     65      1
    42     66      1
    42    230      1
    42    251      1
    42    437      1
    43     33      1
    43     38      1
    43     36      1
    43     49      1
    43     59      1
    43     60      1
    43    155      1
    43    156      1
    43    210      1
    43    285      1
    44     17      1
    44     20      1
    44     13      1
    44     48      1
    44     90      1
    44    165      1
    44    179      1
    44    201      1
    44    212      1
    44    307      1
    44    425      1
    45      7      1
    45     10      1
    45     22      1
    45     69      1
    45    118      1
    45    121      1
    45    125      1
    45    247      1
    45    278      1
    45    406      1
    46      5      1
    46     25      1
    46      3      1
    46     65      1
    46    142      1
    46    153      1
    46    169      1
    46    239      1
    47     36      1
    47     38      1
    47      5      1
    47     54      1
    47    105      1
    47    188      1
    47    209      1
    47    476      1
    48     26      1
    48     44      1
    48      5      1
    48     52      1
    48     80      1
    48     97      1
    48    427      1
    48    440      1
    49     36      1
    49     43      1
    49     16      1
    49    154      1
    49    177      1
    49    323      1
    49    405      1
    49    434      1
    50      7      1
    50     24      1
    50     71      1
    50    128      1
    50    157      1
    50    268      1
    51     11      1
    51     27      1
    51     26      1
    51    144      1
    51    496      1
    52     32      1
    52     48      1
    52     31      1
    52     70      1
    52    259      1
    52    290      1
    52    301      1
    53     16      1
    53     40      1
    53     21      1
    53    155      1
    53    198      1
    53    412      1
    54     47      1
    54     39      1
    54     63      1
    54    106      1
    54    146      1
    54    213      1
    54    329      1
    54    364      1
    54    420      1
    54    421      1
    55      3      1
    55     32      1
    55     21      1
    55     56      1
    55     92      1
    55    101      1
    55    107      1
    55    176      1
    55    278      1
    55    298      1
    55    456      1
    56     55      1
    56     18      1
    56     28      1
    56     62      1
    56     98      1
    56    102      1
    56    192      1
    56    203      1
    56    225      1
    56    229      1
    56    363      1
    57     23      1
    57     33      1
    57     61      1
    57     84      1
    57    208      1
    57    316      1
    58     23      1
    58     14      1
    58     19      1
    58    130      1
    58    208      1
    58    261      1
    59     16      1
    59     43      1
    59     22      1
    59     77      1
    59    120      1
    59    167      1
    59    429      1
    60      7      1
    60     32      1
    60     43      1
    60     84      1
    60    126      1
    60    127      1
    60    207      1
    60    332      1
    61     25      1
    61     57      1
    61     66      1
    61    131      1
    61    350      1
    61    436      1
    62     56      1
    62     13      1
    62     71      1
    62     89      1
    62    124      1
    62    235      1
    62    350      1
    63     27      1
    63     24      1
    63     54      1
    63     73      1
    63     91      1
    63    104      1
    63    123      1
    63    188      1
    63    189      1
    63    214      1
    63    239      1
    63    328      1
    63    404      1
    63    469      1
    64     22      1
    64      6      1
    64     39      1
    64     84      1
    64    165      1
    64    203      1
    64    257      1
    64    334      1
    65     29      1
    65     46      1
    65     42      1
    65    246      1
    66     18      1
    66     61      1
    66     42      1
    66     88      1
    66    183      1
    66    252      1
    66    259      1
    67     29      1
    67     25      1
    67     34      1
    67    135      1
    67    152      1
    67    245      1
    68     29      1
    68     10      1
    68    103      1
    68    115      1
    68    119      1
    68    190      1
    68    242      1
    68    246      1
    69     32      1
    69     26      1
    69     45      1
    69    121      1
    69    220      1
    69    468      1
    70     52      1
    70     12      1
    70     38      1
    70    112      1
    70    189      1
    70    197      1
    70    203      1
    70    238      1
    70    346      1
    70    367      1
    71     50      1
    71     62      1
    71     72      1
    71     93      1
    71    111      1
    71    150      1
    71    173      1
    71    268      1
    72     32      1
    72     71      1
    72    109      1
    72    246      1
    72    480      1
    73     63      1
    73     12      1
    73      6      1
    73    247      1
    73    279      1
    73    346      1
    74     24      1
    74     27      1
    74     75      1
    74     83      1
    74    154      1
    74    161      1
    74    211      1
    75     74      1
    75     18      1
    75    110      1
    75    133      1
    76     12      1
    76      8      1
    76     38      1
    76    103      1
    76    113      1
    76    141      1
    76    170      1
    76    361      1
    76    447      1
    77     59      1
    77     27      1
    77    107      1
    77    180      1
    77    200      1
    78     12      1
    78     28      1
    79     28      1
    79      5      1
    79    406      1
    79    424      1
    79    489      1
    80     19      1
    80     48      1
    80    139      1
    80    390      1
    81     15      1
    81      0      1
    81    119      1
    81    185      1
    81    291      1
    81    295      1
    82     17      1
    82     24      1
    82    163      1
    82    241      1
    82    287      1
    82    374      1
    83      2      1
    83     74      1
    83     21      1
    83     90      1
    83    155      1
    83    347      1
    83    499      1
    84     60      1
    84     57      1
    84     64      1
    84    116      1
    84    185      1
    84    222      1
    84    336      1
    85      1      1
    85      8      1
    85    100      1
    85    111      1
    85    126      1
    85    202      1
    85    272      1
    85    365      1
    86     28      1
    86     30      1
    86    128      1
    86    134      1
    86    286      1
    86    367      1
    87     23      1
    87     32      1
    87    117      1
    87    119      1
    87    124      1
    87    185      1
    87    224      1
    87    288      1
    87    352      1
    87    454      1
    88     66      1
    88     37      1
    88     22      1
    88    164      1
    88    269      1
    88    295      1
    88    437      1
    88    447      1
    89     17      1
    89     62      1
    89     99      1
    89    388      1
    90     10      1
    90     83      1
    90     44      1
    90    342      1
    90    389      1
    91     63      1
    91     13      1
    91     30      1
    91     93      1
    91    178      1
    91    218      1
    92     25      1
    92     55      1
    92     95      1
    92     97      1
    92    289      1
    93     71      1
    93     91      1
    93    116      1
    93    191      1
    93    213      1
    93    220      1
    93    277      1
    93    314      1
    94     15      1
    94     34      1
    94    132      1
    94    473      1
    95     92      1
    95      0      1
    95    107      1
    95    273      1
    96     19      1
    96     41      1
    96    113      1
    97     48      1
    97     92      1
    97    212      1
    97    224      1
    97    252      1
    97    317      1
    98     32      1
    98     56      1
    98    294      1
    99      2      1
    99     28      1
    99     89      1
    99    101      1
    99    159      1
    99    175      1
    99    179      1
    99    255      1
    99    297      1
    99    462      1
   100     23      1
   100     85      1
   100     24      1
   100    110      1
   100    147      1
   100    178      1
   100    238      1
   100    492      1
   101     55      1
   101      0      1
   101     99      1
   101    194      1
   101    416      1
   102     56      1
   102     36      1
   102    156      1
   102    221      1
   102    232      1
   102    401      1
   102    446      1
   103     68      1
   103     76      1
   103    171      1
   103    231      1
   103    243      1
   103    258      1
   103    379      1
   103    391      1
   103    458      1
   104     63      1
   104     30      1
   104     17      1
   104    122      1
   104    156      1
   104    196      1
   104    198      1
   104    204      1
   105     47      1
   105     24      1
   105    112      1
   105    125      1
   105    181      1
   106     27      1
   106     54      1
   106    122      1
   106    135      1
   106    174      1
   106    193      1
   106    263      1
   107     55      1
   107     77      1
   107     95      1
   107    137      1
   107    217      1
   107    315      1
   107    436      1
   108     22      1
   108     11      1
   108    281      1
   108    287      1
   109     15      1
   109     72      1
   109     20      1
   109    178      1
   109    264      1
   109    383      1
   110     33      1
   110     75      1
   110    100      1
   110    131      1
   110    220      1
   110    267      1
   110    435      1
   110    444      1
   110    451      1
   111     85      1
   111     71      1
   111    129      1
   111    132      1
   111    141      1
   111    360      1
   111    398      1
   112     70      1
   112    105      1
   112    211      1
   112    484      1
   112    488      1
   113     76      1
   113     29      1
   113     96      1
   113    120      1
   113    140      1
   113    251      1
   113    296      1
   113    498      1
   114     39      1
   114      7      1
   114    491      1
   115     68      1
   115     10      1
   115    256      1
   115    478      1
   115    486      1
   116     21      1
   116     84      1
   116     93      1
   116    234      1
   116    238      1
   117     87      1
   117     20      1
   117    149      1
   117    168      1
   117    222      1
   117    313      1
   117    341      1
   118     21      1
   118     45      1
   118    126      1
   118    159      1
   118    442      1
   118    458      1
   119     81      1
   119     87      1
   119     68      1
   119    208      1
   119    298      1
   119    305      1
   120    113      1
   120     59      1
   120    159      1
   120    169      1
   120    265      1
   120    289      1
   120    300      1
   120    393      1
   121     45      1
   121     69      1
   121    143      1
   121    175      1
   121    266      1
   121    498      1
   122     15      1
   122    104      1
   122    106      1
   122    151      1
   123     14      1
   123     26      1
   123     63      1
   123    389      1
   124     18      1
   124     62      1
   124     87      1
   124    137      1
   124    233      1
   125    105      1
   125     45      1
   125    219      1
   125    318      1
   125    417      1
   126    118      1
   126     85      1
   126     60      1
   126    138      1
   126    148      1
   126    174      1
   127     10      1
   127     60      1
   127    153      1
   127    172      1
   127    216      1
   127    495      1
   128     50      1
   128     86      1
   128    129      1
   128    184      1
   128    194      1
   128    245      1
   129    111      1
   129    128      1
   129    190      1
   129    236      1
   129    263      1
   129    267      1
   129    278      1
   129    443      1
   130     24      1
   130     58      1
   130    144      1
   130    270      1
   131      0      1
   131    110      1
   131     61      1
   131    204      1
   131    440      1
   132    111      1
   132     94      1
   132    164      1
   132    167      1
   132    172      1
   132    202      1
   132    247      1
   132    296      1
   132    428      1
   133     37      1
   133     75      1
   133    162      1
   133    232      1
   133    240      1
   134      3      1
   134     27      1
   134     86      1
   134    140      1
   134    241      1
   134    356      1
   134    431      1
   134    443      1
   135     67      1
   135    106      1
   135    151      1
   135    162      1
   135    177      1
   135    207      1
   135    245      1
   135    279      1
   135    305      1
   136     37      1
   136     36      1
   136    173      1
   136    216      1
   136    237      1
   136    343      1
   136    348      1
   137    107      1
   137     23      1
   137    124      1
   137    149      1
   137    337      1
   138    126      1
   138     17      1
   138    170      1
   138    357      1
   138    441      1
   139     80      1
   139     15      1
   139    150      1
   139    182      1
   139    360      1
   139    362      1
   139    393      1
   140    113      1
   140    134      1
   140    198      1
   140    426      1
   141     10      1
   141     76      1
   141    111      1
   141    187      1
   141    215      1
   141    232      1
   141    285      1
   141    338      1
   142     46      1
   142     10      1
   142    164      1
   142    176      1
   142    254      1
   142    324      1
   142    392      1
   143    121      1
   143      8      1
   143    175      1
   143    463      1
   144    130      1
   144     51      1
   144    223      1
   144    378      1
   145     38      1
   145      1      1
   145     37      1
   145    182      1
   145    206      1
   145    329      1
   145    337      1
   145    382      1
   145    394      1
   146     54      1
   146     17      1
   146     37      1
   146    160      1
   146    190      1
   147    100      1
   147     23      1
   147    194      1
   147    199      1
   148    126      1
   148     10      1
   148    378      1
   149    137      1
   149    117      1
   149    193      1
   149    347      1
   149    375      1
   149    421      1
   150     33      1
   150    139      1
   150     71      1
   150    319      1
   151    122      1
   151    135      1
   151      7      1
   151    163      1
   151    373      1
   151    381      1
   152     17      1
   152     67      1
   152    369      1
   153    127      1
   153     46      1
   153    202      1
   153    233      1
   153    300      1
   154     74      1
   154     16      1
   154     49      1
   154    183      1
   154    290      1
   154    387      1
   155     53      1
   155     43      1
   155     83      1
   155    172      1
   155    315      1
   155    345      1
   156    104      1
   156    102      1
   156     43      1
   156    331      1
   157     10      1
   157     50      1
   157    186      1
   157    248      1
   158     39      1
   158     12      1
   159    118      1
   159    120      1
   159     99      1
   159    274      1
   159    318      1
   159    466      1
   160     36      1
   160    146      1
   160    183      1
   160    186      1
   160    196      1
   160    201      1
   160    449      1
   161     74      1
   161     40      1
   162    135      1
   162    133      1
   162    439      1
   162    490      1
   162    493      1
   163      7      1
   163     82      1
   163    151      1
   163    171      1
   163    328      1
   163    356      1
   164     88      1
   164    132      1
   164    142      1
   164    181      1
   164    397      1
   165     19      1
   165     64      1
   165     44      1
   166     31      1
   166     16      1
   167     59      1
   167    132      1
   167    174      1
   167    223      1
   167    340      1
   167    356      1
   167    371      1
   168    117      1
   168     14      1
   168     27      1
   168    226      1
   168    230      1
   168    276      1
   168    280      1
   168    341      1
   169    120      1
   169     46      1
   169    180      1
   169    233      1
   170    138      1
   170     76      1
   170    196      1
   170    369      1
   170    377      1
   171    163      1
   171    103      1
   171    187      1
   171    200      1
   171    250      1
   171    330      1
   172    127      1
   172    132      1
   172    155      1
   172    326      1
   172    471      1
   173    136      1
   173     71      1
   173     11      1
   173    186      1
   173    237      1
   173    385      1
   174    167      1
   174    126      1
   174    106      1
   174    199      1
   174    235      1
   174    334      1
   174    385      1
   174    415      1
   175    143      1
   175    121      1
   175     99      1
   175    293      1
   175    324      1
   176     24      1
   176     55      1
   176    142      1
   177     13      1
   177    135      1
   177     49      1
   177    195      1
   177    299      1
   177    351      1
   177    482      1
   178     91      1
   178    109      1
   178    100      1
   178    214      1
   178    416      1
   179     44      1
   179     99      1
   179    204      1
   179    211      1
   179    336      1
   179    379      1
   179    411      1
   180     77      1
   180    169      1
   180    372      1
   181    164      1
   181    105      1
   181    205      1
   181    273      1
   181    333      1
   181    428      1
   182     37      1
   182    139      1
   182    145      1
   182    366      1
   183    154      1
   183    160      1
   183     66      1
   183    268      1
   183    298      1
   184     22      1
   184    128      1
   184    240      1
   184    407      1
   185     87      1
   185     84      1
   185     81      1
   185    256      1
   185    262      1
   185    275      1
   185    311      1
   185    489      1
   186    160      1
   186    173      1
   186    157      1
   187    171      1
   187    141      1
   187    400      1
   188     47      1
   188     63      1
   188    241      1
   188    330      1
   189     70      1
   189     63      1
   189      8      1
   190    129      1
   190     68      1
   190    146      1
   190    359      1
   191      8      1
   191     93      1
   191    277      1
   191    441      1
   191    450      1
   191    475      1
   192     36      1
   192     56      1
   193    149      1
   193    106      1
   193    253      1
   193    347      1
   194    147      1
   194    101      1
   194    128      1
   194    199      1
   194    205      1
   194    217      1
   194    218      1
   195    177      1
   195     30      1
   195    261      1
   195    272      1
   195    310      1
   195    476      1
   196    170      1
   196    104      1
   196    160      1
   196    264      1
   196    358      1
   197      6      1
   197     70      1
   197    219      1
   197    276      1
   198     53      1
   198    104      1
   198    140      1
   198    432      1
   199    147      1
   199    194      1
   199    174      1
   199    230      1
   200      9      1
   200    171      1
   200     77      1
   200    234      1
   200    313      1
   201     44      1
   201    160      1
   201     28      1
   201    312      1
   201    319      1
   201    371      1
   202    132      1
   202    153      1
   202     85      1
   202    270      1
   202    362      1
   202    425      1
   203     64      1
   203     56      1
   203     70      1
   204    179      1
   204    104      1
   204    131      1
   204    210      1
   204    250      1
   204    312      1
   204    362      1
   205      8      1
   205    194      1
   205    181      1
   205    332      1
   205    354      1
   205    355      1
   206     14      1
   206     11      1
   206    145      1
   206    226      1
   206    304      1
   206    372      1
   207     60      1
   207    135      1
   208     57      1
   208     58      1
   208    119      1
   208    262      1
   208    405      1
   208    423      1
   209     47      1
   209     25      1
   209    291      1
   209    302      1
   209    342      1
   209    446      1
   209    496      1
   210    204      1
   210     43      1
   210    231      1
   210    444      1
   211    112      1
   211     74      1
   211    179      1
   211    355      1
   211    408      1
   211    452      1
   212     44      1
   212     22      1
   212     97      1
   212    228      1
   212    259      1
   213     54      1
   213     93      1
   213    338      1
   213    353      1
   213    397      1
   213    491      1
   214    178      1
   214     63      1
   214      1      1
   214    299      1
   215     33      1
   215    141      1
   215    368      1
   215    461      1
   216    136      1
   216    127      1
   216    243      1
   216    299      1
   216    391      1
   217    194      1
   217    107      1
   217     22      1
   217    431      1
   218    194      1
   218     91      1
   218    258      1
   218    346      1
   218    492      1
   219    197      1
   219    125      1
   219    227      1
   219    236      1
   219    244      1
   219    333      1
   220    110      1
   220     93      1
   220     69      1
   220    283      1
   221    102      1
   221      0      1
   222    117      1
   222     84      1
   222     22      1
   222    229      1
   222    234      1
   222    351      1
   223    167      1
   223     31      1
   223    144      1
   223    297      1
   224     87      1
   224     97      1
   224    239      1
   224    418      1
   225     18      1
   225     56      1
   226    168      1
   226    206      1
   226    271      1
   226    273      1
   226    280      1
   227    219      1
   227     35      1
   227    371      1
   227    376      1
   228     16      1
   228    212      1
   228    327      1
   228    368      1
   228    467      1
   229    222      1
   229     56      1
   229     41      1
   229    260      1
   229    454      1
   230     42      1
   230    199      1
   230    168      1
   230    380      1
   230    474      1
   231    103      1
   231    210      1
   231     23      1
   232    141      1
   232    133      1
   232    102      1
   232    363      1
   232    417      1
   232    418      1
   233    169      1
   233    124      1
   233    153      1
   233    244      1
   233    250      1
   233    282      1
   233    292      1
   233    302      1
   233    370      1
   234    200      1
   234    116      1
   234    222      1
   235    174      1
   235     62      1
   235     15      1
   235    269      1
   235    349      1
   235    470      1
   236    219      1
   236    129      1
   236    294      1
   236    384      1
   237    173      1
   237     17      1
   237    136      1
   238    100      1
   238    116      1
   238     70      1
   239     46      1
   239    224      1
   239     63      1
   240    184      1
   240    133      1
   240    321      1
   240    338      1
   241     82      1
   241    134      1
   241    188      1
   241    404      1
   241    478      1
   242     68      1
   242     17      1
   242    379      1
   243    103      1
   243    216      1
   243    339      1
   243    476      1
   244    233      1
   244    219      1
   244    303      1
   244    359      1
   245    135      1
   245     67      1
   245    128      1
   245    249      1
   245    398      1
   246     72      1
   246     65      1
   246     68      1
   246    253      1
   247    132      1
   247     73      1
   247     45      1
   247    472      1
   248    157      1
   248     39      1
   248    367      1
   248    415      1
   249     19      1
   249    245      1
   249    297      1
   250    204      1
   250    233      1
   250    171      1
   250    289      1
   251      9      1
   251     42      1
   251    113      1
   251    423      1
   252     97      1
   252     66      1
   253    193      1
   253    246      1
   253    254      1
   253    365      1
   254    253      1
   254    142      1
   254    352      1
   254    394      1
   254    402      1
   254    422      1
   255     16      1
   255     99      1
   255     20      1
   255    257      1
   256    185      1
   256    115      1
   256     22      1
   257     64      1
   257    255      1
   257    281      1
   257    284      1
   257    337      1
   257    390      1
   257    410      1
   258    218      1
   258    103      1
   258     41      1
   259    212      1
   259     66      1
   259     52      1
   259    274      1
   260     23      1
   260    229      1
   260    284      1
   260    320      1
   261     58      1
   261    195      1
   261    292      1
   262    208      1
   262    185      1
   262    265      1
   262    283      1
   262    395      1
   263      5      1
   263    106      1
   263    129      1
   263    426      1
   264    196      1
   264    109      1
   264    474      1
   265     37      1
   265    262      1
   265    120      1
   265    380      1
   265    406      1
   266    121      1
   266      1      1
   266    287      1
   266    307      1
   266    438      1
   267    110      1
   267    129      1
   267    473      1
   268     71      1
   268     50      1
   268    183      1
   268    296      1
   268    309      1
   268    478      1
   269    235      1
   269     88      1
   269    320      1
   269    326      1
   269    394      1
   269    429      1
   270    202      1
   270    130      1
   271     19      1
   271    226      1
   272     85      1
   272    195      1
   272     23      1
   272    460      1
   272    481      1
   273    181      1
   273     95      1
   273    226      1
   274    259      1
   274    159      1
   274    496      1
   275     22      1
   275    185      1
   275      5      1
   275    294      1
   275    374      1
   276    168      1
   276    197      1
   276    409      1
   277     93      1
   277    191      1
   277    432      1
   278     55      1
   278    129      1
   278     45      1
   278    335      1
   278    400      1
   279     20      1
   279    135      1
   279     73      1
   279    325      1
   279    462      1
   280    226      1
   280    168      1
   281    257      1
   281      0      1
   281    108      1
   281    431      1
   282    233      1
   282     17      1
   282    310      1
   283      1      1
   283    262      1
   283    220      1
   283    364      1
   284    260      1
   284    257      1
   284    398      1
   284    467      1
   285     43      1
   285    141      1
   285    348      1
   285    373      1
   285    399      1
   286     40      1
   286     86      1
   286    330      1
   286    455      1
   287    108      1
   287    266      1
   287     82      1
   287    339      1
   287    340      1
   287    449      1
   288     22      1
   288     87      1
   288     41      1
   288    306      1
   288    308      1
   288    450      1
   289     92      1
   289    250      1
   289    120      1
   289    357      1
   289    396      1
   290    154      1
   290     52      1
   291     81      1
   291    209      1
   291    327      1
   291    386      1
   291    410      1
   292    233      1
   292     41      1
   292    261      1
   292    404      1
   292    439      1
   292    457      1
   293     13      1
   293      8      1
   293    175      1
   293    303      1
   293    366      1
   294    275      1
   294     98      1
   294    236      1
   295     88      1
   295     81      1
   296    268      1
   296    132      1
   296    113      1
   296    401      1
   297    223      1
   297     99      1
   297    249      1
   297    310      1
   298     55      1
   298    183      1
   298    119      1
   298    306      1
   298    309      1
   298    456      1
   299    214      1
   299    216      1
   299    177      1
   299    307      1
   299    391      1
   299    420      1
   299    430      1
   299    459      1
   300    120      1
   300    153      1
   300      2      1
   300    301      1
   300    319      1
   300    413      1
   300    457      1
   301     52      1
   301    300      1
   301    408      1
   302    233      1
   302    209      1
   302     11      1
   302    317      1
   302    409      1
   302    482      1
   303    244      1
   303    293      1
   303    471      1
   304      7      1
   304    206      1
   304     11      1
   304    445      1
   305    119      1
   305    135      1
   305    344      1
   305    384      1
   305    443      1
   306     39      1
   306    298      1
   306    288      1
   306    376      1
   306    395      1
   307    299      1
   307     44      1
   307    266      1
   308     33      1
   308    288      1
   308     21      1
   308    315      1
   309    298      1
   309    268      1
   309    349      1
   309    388      1
   309    452      1
   309    479      1
   310    282      1
   310    195      1
   310    297      1
   311    185      1
   311     39      1
   311    323      1
   311    345      1
   312    201      1
   312    204      1
   312    317      1
   312    453      1
   313    117      1
   313    200      1
   313    358      1
   313    374      1
   314     38      1
   314     29      1
   314     93      1
   314    457      1
   314    473      1
   315    155      1
   315    107      1
   315    308      1
   315    341      1
   315    463      1
   316     29      1
   316     57      1
   316    424      1
   317    312      1
   317    302      1
   317     97      1
   317    361      1
   317    364      1
   317    401      1
   317    499      1
   318    125      1
   318    159      1
   319    201      1
   319    300      1
   319    150      1
   319    477      1
   320    260      1
   320     36      1
   320    269      1
   320    381      1
   320    419      1
   321     34      1
   321    240      1
   322     17      1
   322     25      1
   322     32      1
   322    323      1
   322    380      1
   323    322      1
   323     49      1
   323    311      1
   323    402      1
   323    447      1
   324    142      1
   324    175      1
   324    325      1
   325    279      1
   325    324      1
   325    464      1
   325    494      1
   326    172      1
   326    269      1
   326    339      1
   326    460      1
   327    228      1
   327    291      1
   327    349      1
   328     63      1
   328    163      1
   328    429      1
   329    145      1
   329     54      1
   329    331      1
   329    397      1
   329    483      1
   330    286      1
   330    171      1
   330    188      1
   330    414      1
   331    156      1
   331    329      1
   331    458      1
   332    205      1
   332     28      1
   332     60      1
   333    219      1
   333    181      1
   333    427      1
   333    453      1
   333    485      1
   334    174      1
   334     64      1
   334     30      1
   335     22      1
   335    278      1
   335    466      1
   336    179      1
   336     84      1
   337    145      1
   337    137      1
   337    257      1
   337    354      1
   338    141      1
   338    213      1
   338    240      1
   338    411      1
   338    430      1
   339    243      1
   339    287      1
   339    326      1
   340    167      1
   340    287      1
   340     31      1
   340    467      1
   341    117      1
   341    315      1
   341    168      1
   342     90      1
   342    209      1
   343    136      1
   343     39      1
   343    372      1
   344    305      1
   344     22      1
   344    490      1
   345    155      1
   345    311      1
   345    483      1
   346     73      1
   346    218      1
   346     70      1
   346    370      1
   346    392      1
   346    413      1
   346    475      1
   347    149      1
   347    193      1
   347     83      1
   347    495      1
   348    285      1
   348    136      1
   348    412      1
   348    424      1
   349    309      1
   349    235      1
   349    327      1
   350     61      1
   350     36      1
   350     62      1
   350    399      1
   350    408      1
   350    456      1
   351    177      1
   351    222      1
   352    254      1
   352     87      1
   353    213      1
   353     35      1
   354    337      1
   354    205      1
   354    422      1
   355    205      1
   355     34      1
   355    211      1
   356    167      1
   356    134      1
   356    163      1
   356    359      1
   356    441      1
   356    485      1
   357    289      1
   357    138      1
   358    196      1
   358     38      1
   358    313      1
   358    483      1
   359    244      1
   359    190      1
   359    356      1
   360      1      1
   360    139      1
   360    111      1
   361     76      1
   361    317      1
   361    382      1
   362    202      1
   362    139      1
   362    204      1
   363    232      1
   363     22      1
   363     56      1
   363    387      1
   363    451      1
   364    317      1
   364     54      1
   364    283      1
   364    479      1
   365    253      1
   365     85      1
   366    293      1
   366    182      1
   367     86      1
   367     70      1
   367    248      1
   368    228      1
   368     35      1
   368    215      1
   368    438      1
   369    152      1
   369    170      1
   369    387      1
   370    346      1
   370    233      1
   371    227      1
   371    201      1
   371    167      1
   371    434      1
   372    206      1
   372    180      1
   372    343      1
   372    468      1
   373     21      1
   373    285      1
   373    151      1
   374    313      1
   374    275      1
   374     82      1
   375    149      1
   375      7      1
   376    227      1
   376    306      1
   377     40      1
   377    170      1
   377    469      1
   377    472      1
   378    144      1
   378    148      1
   379    103      1
   379    179      1
   379    242      1
   379    422      1
   380    230      1
   380    322      1
   380    265      1
   380    420      1
   381     33      1
   381    320      1
   381    151      1
   381    466      1
   382     28      1
   382    145      1
   382    361      1
   382    448      1
   383     22      1
   383    109      1
   383    386      1
   383    477      1
   384    236      1
   384    305      1
   384    487      1
   385    174      1
   385    173      1
   385     28      1
   385    405      1
   386    291      1
   386    383      1
   386    396      1
   386    403      1
   387    369      1
   387    154      1
   387    363      1
   387    399      1
   387    419      1
   387    439      1
   387    459      1
   388     14      1
   388     89      1
   388    309      1
   389    123      1
   389     90      1
   390     80      1
   390    257      1
   391    216      1
   391    103      1
   391    299      1
   392    142      1
   392     39      1
   392    346      1
   392    438      1
   393    139      1
   393    120      1
   393    430      1
   394    269      1
   394    145      1
   394    254      1
   395    306      1
   395    262      1
   396     31      1
   396    386      1
   396    289      1
   396    482      1
   397    329      1
   397    164      1
   397    213      1
   398    245      1
   398    284      1
   398    111      1
   398    470      1
   399    387      1
   399    350      1
   399    285      1
   400     23      1
   400    187      1
   400    278      1
   401    296      1
   401    317      1
   401    102      1
   402    254      1
   402    323      1
   403      4      1
   403    386      1
   404     63      1
   404    292      1
   404    241      1
   404    427      1
   404    465      1
   404    487      1
   405    385      1
   405     49      1
   405    208      1
   406     45      1
   406     79      1
   406    265      1
   407    184      1
   407     23      1
   407     27      1
   407    459      1
   408    211      1
   408    301      1
   408    350      1
   409    302      1
   409    276      1
   410    257      1
   410    291      1
   411    179      1
   411    338      1
   411     25      1
   412    348      1
   412     53      1
   413    346      1
   413    300      1
   413    432      1
   413    486      1
   414     30      1
   414    330      1
   415    248      1
   415    174      1
   415    461      1
   416    178      1
   416     21      1
   416    101      1
   416    435      1
   417    125      1
   417    232      1
   417    433      1
   417    442      1
   417    445      1
   417    494      1
   418    224      1
   418    232      1
   419    320      1
   419     31      1
   419    387      1
   420     54      1
   420    380      1
   420    299      1
   421     17      1
   421     54      1
   421    149      1
   422    354      1
   422    379      1
   422    254      1
   423    208      1
   423    251      1
   423     26      1
   423    464      1
   424     79      1
   424    316      1
   424    348      1
   424    468      1
   425     44      1
   425    202      1
   426    140      1
   426    263      1
   427     48      1
   427    404      1
   427    333      1
   428    181      1
   428    132      1
   429    328      1
   429     59      1
   429    269      1
   430    299      1
   430    393      1
   430    338      1
   431    134      1
   431    217      1
   431    281      1
   432    413      1
   432    277      1
   432    198      1
   433      8      1
   433    417      1
   434    371      1
   434     38      1
   434     49      1
   435    416      1
   435    110      1
   435    487      1
   436     61      1
   436    107      1
   437     88      1
   437     42      1
   438    392      1
   438    368      1
   438    266      1
   438    475      1
   439    387      1
   439    292      1
   439    162      1
   440     48      1
   440    131      1
   441    356      1
   441    191      1
   441    138      1
   442    118      1
   442    417      1
   443    305      1
   443    129      1
   443    134      1
   443    484      1
   444    110      1
   444    210      1
   445    417      1
   445    304      1
   446    209      1
   446    102      1
   447    323      1
   447     76      1
   447     88      1
   448     33      1
   448    382      1
   449    287      1
   449    160      1
   449     21      1
   450    288      1
   450    191      1
   451    110      1
   451    363      1
   452    309      1
   452    211      1
   453    333      1
   453    312      1
   454    229      1
   454     37      1
   454     87      1
   455    286      1
   455      9      1
   456     55      1
   456    298      1
   456    350      1
   457    292      1
   457    314      1
   457    300      1
   458    103      1
   458    331      1
   458    118      1
   459    387      1
   459    299      1
   459    407      1
   460    272      1
   460     13      1
   460    326      1
   461    215      1
   461    415      1
   462     28      1
   462     99      1
   462    279      1
   463    143      1
   463    315      1
   464     21      1
   464    325      1
   464    423      1
   464    481      1
   465     18      1
   465    404      1
   466    159      1
   466    335      1
   466    381      1
   467    340      1
   467    284      1
   467    228      1
   468     69      1
   468    372      1
   468    424      1
   469    377      1
   469     63      1
   470    235      1
   470    398      1
   471    303      1
   471    172      1
   472    377      1
   472    247      1
   473    314      1
   473     94      1
   473    267      1
   474    264      1
   474    230      1
   475    346      1
   475    438      1
   475    191      1
   476    243      1
   476    195      1
   476     47      1
   477    319      1
   477    383      1
   478    241      1
   478    115      1
   478    268      1
   479    309      1
   479    364      1
   480     72      1
   480     32      1
   481    272      1
   481    464      1
   482    302      1
   482    177      1
   482    396      1
   483    345      1
   483    358      1
   483    329      1
   484    112      1
   484    443      1
   485    356      1
   485    333      1
   486    115      1
   486    413      1
   487    384      1
   487    404      1
   487    435      1
   488      0      1
   488    112      1
   489    185      1
   489     79      1
   490    162      1
   490    344      1
   491    213      1
   491    114      1
   492    100      1
   492    218      1
   493    162      1
   493      8      1
   494    325      1
   494    417      1
   494      5      1
   495    347      1
   495    127      1
   496    209      1
   496    274      1
   496     51      1
   497     36      1
   497      7      1
   498    121      1
   498    113      1
   499     83      1
   499    317      1
