COORD_X_Y 300
  1.10367  0.370412
 0.139076   2.66376
  2.81379   2.22228
 0.213616   2.19904
  2.20202   2.37567
  1.49818  0.762817
 0.917531   2.09545
  2.27066   1.90733
  2.77304   2.19944
 0.920587   1.26828
  2.25992   2.85989
  2.57227  0.915815
 0.420457   1.72764
  1.88839   1.85773
 0.934168   2.95951
  2.17686   0.57916
 0.144578  0.862017
 0.641799   2.79954
  2.62085  0.375245
  1.71835   1.96742
  1.58254   1.05744
  0.18552   1.27686
 0.868354   2.32452
  1.10321   2.99512
  1.68228   2.31295
  1.98742   2.22579
  1.77193  0.801402
 0.892098  0.629085
  1.46388   1.94558
 0.601704   2.76909
 0.458806  0.515273
 0.997285  0.809808
  0.36752   2.00364
  0.23526   0.96322
  2.83047   2.49746
  2.53344   1.19721
 0.813078   2.64672
 0.365225   1.88484
  1.50941  0.386049
 0.910499   2.18626
  2.31862  0.632963
  1.41934   1.56107
  2.36081  0.972389
  2.18508   2.89157
 0.312392  0.412936
   2.9541   1.50165
  1.69789  0.970215
  1.08355   1.88641
  1.34639   2.95605
  2.11555 0.0155501
 0.575646  0.370608
  1.15754  0.758878
  1.80047   2.14755
  0.46959   1.21809
   1.5369   2.77586
  1.34478 0.0226208
  2.18164    2.4569
  0.49579   2.77355
  1.46039   1.83216
  1.40634   1.08787
 0.762852  0.961382
  2.88462   1.39992
  1.36777   1.04196
  0.83805   1.40373
0.0432571  0.316879
 0.333088   2.61048
 0.234588  0.411417
  1.03368   1.84773
  2.73471 0.0289713
  1.98859   1.04084
  1.60467   2.06892
  2.14739   1.46241
  1.33328    2.7297
 0.869716   1.45985
  2.78282   0.74523
  1.37055   1.61303
  2.40208   2.72459
  1.07089  0.747027
 0.848237  0.118279
  1.28859   1.18628
  2.35998   1.28823
  2.25615     1.334
  2.61934  0.855469
  2.67219   1.09515
   2.1105  0.464938
  1.58517   2.85694
0.0279075   2.42903
 0.555911   1.93836
  1.53129  0.145578
  2.97467   0.82641
   1.5588    1.5839
  1.15038  0.305259
  2.49879   1.44226
  1.98216   0.51736
 0.274424  0.326565
  1.56171  0.746221
  2.49152  0.880431
  1.37137   1.06019
  0.38872   2.16116
  2.32314   1.79997
  1.23662  0.905886
 0.541429   2.22885
  0.36964  0.646187
 0.820337   2.02434
 0.284207  0.778035
  1.61161   0.58575
 0.482319   1.53943
 0.213329  0.627392
 0.581627   1.66872
  1.95652  0.938908
  2.45298   1.25751
 0.977503   1.58517
  1.18662  0.917288
  2.20144   2.79856
  1.24995  0.489217
 0.677393  0.913222
  2.64989   2.38207
  1.47952  0.932574
  1.90608   1.20582
 0.471934   0.14529
 0.154207   2.45679
  1.56562    2.0394
 0.593345   2.27884
  2.64523   2.52976
  1.77401  0.901523
  1.23281   2.18603
  1.02418   2.02247
  2.18285   1.15467
 0.230339    2.6927
  2.86681   1.61152
  1.26072   1.73089
  1.08243  0.201057
 0.172478   1.10997
 0.936676   1.54418
  1.68785  0.456973
 0.734415   1.20777
   2.2231  0.760711
  2.63257   2.55006
 0.262595  0.799234
 0.541594   1.20146
  2.10287   2.11936
  0.60743    1.0004
   1.2302   1.16599
  1.06902  0.929372
  2.27422  0.382023
  1.06231   1.80008
 0.213029  0.669934
  2.59961   1.46869
 0.182827   2.74203
 0.251606   2.08554
  1.19981   1.44642
  2.62529   1.56094
  1.06588    2.8063
  2.87505    1.4531
 0.205708    1.8427
  2.99443    1.5078
 0.899454  0.967517
 0.992256  0.632867
  1.30459   2.46089
 0.455088   2.82938
   2.9648   2.64916
  1.24208  0.927932
 0.225302    2.2531
0.0820273  0.396996
  2.01073   2.13254
 0.417571   1.19505
 0.844699   2.65203
  1.67778   2.82075
   2.1171   1.48243
  1.57218   1.80696
    1.181 0.0172161
  2.82097  0.244507
 0.778726   2.83468
 0.142454  0.918456
 0.685662   2.28694
0.0519033 0.00601756
 0.577607  0.528184
 0.898818   2.94727
  1.39521   2.34284
 0.378695   1.04788
 0.964396  0.353717
  1.91227 0.0940028
  1.84266  0.961373
  2.48863   2.06357
 0.455842  0.216028
 0.926903   1.43448
  1.12778  0.538299
 0.364667   1.66389
  2.46872   1.43591
  2.28978  0.978934
  1.91086 0.0270113
   1.9077  0.465735
 0.682337    0.7182
 0.845058   2.93136
     2.93   2.47931
 0.055829  0.623726
  2.16081  0.905552
 0.589556   2.58305
 0.824793   2.89991
  1.70064  0.096031
  1.04741   2.99221
 0.966908    1.8653
 0.393226   2.19157
  1.48781  0.973609
  1.87493   2.09923
  2.76365    2.9649
 0.292329   1.32093
  1.23045   1.37594
  2.23119  0.170321
  1.29173     1.095
  1.38023   2.13401
  1.10186   1.51667
  1.98678   2.44128
  2.29817   2.33887
  0.27099   2.58347
  2.07676    2.7793
  1.32757   2.50606
 0.985241   1.30425
  0.88763   2.23352
  1.54588   2.96628
   2.3661  0.283082
 0.813747   2.25477
  2.28175  0.586177
  2.79766   2.66646
 0.315094   1.74453
  2.77357   0.66581
  1.48704    2.6507
 0.649524   2.56558
  2.02455   1.67989
 0.470606   1.92303
  2.77291   1.11086
  1.87468  0.695798
 0.949831  0.490111
   2.4891   2.38461
0.0552506   1.00906
  1.65229    1.7204
   1.4233   1.51512
  2.33495   1.64625
  2.94736   1.67843
 0.534428   2.01181
  1.81456   1.20767
  2.65785   1.27981
  1.62758  0.417872
  2.86351    2.9567
 0.538555  0.180709
  2.90997   1.98137
  1.58407   2.67937
0.0340332   1.60276
  2.19311   2.15225
   2.4027   2.56406
  1.72093  0.310151
   2.1202  0.871241
  2.73867   2.53226
  1.87891   1.50598
 0.173434  0.581491
 0.876536  0.056056
 0.994681   2.92061
  1.64036  0.427669
  1.46659   2.94572
  1.00467  0.245541
  2.86891   2.39198
  1.29143   1.21081
  2.08331   2.67233
  1.97656 0.0294967
  2.93669   1.36862
  2.43477   2.93834
 0.534112   2.48815
 0.701026  0.282119
  0.51149   1.31776
  1.57207   2.26779
  2.32088  0.615226
 0.668505   1.26868
  2.59483  0.182253
 0.433596   1.93096
0.00465801  0.506489
   2.1528   1.27562
  1.46271   2.46721
 0.121966  0.690155
  2.67511   1.74029
   2.9501   2.94882
  1.64627  0.574524
 0.251663 0.0475786
  1.92459   2.96201
 0.342675  0.741667
  1.83102  0.840164
  1.94387  0.395831
   2.8357   2.96259
  2.14509  0.330731
  1.04248  0.871235
 0.410736  0.550463
 0.472881    1.4127
 0.750096  0.620943
  2.36324   1.53409
  2.99143  0.926088
  1.06605   1.61293
  2.80009    2.0025
 0.848914   2.13671
  2.79255   1.59497
 0.199642 0.0809889
 0.162044   2.53085
LINKS_SOURCE_DESTINATION_DISTANCE 1474
     0      1      1
     0      2      1
     0      3      1
     0      6      1
     0     17      1
     0     18      1
     0     30      1
     0     80      1
     0    267      1
     0    278      1
     1      0      1
     1      8      1
     1     10      1
     1     12      1
     1     13      1
     1     17      1
     1     28      1
     1     29      1
     1     35      1
     1     40      1
     1     50      1
     1     53      1
     1     76      1
     1     87      1
     1     95      1
     1     98      1
     1    168      1
     1    176      1
     2      0      1
     2      4      1
     2      5      1
     2      9      1
     2     20      1
     2     37      1
     2     90      1
     2    238      1
     3      0      1
     3      4      1
     3      5      1
     3      8      1
     3     11      1
     3     16      1
     3     52      1
     3     64      1
     3     84      1
     4      3      1
     4      2      1
     4      5      1
     4      6      1
     4      7      1
     4     10      1
     4     14      1
     4     31      1
     4     49      1
     4     56      1
     4    112      1
     4    132      1
     4    248      1
     4    273      1
     5      4      1
     5      2      1
     5      3      1
     5      6      1
     5      7      1
     5     13      1
     5     15      1
     5     24      1
     5     27      1
     5     61      1
     5     62      1
     5    292      1
     6      0      1
     6      5      1
     6      4      1
     6      9      1
     6     11      1
     6     22      1
     6     25      1
     6     35      1
     6     43      1
     6     68      1
     6     83      1
     6     85      1
     6    135      1
     6    169      1
     6    184      1
     6    200      1
     6    231      1
     6    288      1
     7      5      1
     7      4      1
     7     21      1
     7     46      1
     7     48      1
     7     51      1
     7     83      1
     7    100      1
     7    206      1
     7    227      1
     8      1      1
     8      3      1
     8     16      1
     8     19      1
     8     38      1
     8     58      1
     8    144      1
     8    237      1
     9      6      1
     9      2      1
     9     12      1
     9     13      1
     9     19      1
     9     20      1
     9     27      1
     9     32      1
     9     39      1
     9     41      1
     9     92      1
     9    124      1
     9    130      1
     9    216      1
     9    260      1
    10      4      1
    10      1      1
    10     14      1
    10     18      1
    10     30      1
    10     32      1
    10    109      1
    10    143      1
    11      6      1
    11      3      1
    11     14      1
    11     17      1
    11     23      1
    11     24      1
    11     33      1
    11     68      1
    11    156      1
    11    179      1
    12      1      1
    12      9      1
    12     34      1
    12     71      1
    12     77      1
    12    113      1
    12    145      1
    12    225      1
    12    261      1
    13      5      1
    13      1      1
    13      9      1
    13     15      1
    13     18      1
    13     25      1
    13     45      1
    13     47      1
    13    116      1
    13    246      1
    14     10      1
    14      4      1
    14     11      1
    14     21      1
    14     33      1
    14     55      1
    14     62      1
    14     86      1
    14    110      1
    14    190      1
    14    271      1
    15     13      1
    15      5      1
    15    103      1
    15    136      1
    15    159      1
    15    176      1
    16      8      1
    16      3      1
    16     20      1
    16     47      1
    16     50      1
    16     81      1
    16    145      1
    16    213      1
    17      0      1
    17     11      1
    17      1      1
    17     23      1
    17     37      1
    17     51      1
    17     65      1
    17    117      1
    17    149      1
    17    172      1
    17    177      1
    17    187      1
    17    248      1
    17    257      1
    17    282      1
    18      0      1
    18     13      1
    18     10      1
    18     36      1
    18     98      1
    18    102      1
    18    131      1
    18    233      1
    19      9      1
    19      8      1
    19     22      1
    19     36      1
    19     56      1
    19    150      1
    19    191      1
    20      9      1
    20     16      1
    20      2      1
    20     22      1
    20     27      1
    20     48      1
    20    121      1
    21      7      1
    21     14      1
    21     26      1
    21     34      1
    21     48      1
    21     78      1
    21    128      1
    21    136      1
    21    138      1
    21    200      1
    21    226      1
    21    243      1
    22      6      1
    22     20      1
    22     19      1
    22     25      1
    22     43      1
    22     65      1
    22     98      1
    22    124      1
    22    288      1
    23     11      1
    23     17      1
    23     42      1
    23     46      1
    23     54      1
    23     57      1
    23    100      1
    23    151      1
    24     11      1
    24      5      1
    24     26      1
    24     33      1
    24     73      1
    24    216      1
    24    229      1
    25      6      1
    25     13      1
    25     22      1
    25     26      1
    25     28      1
    25     77      1
    25    131      1
    25    142      1
    26     24      1
    26     25      1
    26     21      1
    26     30      1
    26     31      1
    26     38      1
    26     52      1
    26     54      1
    26     80      1
    26    128      1
    27      9      1
    27      5      1
    27     20      1
    27     29      1
    27     32      1
    27     44      1
    27     59      1
    27     66      1
    27     81      1
    27     85      1
    27    156      1
    27    198      1
    27    203      1
    27    204      1
    28     25      1
    28      1      1
    28     31      1
    28     90      1
    28    149      1
    28    157      1
    28    278      1
    29     27      1
    29      1      1
    29     42      1
    29     63      1
    29     64      1
    29     86      1
    30     10      1
    30     26      1
    30      0      1
    30     39      1
    30     40      1
    30     45      1
    30     49      1
    30    114      1
    30    116      1
    30    137      1
    30    147      1
    30    177      1
    30    218      1
    30    240      1
    30    285      1
    31     26      1
    31     28      1
    31      4      1
    31     35      1
    31     41      1
    31     67      1
    32     27      1
    32     10      1
    32      9      1
    32     44      1
    32     50      1
    32     66      1
    32    123      1
    32    140      1
    32    164      1
    32    181      1
    32    222      1
    33     24      1
    33     11      1
    33     14      1
    33     91      1
    33    129      1
    33    200      1
    33    202      1
    33    219      1
    34     21      1
    34     12      1
    34     59      1
    34     67      1
    34     71      1
    34     78      1
    34    121      1
    34    148      1
    34    170      1
    34    175      1
    35      1      1
    35      6      1
    35     31      1
    35     44      1
    35     80      1
    35     82      1
    35     96      1
    36     19      1
    36     18      1
    36    166      1
    37     17      1
    37      2      1
    37     53      1
    37     55      1
    37    125      1
    37    161      1
    37    173      1
    37    223      1
    37    255      1
    37    280      1
    38      8      1
    38     26      1
    38     42      1
    38     57      1
    38     58      1
    38     64      1
    38     94      1
    38    120      1
    38    148      1
    39      9      1
    39     30      1
    39     63      1
    39     97      1
    39    137      1
    39    249      1
    40      1      1
    40     30      1
    40     60      1
    40    101      1
    40    132      1
    40    134      1
    41     31      1
    41      9      1
    41     89      1
    41    104      1
    41    125      1
    41    192      1
    42     29      1
    42     23      1
    42     38      1
    42     49      1
    42     74      1
    42     81      1
    42    103      1
    42    111      1
    42    115      1
    42    123      1
    42    141      1
    42    277      1
    43     22      1
    43      6      1
    43     73      1
    43    184      1
    43    192      1
    44     32      1
    44     27      1
    44     35      1
    44     47      1
    44    115      1
    44    142      1
    44    189      1
    45     13      1
    45     30      1
    45     88      1
    45    126      1
    45    227      1
    45    262      1
    45    268      1
    45    289      1
    46      7      1
    46     23      1
    46     56      1
    46     63      1
    46    107      1
    46    159      1
    46    284      1
    47     16      1
    47     44      1
    47     13      1
    47     55      1
    47     69      1
    47    127      1
    47    138      1
    47    239      1
    47    272      1
    48      7      1
    48     21      1
    48     20      1
    48     60      1
    48     96      1
    48    167      1
    49      4      1
    49     30      1
    49     42      1
    49     59      1
    49     87      1
    49    126      1
    50      1      1
    50     16      1
    50     32      1
    50     84      1
    50     94      1
    50    104      1
    50    130      1
    50    181      1
    50    210      1
    51     17      1
    51      7      1
    51     53      1
    51     82      1
    51     83      1
    51     88      1
    51     93      1
    51    110      1
    51    112      1
    51    139      1
    51    180      1
    51    217      1
    51    230      1
    51    251      1
    51    257      1
    51    273      1
    52      3      1
    52     26      1
    52     72      1
    52     74      1
    52    190      1
    52    198      1
    53      1      1
    53     37      1
    53     51      1
    53    105      1
    53    167      1
    53    230      1
    54     23      1
    54     26      1
    54    100      1
    54    108      1
    54    129      1
    54    158      1
    54    194      1
    54    223      1
    55     14      1
    55     37      1
    55     47      1
    55     89      1
    55    144      1
    55    153      1
    55    188      1
    55    190      1
    56     46      1
    56      4      1
    56     19      1
    56     61      1
    56     78      1
    56     95      1
    56    281      1
    56    299      1
    57     38      1
    57     23      1
    58      8      1
    58     38      1
    58    113      1
    58    274      1
    59     34      1
    59     49      1
    59     27      1
    59     70      1
    59     75      1
    59    138      1
    59    178      1
    59    215      1
    60     40      1
    60     48      1
    60     62      1
    60     90      1
    60    108      1
    61      5      1
    61     56      1
    61     79      1
    61    105      1
    61    208      1
    62      5      1
    62     14      1
    62     60      1
    62     71      1
    62     75      1
    62    133      1
    62    147      1
    63     29      1
    63     39      1
    63     46      1
    63    110      1
    63    134      1
    64     38      1
    64     29      1
    64      3      1
    65     17      1
    65     22      1
    65     69      1
    65     72      1
    65    143      1
    65    222      1
    65    245      1
    65    286      1
    66     32      1
    66     27      1
    66     76      1
    66     93      1
    66    113      1
    66    145      1
    66    154      1
    66    197      1
    67     31      1
    67     34      1
    67     77      1
    67    106      1
    67    125      1
    67    162      1
    67    235      1
    68      6      1
    68     11      1
    68     70      1
    68     89      1
    68    122      1
    68    229      1
    68    232      1
    68    236      1
    68    255      1
    68    269      1
    69     65      1
    69     47      1
    69     74      1
    69     79      1
    69     86      1
    69    102      1
    69    146      1
    69    235      1
    70     59      1
    70     68      1
    70    269      1
    71     34      1
    71     62      1
    71     12      1
    72     65      1
    72     52      1
    73     24      1
    73     43      1
    73    128      1
    73    184      1
    74     42      1
    74     69      1
    74     52      1
    74    118      1
    74    233      1
    74    262      1
    74    263      1
    74    271      1
    75     62      1
    75     59      1
    75     85      1
    75    118      1
    75    297      1
    76     66      1
    76      1      1
    76     99      1
    76    151      1
    76    182      1
    77     25      1
    77     12      1
    77     67      1
    77    101      1
    77    224      1
    77    225      1
    77    290      1
    78     34      1
    78     56      1
    78     21      1
    78     91      1
    78    163      1
    78    185      1
    79     61      1
    79     69      1
    79    129      1
    79    199      1
    79    206      1
    79    285      1
    80     26      1
    80     35      1
    80      0      1
    80    181      1
    80    204      1
    80    266      1
    81     42      1
    81     27      1
    81     16      1
    81    112      1
    81    147      1
    81    185      1
    82     35      1
    82     51      1
    82    205      1
    83      6      1
    83     51      1
    83      7      1
    83     92      1
    83    187      1
    83    294      1
    84     50      1
    84      3      1
    84     91      1
    84     95      1
    84    262      1
    85     75      1
    85      6      1
    85     27      1
    85     99      1
    85    160      1
    85    179      1
    85    211      1
    85    239      1
    86     14      1
    86     69      1
    86     29      1
    86     93      1
    86    133      1
    86    169      1
    86    182      1
    87     49      1
    87      1      1
    87    168      1
    87    258      1
    88     45      1
    88     51      1
    88    140      1
    88    198      1
    89     41      1
    89     55      1
    89     68      1
    89    107      1
    89    155      1
    90     60      1
    90      2      1
    90     28      1
    90    119      1
    90    120      1
    90    124      1
    90    136      1
    90    195      1
    90    272      1
    91     33      1
    91     78      1
    91     84      1
    91    246      1
    92     83      1
    92      9      1
    92    114      1
    92    116      1
    92    157      1
    93     51      1
    93     86      1
    93     66      1
    93    120      1
    94     50      1
    94     38      1
    94     97      1
    94    141      1
    94    192      1
    94    217      1
    94    247      1
    95     56      1
    95     84      1
    95      1      1
    95    121      1
    96     48      1
    96     35      1
    96     97      1
    96    108      1
    96    119      1
    97     94      1
    97     96      1
    97     39      1
    97    135      1
    97    153      1
    97    194      1
    97    225      1
    98     22      1
    98     18      1
    98      1      1
    98    106      1
    98    117      1
    99     76      1
    99     85      1
    99    152      1
    99    218      1
   100      7      1
   100     23      1
   100     54      1
   100    119      1
   100    174      1
   100    183      1
   100    203      1
   101     77      1
   101     40      1
   101    154      1
   101    169      1
   102     18      1
   102     69      1
   102    130      1
   103     15      1
   103     42      1
   103    159      1
   103    166      1
   104     41      1
   104     50      1
   105     53      1
   105     61      1
   105    211      1
   105    270      1
   106     98      1
   106     67      1
   106    127      1
   106    214      1
   106    283      1
   107     89      1
   107     46      1
   108     60      1
   108     96      1
   108     54      1
   108    109      1
   109     10      1
   109    108      1
   109    152      1
   110     51      1
   110     63      1
   110     14      1
   110    111      1
   110    139      1
   110    174      1
   110    189      1
   110    263      1
   111     42      1
   111    110      1
   111    174      1
   112     81      1
   112     51      1
   112      4      1
   112    162      1
   112    183      1
   112    250      1
   112    292      1
   113     12      1
   113     58      1
   113     66      1
   113    244      1
   113    245      1
   114     92      1
   114     30      1
   114    122      1
   115     44      1
   115     42      1
   115    143      1
   115    152      1
   116     92      1
   116     30      1
   116     13      1
   116    173      1
   116    180      1
   117     98      1
   117     17      1
   117    158      1
   117    237      1
   117    299      1
   118     75      1
   118     74      1
   118    193      1
   119    100      1
   119     90      1
   119     96      1
   119    158      1
   119    217      1
   120     93      1
   120     90      1
   120     38      1
   120    165      1
   120    274      1
   121     34      1
   121     95      1
   121     20      1
   122    114      1
   122     68      1
   122    163      1
   123     42      1
   123     32      1
   123    219      1
   123    252      1
   124     90      1
   124      9      1
   124     22      1
   124    210      1
   124    213      1
   125     67      1
   125     41      1
   125     37      1
   126     49      1
   126     45      1
   126    133      1
   127    106      1
   127     47      1
   127    154      1
   127    157      1
   127    240      1
   128     21      1
   128     73      1
   128     26      1
   128    141      1
   128    165      1
   128    170      1
   128    197      1
   128    259      1
   128    260      1
   128    268      1
   128    278      1
   128    284      1
   129     54      1
   129     79      1
   129     33      1
   130     50      1
   130    102      1
   130      9      1
   130    146      1
   130    167      1
   130    271      1
   131     18      1
   131     25      1
   131    242      1
   131    292      1
   132      4      1
   132     40      1
   132    149      1
   133     86      1
   133    126      1
   133     62      1
   133    183      1
   133    240      1
   133    264      1
   133    276      1
   134     40      1
   134     63      1
   134    252      1
   134    298      1
   135     97      1
   135      6      1
   136     90      1
   136     21      1
   136     15      1
   136    172      1
   136    212      1
   136    260      1
   136    269      1
   137     30      1
   137     39      1
   137    254      1
   138     47      1
   138     59      1
   138     21      1
   139     51      1
   139    110      1
   139    150      1
   139    188      1
   139    214      1
   139    294      1
   140     88      1
   140     32      1
   141    128      1
   141     94      1
   141     42      1
   141    144      1
   141    185      1
   141    256      1
   142     44      1
   142     25      1
   142    160      1
   142    216      1
   143     10      1
   143    115      1
   143     65      1
   143    155      1
   143    202      1
   143    222      1
   143    237      1
   143    239      1
   143    247      1
   144    141      1
   144      8      1
   144     55      1
   144    186      1
   144    193      1
   144    196      1
   144    231      1
   144    291      1
   145     12      1
   145     16      1
   145     66      1
   145    164      1
   145    214      1
   146     69      1
   146    130      1
   146    148      1
   146    199      1
   147     81      1
   147     30      1
   147     62      1
   147    171      1
   147    209      1
   148     38      1
   148    146      1
   148     34      1
   148    205      1
   148    241      1
   148    242      1
   148    247      1
   149     17      1
   149    132      1
   149     28      1
   149    295      1
   150     19      1
   150    139      1
   150    161      1
   150    201      1
   150    242      1
   150    284      1
   151     23      1
   151     76      1
   152     99      1
   152    109      1
   152    115      1
   153     55      1
   153     97      1
   153    208      1
   154    101      1
   154     66      1
   154    127      1
   154    163      1
   154    289      1
   155     89      1
   155    143      1
   155    248      1
   155    275      1
   156     11      1
   156     27      1
   156    256      1
   157    127      1
   157     28      1
   157     92      1
   157    253      1
   158    117      1
   158    119      1
   158     54      1
   158    201      1
   158    205      1
   158    207      1
   158    255      1
   159    103      1
   159     15      1
   159     46      1
   159    279      1
   160     85      1
   160    142      1
   160    193      1
   160    219      1
   161     37      1
   161    150      1
   161    173      1
   161    195      1
   161    267      1
   162    112      1
   162     67      1
   162    166      1
   162    212      1
   162    215      1
   162    249      1
   163    154      1
   163    122      1
   163     78      1
   163    175      1
   163    191      1
   163    285      1
   164    145      1
   164     32      1
   164    178      1
   165    128      1
   165    120      1
   165    228      1
   166    103      1
   166    162      1
   166     36      1
   166    176      1
   167     48      1
   167    130      1
   167     53      1
   167    261      1
   168     87      1
   168      1      1
   169    101      1
   169     86      1
   169      6      1
   169    265      1
   170     34      1
   170    128      1
   170    171      1
   171    147      1
   171    170      1
   172    136      1
   172     17      1
   173     37      1
   173    116      1
   173    161      1
   173    227      1
   174    111      1
   174    110      1
   174    100      1
   174    186      1
   174    223      1
   174    234      1
   174    244      1
   175    163      1
   175     34      1
   175    210      1
   175    220      1
   175    226      1
   176     15      1
   176    166      1
   176      1      1
   176    288      1
   177     17      1
   177     30      1
   177    196      1
   177    277      1
   177    281      1
   178     59      1
   178    164      1
   178    264      1
   179     85      1
   179     11      1
   179    208      1
   179    232      1
   180    116      1
   180     51      1
   180    228      1
   181     50      1
   181     80      1
   181     32      1
   181    202      1
   182     76      1
   182     86      1
   182    250      1
   183    100      1
   183    133      1
   183    112      1
   183    199      1
   183    266      1
   184     43      1
   184      6      1
   184     73      1
   185     78      1
   185     81      1
   185    141      1
   185    243      1
   186    144      1
   186    174      1
   187     17      1
   187     83      1
   187    215      1
   188    139      1
   188     55      1
   188    295      1
   189    110      1
   189     44      1
   190     55      1
   190     52      1
   190     14      1
   190    209      1
   190    221      1
   191    163      1
   191     19      1
   191    265      1
   192     94      1
   192     43      1
   192     41      1
   193    160      1
   193    144      1
   193    118      1
   193    232      1
   194     97      1
   194     54      1
   195     90      1
   195    161      1
   196    144      1
   196    177      1
   197    128      1
   197     66      1
   198     52      1
   198     27      1
   198     88      1
   199    183      1
   199    146      1
   199     79      1
   199    252      1
   200      6      1
   200     33      1
   200     21      1
   200    263      1
   201    150      1
   201    158      1
   201    236      1
   202     33      1
   202    143      1
   202    181      1
   202    259      1
   203     27      1
   203    100      1
   203    207      1
   203    245      1
   203    254      1
   204     27      1
   204     80      1
   204    218      1
   205    148      1
   205    158      1
   205     82      1
   205    235      1
   206     79      1
   206      7      1
   207    203      1
   207    158      1
   207    258      1
   208    153      1
   208     61      1
   208    179      1
   208    220      1
   208    286      1
   209    147      1
   209    190      1
   209    253      1
   210    124      1
   210     50      1
   210    175      1
   210    221      1
   210    238      1
   211     85      1
   211    105      1
   211    264      1
   212    136      1
   212    162      1
   213    124      1
   213     16      1
   214    139      1
   214    106      1
   214    145      1
   215    187      1
   215     59      1
   215    162      1
   215    282      1
   215    299      1
   216     24      1
   216    142      1
   216      9      1
   217    119      1
   217     51      1
   217     94      1
   217    251      1
   218    204      1
   218     30      1
   218     99      1
   218    279      1
   219    123      1
   219    160      1
   219     33      1
   219    265      1
   220    175      1
   220    208      1
   220    224      1
   221    190      1
   221    210      1
   221    298      1
   222     32      1
   222     65      1
   222    143      1
   222    296      1
   223    174      1
   223     37      1
   223     54      1
   224     77      1
   224    220      1
   225     12      1
   225     77      1
   225     97      1
   225    234      1
   226     21      1
   226    175      1
   227     45      1
   227      7      1
   227    173      1
   227    270      1
   228    180      1
   228    165      1
   228    293      1
   229     68      1
   229     24      1
   230     53      1
   230     51      1
   230    258      1
   231    144      1
   231      6      1
   232    193      1
   232    179      1
   232     68      1
   233     18      1
   233     74      1
   233    241      1
   233    259      1
   233    287      1
   234    174      1
   234    225      1
   235     69      1
   235     67      1
   235    205      1
   235    243      1
   236     68      1
   236    201      1
   237    143      1
   237    117      1
   237      8      1
   237    266      1
   237    293      1
   238      2      1
   238    210      1
   239     85      1
   239     47      1
   239    143      1
   239    286      1
   240     30      1
   240    133      1
   240    127      1
   240    275      1
   240    280      1
   241    148      1
   241    233      1
   241    282      1
   242    150      1
   242    148      1
   242    131      1
   242    272      1
   242    297      1
   243    235      1
   243     21      1
   243    185      1
   244    174      1
   244    113      1
   245     65      1
   245    113      1
   245    203      1
   246     91      1
   246     13      1
   247    148      1
   247     94      1
   247    143      1
   248      4      1
   248     17      1
   248    155      1
   249     39      1
   249    162      1
   250    182      1
   250    112      1
   250    276      1
   251     51      1
   251    217      1
   252    199      1
   252    134      1
   252    123      1
   252    290      1
   253    209      1
   253    157      1
   254    137      1
   254    203      1
   255     37      1
   255     68      1
   255    158      1
   255    290      1
   256    141      1
   256    156      1
   256    267      1
   257     17      1
   257     51      1
   257    289      1
   258    230      1
   258    207      1
   258     87      1
   259    233      1
   259    128      1
   259    202      1
   260      9      1
   260    136      1
   260    128      1
   261     12      1
   261    167      1
   262     84      1
   262     74      1
   262     45      1
   263    200      1
   263     74      1
   263    110      1
   264    178      1
   264    133      1
   264    211      1
   265    191      1
   265    219      1
   265    169      1
   266    237      1
   266    183      1
   266     80      1
   267      0      1
   267    161      1
   267    256      1
   268    128      1
   268     45      1
   268    273      1
   269     70      1
   269    136      1
   269     68      1
   270    227      1
   270    105      1
   271    130      1
   271     14      1
   271     74      1
   272    242      1
   272     90      1
   272     47      1
   273      4      1
   273     51      1
   273    268      1
   273    297      1
   274    120      1
   274     58      1
   275    240      1
   275    155      1
   276    250      1
   276    133      1
   277    177      1
   277     42      1
   278      0      1
   278    128      1
   278     28      1
   278    283      1
   278    291      1
   279    159      1
   279    218      1
   280     37      1
   280    240      1
   281     56      1
   281    177      1
   282    241      1
   282    215      1
   282     17      1
   283    278      1
   283    106      1
   283    287      1
   284    150      1
   284    128      1
   284     46      1
   285     79      1
   285     30      1
   285    163      1
   285    287      1
   285    296      1
   286    239      1
   286     65      1
   286    208      1
   287    285      1
   287    233      1
   287    283      1
   288     22      1
   288      6      1
   288    176      1
   289    257      1
   289     45      1
   289    154      1
   290     77      1
   290    255      1
   290    252      1
   291    144      1
   291    278      1
   292      5      1
   292    131      1
   292    112      1
   293    228      1
   293    237      1
   294     83      1
   294    139      1
   295    188      1
   295    149      1
   296    222      1
   296    285      1
   297     75      1
   297    273      1
   297    242      1
   298    221      1
   298    134      1
   299     56      1
   299    117      1
   299    215      1
