COORD_X_Y 500
  0.51126   1.48767
  1.02186   1.42617
  2.24613    2.7295
  2.86382  0.405179
 0.972468   1.92948
    0.951  0.157055
  2.93488   2.92937
  2.84241   2.51972
0.0910234  0.862708
 0.403939   2.01374
  1.34353   2.49211
  2.87564  0.191983
 0.188906  0.647627
 0.477418   1.13238
  2.72964   2.11301
  0.29305  0.925726
 0.640124   0.49696
  2.07732  0.694131
 0.253942  0.628197
  1.08352    2.9777
  1.94165   2.41233
 0.430008   1.83136
  2.60647    1.7317
 0.577108  0.283593
  2.44586   2.26129
 0.291256   1.94402
  1.14166  0.674784
 0.392395   2.49761
  1.27781    1.7531
  2.45466   2.86746
  2.52884   2.96065
  1.25658   2.32318
   2.0248   1.22561
 0.539899   0.86125
  2.74184   2.90674
 0.188515   2.46828
 0.314302   1.17414
  2.80585    1.8301
  2.64075   2.44063
  2.03499   1.59977
  1.34829  0.375842
 0.995015   1.56975
  2.77313    2.8711
  0.88085   2.42796
 0.560758   2.96412
  2.64369   2.70129
  1.58496   1.18178
  1.90574  0.679743
 0.606943   1.14222
 0.292677  0.338817
  2.18846   1.02744
  2.54929   2.26446
  2.05751  0.476654
  2.02279   2.98565
 0.319871   1.22771
  1.94899   1.47964
 0.963033   2.15789
 0.333819  0.321514
  2.70662   1.59158
  2.80437   1.36596
  1.08462   2.56307
  1.02056   1.71516
 0.716154   1.56604
  1.85032   1.22108
 0.667539   2.06906
 0.875674   2.52363
  1.73953   1.83821
  1.97126   2.40577
0.0467881    1.1633
 0.517569   2.40778
  1.82133   1.89887
  2.01951     2.485
  1.49891   1.68841
  1.94463   1.95688
  1.32726   2.22807
 0.999259   0.35441
  2.60269    2.1134
 0.396165   2.35398
 0.495009  0.889138
  1.37279   1.20157
  2.92819   1.24628
  2.10202   1.55699
 0.998248   1.72781
   2.4189   2.04355
  1.59993   2.14184
 0.678133   2.21358
  1.74867  0.687663
 0.476854  0.993156
 0.779215   1.27787
 0.442597   2.31052
  2.61992   2.43835
  1.12055    1.0604
  2.63886   0.71657
  1.69807  0.490132
0.0328742    1.5682
0.0670288   1.91477
  2.80079   1.72748
   2.0275  0.684235
0.0763399   1.68623
 0.604492   2.91737
  1.94889   0.56034
 0.564098    2.0937
  2.22827    1.1067
 0.223263   1.14154
 0.214116   1.26745
 0.907026   2.88903
  1.07427   0.18026
  1.32191   2.92211
 0.731579   1.91776
  2.53292  0.892649
  1.67337   1.05648
  2.02082  0.920686
0.0670393  0.476555
 0.139815  0.957431
  2.94086   1.89284
  1.23533  0.533555
  1.29741   2.26258
  1.46277   2.59151
  2.15458 0.0327661
 0.846015   1.41034
  1.14158   1.88712
  1.25249   1.49548
 0.982241    2.4561
 0.203283   1.18447
 0.440967   2.33102
  1.60228   1.03988
 0.570525  0.932263
0.0260929  0.329594
 0.229503   2.44908
0.0612636   2.67533
  1.33289   0.26107
  2.12109   1.03686
 0.892591   1.46579
 0.290404  0.251731
  0.57831   2.27747
 0.526599   1.77208
  2.82378   1.23809
  2.16572   1.92855
  2.04485   1.03477
  1.63516     1.728
  2.43951 0.0226178
  1.69946   1.59084
  2.45834   2.88217
  1.47537   2.74104
 0.875412   1.18419
  2.89256   2.53973
  1.30235  0.103348
  2.64614   1.46525
0.0251349   2.81556
  0.76222   1.00236
  2.27471  0.205505
 0.538793   2.04923
  2.92568   2.45533
  2.34615   1.75565
  2.56957   1.58601
  0.69034   1.30136
  1.53913  0.440069
  1.52332   1.52192
 0.326973  0.548103
  1.67397  0.279969
  1.83075  0.417893
  1.73037    1.8254
  2.03254  0.515658
  2.46267   1.43835
  2.93394  0.303159
 0.320854   2.25528
  2.55249  0.513591
  1.40072  0.826116
  2.52886   2.40836
  0.41755   2.55918
  1.64518   2.17296
 0.891855   1.10966
 0.489732   1.28305
  2.23789  0.458413
  2.34172   1.01685
  2.76556    2.9739
  2.08698   2.55366
 0.616033   2.95461
  0.18767   2.36906
 0.738887   2.90532
  1.89154   2.03921
 0.726713   1.91982
  1.46962  0.810877
  1.77963  0.529616
 0.167048   1.37113
 0.196112   2.04429
 0.453321   1.46331
 0.892075   1.42083
    2.557  0.913045
  1.95765   1.35215
  1.76953   2.66246
 0.947812   2.41577
  1.27535   0.89794
  1.11265   2.85525
  2.35558   1.75818
  2.68718   2.03127
  2.63904    1.5279
  1.77718 0.0239689
0.0430893 0.0958758
  1.87851   1.10576
  1.29856   2.62533
  2.94593   1.97718
  2.79913   1.54918
 0.914376  0.730503
  2.52477  0.150114
  1.13847   2.84866
 0.860514   2.17246
  1.45618   2.89288
  2.28192   1.16595
  1.99879  0.529365
   2.8785   0.28424
  2.65899   1.34629
  2.27315    2.4857
  2.67049   2.59317
 0.278895  0.270026
0.0438411   2.48982
 0.681124   2.55361
 0.798898   1.47784
 0.161511  0.470271
  1.77682   1.00425
  1.31297   1.46159
  1.82432   2.51447
  0.82038  0.838291
   2.9474   1.18998
  1.98387   2.30844
  1.82656   2.46017
  1.54836  0.808568
    2.747   0.37515
 0.302779 0.0434366
  1.89149  0.230308
 0.342396   1.57609
  2.39671  0.918328
  1.50966   2.16335
  2.01305  0.324282
 0.553955   2.88659
  1.94567   2.36093
  2.09847  0.375547
  1.96227  0.701837
 0.674452   2.59447
    1.044  0.451738
 0.739564  0.889873
   2.2386   1.31402
 0.347006   2.09352
  1.46235   0.54113
 0.858813   1.55079
 0.522531   0.12575
  1.53056   2.26814
  2.23301  0.128221
 0.334967  0.725188
 0.232249   1.36613
 0.239827   2.87193
 0.914093   2.26301
  2.32974   1.59399
  1.06643   2.04925
  2.43996  0.171552
  2.03727   2.64554
 0.317866   1.94581
  2.40994   2.12937
  1.77159   2.35195
 0.414366  0.458589
  2.42875   2.59638
  2.77232   1.09217
  1.96303   1.88524
   1.5635   2.37254
 0.901505   0.43148
   1.6303   2.96121
 0.562153   1.08757
  2.92811   2.72063
  2.59874   2.85205
 0.962633  0.583332
  2.20794   2.92596
  2.99935  0.652808
  1.61686    2.2123
  2.64514  0.649045
  1.48667   0.18381
  1.28278   2.77165
  2.22144   1.25257
  2.56791   0.10973
  2.30448    1.5473
  1.33419   1.20468
  1.28439   2.19821
 0.590498  0.136823
  2.58387   1.49195
  1.22507  0.748158
  2.88729  0.630579
 0.836635  0.231055
    2.776   2.44494
  1.97846   2.06124
   2.0666  0.192386
 0.106702   1.73427
  1.64984   1.55721
 0.489821   2.32142
 0.306102  0.832309
  1.69231   2.28385
  1.84172    0.5785
  2.37841   0.08303
  2.89919  0.102113
  1.60463  0.696464
0.0626069   1.12938
  1.55905  0.929537
 0.402802   1.00789
  1.82521  0.563417
  2.02052    1.4871
  1.78166   1.84394
 0.845548   1.68675
  1.78243   1.70464
 0.636888   2.39747
  1.28483   1.06109
  2.08885  0.782739
  1.36071   2.58098
  1.48807  0.780153
 0.638218   2.95059
  1.57014  0.933939
0.0205451   1.19761
  2.47261   1.85337
  1.92208  0.445064
  1.98343  0.924993
  0.57396   2.72536
 0.574064  0.331767
   2.1296   1.69605
 0.919687 0.0523152
  1.26857  0.597665
 0.845008   1.49861
  2.36549   2.77803
  2.17148   2.69305
    2.209  0.807469
  1.92393   2.99534
 0.421589   1.75327
  2.32137  0.281508
  1.05551   1.33112
 0.330207  0.667614
   2.7734   2.04461
  2.14866   1.69031
  1.15608   2.14072
 0.637015   1.13353
  2.82745   2.39988
  2.69239   1.73877
  1.56056   2.64843
  2.89961  0.586466
  0.76168   2.61788
  1.36874     2.268
 0.805967   0.60482
 0.544774   1.50159
  2.62515   2.52105
  1.58285   2.06544
  2.32969   2.03419
  2.02991   2.90231
  0.25173  0.701929
 0.828373   2.14529
  2.37864   1.07732
  2.48846   2.29564
 0.480376  0.431153
0.0764946   2.20665
  2.21047   0.63549
  1.86148 0.0319661
  2.05798   1.73368
  1.70382    2.5207
  1.62909   2.00587
  1.17693   1.23116
 0.118188   2.72053
  1.15891   2.60087
 0.168014  0.609754
 0.774159   1.14271
  1.37562   2.71849
  2.75537   2.16189
 0.837208  0.502006
 0.469271   1.67144
  1.39548  0.782143
 0.319154   1.92377
 0.619377  0.516664
  2.17524   1.22568
  2.53577    2.6303
  2.18336   1.67559
  1.95995    1.0347
 0.910769   1.01668
  2.09811  0.860643
  2.18184   1.90444
  2.31794   1.19475
  2.08047   1.04404
   1.3646   2.90738
 0.466527   1.56853
  2.76057  0.855706
  1.30937  0.977591
  2.67122   1.82475
  1.62265  0.654279
  1.15029  0.433766
 0.269464     1.847
 0.152145   1.18203
  2.33735 0.0451522
  1.35379   0.76926
 0.773249   2.07065
  2.58508   1.29753
  2.62459   2.14831
  1.80084   1.00564
  2.05989  0.704369
  1.60701    1.8307
  2.63695   1.04228
 0.776714    2.6539
  1.55839  0.994429
  1.61994    1.3512
 0.243761   1.01941
   2.0816    2.1149
  1.87768  0.353517
  2.70567   1.42905
  2.06008   1.33336
 0.282872   2.38675
   1.7118   1.98474
  1.67314  0.576274
  1.83546  0.961501
  1.62072 0.0585431
 0.895676   2.98309
  2.59628   2.94396
  1.88348  0.493151
  2.26458   1.00761
  2.26109  0.308122
 0.328293  0.851131
  1.48008   1.08081
  2.88904    1.5992
 0.551415  0.386057
  2.99444   2.80406
  1.60734 0.0442633
 0.177113  0.848298
  1.04423   1.37243
  2.04082   2.53627
   2.0362   1.62169
 0.756439  0.709945
  2.80318   1.45555
  1.42602  0.675528
  1.55681   1.90528
 0.771667   1.17213
     2.91   2.18841
  1.76812   2.47171
  1.34177   1.72955
 0.314287   2.40606
   2.5355   1.91508
  2.12122  0.994883
   2.3104  0.411958
 0.653747   1.89796
  2.12865   1.51457
  0.81106  0.701093
  1.07967  0.251041
 0.870142  0.511426
  1.51872   1.36716
  2.01711   0.31797
  2.26221  0.409577
 0.314015  0.479704
  0.39391   1.33944
  2.98054    2.3578
 0.471174  0.454178
 0.265945   1.74696
  1.39211    1.4246
  2.47616   2.73673
   1.4725  0.654326
  1.45385   1.22918
   1.1283 0.0527255
  2.60914   2.16906
  2.01937   1.42163
  1.58884 0.0699754
 0.282706   2.39017
  2.23715   1.49724
  1.27322   2.49616
  1.28559  0.574821
  2.29395   1.52273
  2.03807  0.983409
  1.31503  0.342751
  2.57363   1.88482
   2.9073    2.6152
  1.40191    2.8541
 0.264001  0.402191
 0.075598   1.96348
  1.60456   1.27264
  2.17801   1.70007
  1.66109  0.396913
  2.45555   2.09106
 0.556736  0.507303
   2.8187   2.63377
 0.711659    2.6323
0.0129707   2.15681
    2.082   1.26016
 0.685503   2.75305
0.00305277  0.581321
   1.4317   1.82145
  1.37864   1.94708
 0.690156   1.28004
 0.616805   2.18907
  0.50812    1.2473
  1.77533   1.85012
 0.467696   1.80743
 0.753132   1.92935
  2.06113   1.17326
  1.07956   2.63712
 0.701188  0.171531
 0.829504   2.94777
 0.706484   0.92774
  1.70254   1.94265
  2.38103  0.640982
  2.13883     2.319
 0.321136   2.63974
 0.612602   1.17041
  1.19402   2.63178
LINKS_SOURCE_DESTINATION_DISTANCE 2456
     0      1      1
     0      4      1
     0      7      1
     0     16      1
     0     24      1
     0     40      1
     0     54      1
     0     66      1
     0     96      1
     0    141      1
     0    160      1
     0    223      1
     0    236      1
     0    244      1
     0    343      1
     1      0      1
     1      2      1
     1      3      1
     1      4      1
     1      5      1
     1      9      1
     1     11      1
     1     12      1
     1     27      1
     1     57      1
     1     80      1
     1     99      1
     1    106      1
     1    221      1
     1    226      1
     2      1      1
     2      6      1
     2      7      1
     2     10      1
     2     12      1
     2     23      1
     2     34      1
     2    184      1
     2    219      1
     2    474      1
     3      1      1
     3      4      1
     3      6      1
     3     11      1
     3     13      1
     3     29      1
     3     44      1
     3     57      1
     3    195      1
     3    261      1
     3    297      1
     3    442      1
     4      1      1
     4      3      1
     4      0      1
     4      5      1
     4      6      1
     4     10      1
     4     14      1
     4     20      1
     4     50      1
     4    130      1
     4    187      1
     4    206      1
     4    334      1
     4    338      1
     4    375      1
     4    391      1
     5      1      1
     5      4      1
     5      7      1
     5      8      1
     5     12      1
     5     18      1
     5     19      1
     5     56      1
     5    102      1
     5    144      1
     5    269      1
     5    452      1
     6      2      1
     6      4      1
     6      3      1
     6      8      1
     6      9      1
     6     14      1
     6     23      1
     6     31      1
     6     32      1
     6     42      1
     6     72      1
     6     81      1
     6    132      1
     6    139      1
     6    167      1
     6    210      1
     6    216      1
     6    239      1
     6    290      1
     6    333      1
     6    448      1
     7      5      1
     7      0      1
     7      2      1
     7     13      1
     7     15      1
     7     32      1
     7     33      1
     7     48      1
     7     78      1
     7    118      1
     7    161      1
     7    243      1
     7    266      1
     7    370      1
     7    479      1
     8      6      1
     8      5      1
     8      9      1
     8     22      1
     8     71      1
     8     89      1
     8    137      1
     8    315      1
     8    452      1
     9      1      1
     9      6      1
     9      8      1
     9     16      1
     9     23      1
     9     30      1
     9     35      1
     9     36      1
     9     72      1
     9     95      1
     9    175      1
     9    345      1
     9    415      1
    10      2      1
    10      4      1
    10     18      1
    10     40      1
    10     84      1
    10     94      1
    10    132      1
    10    134      1
    10    194      1
    11      1      1
    11      3      1
    11     14      1
    11     21      1
    11     24      1
    11     30      1
    11     33      1
    11     49      1
    11    173      1
    11    205      1
    11    243      1
    11    245      1
    12      1      1
    12      2      1
    12      5      1
    12     15      1
    12     28      1
    12     46      1
    12    117      1
    12    119      1
    12    137      1
    12    151      1
    12    224      1
    12    360      1
    12    404      1
    13      7      1
    13      3      1
    13     15      1
    13     17      1
    13     22      1
    13     28      1
    13     36      1
    13     50      1
    13     99      1
    13    154      1
    13    249      1
    13    282      1
    13    283      1
    13    359      1
    14      4      1
    14     11      1
    14      6      1
    14     17      1
    14     29      1
    14     49      1
    14     90      1
    14    136      1
    15     13      1
    15      7      1
    15     12      1
    15     16      1
    15     26      1
    15     39      1
    15     53      1
    15    344      1
    15    345      1
    16      9      1
    16      0      1
    16     15      1
    16     30      1
    16     64      1
    16    135      1
    16    149      1
    16    370      1
    17     14      1
    17     13      1
    17     19      1
    17     25      1
    17     32      1
    17     47      1
    17     76      1
    17     93      1
    17    105      1
    17    151      1
    17    158      1
    17    183      1
    17    389      1
    17    484      1
    18      5      1
    18     10      1
    18     20      1
    18     25      1
    18     29      1
    18     79      1
    18    133      1
    18    172      1
    18    193      1
    18    221      1
    18    465      1
    19      5      1
    19     17      1
    19     21      1
    19     24      1
    19    144      1
    19    156      1
    19    190      1
    19    244      1
    19    260      1
    19    494      1
    20     18      1
    20      4      1
    20     21      1
    20     41      1
    20     52      1
    20     64      1
    20     97      1
    20    100      1
    20    118      1
    20    146      1
    20    220      1
    20    489      1
    21     11      1
    21     20      1
    21     19      1
    21     27      1
    21     77      1
    21    112      1
    21    114      1
    21    137      1
    21    185      1
    21    319      1
    22     13      1
    22      8      1
    22     51      1
    22    134      1
    22    141      1
    22    148      1
    22    164      1
    22    171      1
    22    176      1
    22    201      1
    22    212      1
    23      9      1
    23      6      1
    23      2      1
    23     28      1
    23     45      1
    23     62      1
    23     67      1
    24      0      1
    24     11      1
    24     19      1
    24     26      1
    24     42      1
    24    122      1
    24    124      1
    24    178      1
    24    329      1
    25     17      1
    25     18      1
    25     58      1
    25     75      1
    25     93      1
    25    105      1
    25    197      1
    25    210      1
    25    226      1
    25    283      1
    25    372      1
    25    414      1
    25    463      1
    26     15      1
    26     24      1
    26     59      1
    26    127      1
    26    143      1
    26    196      1
    26    330      1
    27     21      1
    27      1      1
    27     35      1
    27     37      1
    27     47      1
    27    112      1
    27    228      1
    27    296      1
    27    412      1
    27    434      1
    28     23      1
    28     13      1
    28     12      1
    28     48      1
    28     56      1
    28     70      1
    28     74      1
    28     87      1
    28    121      1
    28    230      1
    28    246      1
    28    381      1
    28    478      1
    29     14      1
    29     18      1
    29      3      1
    29     59      1
    29     83      1
    29    115      1
    29    181      1
    29    259      1
    29    295      1
    29    366      1
    30     16      1
    30     11      1
    30      9      1
    30     31      1
    30     34      1
    30     44      1
    30    104      1
    30    117      1
    30    167      1
    30    373      1
    30    384      1
    30    440      1
    31     30      1
    31      6      1
    31    112      1
    31    147      1
    31    191      1
    31    279      1
    31    344      1
    32      6      1
    32      7      1
    32     17      1
    32     34      1
    32     37      1
    32     38      1
    32    102      1
    32    232      1
    32    335      1
    32    416      1
    33     11      1
    33      7      1
    33     89      1
    33    166      1
    33    253      1
    33    294      1
    33    392      1
    34     30      1
    34      2      1
    34     32      1
    34     59      1
    34     62      1
    34    111      1
    34    124      1
    34    400      1
    35     27      1
    35      9      1
    35     36      1
    35     38      1
    35     43      1
    35     45      1
    35     66      1
    35    162      1
    35    213      1
    36     35      1
    36      9      1
    36     13      1
    36     54      1
    36     69      1
    36     80      1
    36    215      1
    36    254      1
    37     27      1
    37     32      1
    37     39      1
    37     41      1
    37     63      1
    37     93      1
    37    163      1
    37    183      1
    37    198      1
    37    306      1
    38     32      1
    38     35      1
    38     43      1
    38     69      1
    38     82      1
    38    145      1
    38    169      1
    38    207      1
    38    226      1
    38    242      1
    39     15      1
    39     37      1
    39     55      1
    39     70      1
    39     73      1
    39    147      1
    39    441      1
    39    469      1
    40     10      1
    40      0      1
    40     65      1
    40     94      1
    40     97      1
    40    119      1
    40    155      1
    40    180      1
    40    255      1
    40    317      1
    40    488      1
    41     37      1
    41     20      1
    41    114      1
    41    260      1
    41    320      1
    42      6      1
    42     24      1
    42     43      1
    42     51      1
    42     60      1
    42     64      1
    42     85      1
    42    184      1
    42    247      1
    43     42      1
    43     38      1
    43     35      1
    43     58      1
    43     60      1
    43     75      1
    43     96      1
    43    109      1
    43    140      1
    43    148      1
    43    222      1
    44      3      1
    44     30      1
    44     53      1
    44     61      1
    44     68      1
    44     87      1
    44     90      1
    44    155      1
    44    286      1
    44    305      1
    44    350      1
    44    358      1
    44    480      1
    45     35      1
    45     23      1
    45     46      1
    45     52      1
    45     55      1
    45    113      1
    45    132      1
    45    133      1
    45    198      1
    45    263      1
    46     45      1
    46     12      1
    46     48      1
    46     58      1
    46     79      1
    46     91      1
    46    236      1
    47     17      1
    47     27      1
    47     88      1
    47     96      1
    47    125      1
    47    183      1
    47    242      1
    47    279      1
    47    407      1
    48     28      1
    48     46      1
    48      7      1
    48     60      1
    48    104      1
    48    285      1
    48    408      1
    48    458      1
    49     11      1
    49     14      1
    49     62      1
    49     82      1
    49     87      1
    49    120      1
    49    138      1
    49    169      1
    49    258      1
    49    327      1
    49    351      1
    49    449      1
    49    474      1
    50     13      1
    50      4      1
    50     72      1
    50     74      1
    50     77      1
    50     85      1
    50     92      1
    50     95      1
    50    131      1
    51     22      1
    51     42      1
    51     61      1
    51    120      1
    51    194      1
    51    213      1
    51    224      1
    51    436      1
    52     45      1
    52     20      1
    52     61      1
    52    134      1
    52    187      1
    52    194      1
    52    201      1
    52    206      1
    52    287      1
    52    426      1
    52    499      1
    53     44      1
    53     15      1
    53    104      1
    53    135      1
    53    229      1
    53    325      1
    53    377      1
    54      0      1
    54     36      1
    54     89      1
    54    115      1
    54    196      1
    54    199      1
    54    200      1
    54    399      1
    55     39      1
    55     45      1
    55     92      1
    55    228      1
    55    248      1
    55    326      1
    56      5      1
    56     28      1
    56     57      1
    56     84      1
    56    366      1
    56    438      1
    57     56      1
    57      3      1
    57      1      1
    57    270      1
    58     46      1
    58     25      1
    58     43      1
    58     63      1
    58    151      1
    58    213      1
    59     26      1
    59     29      1
    59     34      1
    59     68      1
    59    156      1
    60     42      1
    60     43      1
    60     48      1
    60     71      1
    60     74      1
    60    256      1
    60    311      1
    60    378      1
    60    387      1
    61     51      1
    61     44      1
    61     52      1
    61    103      1
    61    159      1
    61    225      1
    61    343      1
    62     23      1
    62     34      1
    62     49      1
    62     67      1
    62     71      1
    62    170      1
    62    187      1
    63     37      1
    63     58      1
    63     65      1
    63     70      1
    63    103      1
    63    217      1
    63    429      1
    64     20      1
    64     42      1
    64     16      1
    64     65      1
    64    111      1
    64    142      1
    64    150      1
    64    202      1
    64    222      1
    64    328      1
    64    377      1
    64    457      1
    65     40      1
    65     64      1
    65     63      1
    65    148      1
    65    161      1
    65    166      1
    65    308      1
    66     35      1
    66      0      1
    66     67      1
    66     83      1
    66     86      1
    66     91      1
    66     97      1
    66     98      1
    66    128      1
    66    149      1
    66    293      1
    67     23      1
    67     62      1
    67     66      1
    67     78      1
    67    121      1
    67    173      1
    67    236      1
    67    315      1
    67    382      1
    68     59      1
    68     44      1
    68     76      1
    68    136      1
    68    169      1
    68    297      1
    68    397      1
    69     38      1
    69     36      1
    69    453      1
    69    474      1
    70     28      1
    70     39      1
    70     63      1
    70    143      1
    70    277      1
    70    389      1
    70    464      1
    71      8      1
    71     60      1
    71     62      1
    71     84      1
    71    290      1
    71    355      1
    72      6      1
    72     50      1
    72      9      1
    72     73      1
    72    116      1
    72    171      1
    72    204      1
    72    296      1
    73     72      1
    73     39      1
    73     75      1
    73     76      1
    73    129      1
    73    271      1
    74     50      1
    74     60      1
    74     28      1
    74    107      1
    74    138      1
    74    175      1
    75     25      1
    75     43      1
    75     73      1
    75    191      1
    75    270      1
    75    365      1
    75    422      1
    76     73      1
    76     68      1
    76     17      1
    76     86      1
    76    101      1
    76    158      1
    76    244      1
    76    391      1
    76    490      1
    77     50      1
    77     21      1
    77     98      1
    77    157      1
    77    251      1
    77    265      1
    77    391      1
    78     67      1
    78      7      1
    78     81      1
    78     88      1
    78    207      1
    78    241      1
    78    327      1
    78    337      1
    78    442      1
    79     18      1
    79     46      1
    79     90      1
    79    155      1
    79    326      1
    80     36      1
    80      1      1
    80     94      1
    80    307      1
    80    332      1
    81     78      1
    81      6      1
    81    109      1
    81    122      1
    81    311      1
    81    316      1
    82     38      1
    82     49      1
    82    145      1
    82    156      1
    82    170      1
    83     29      1
    83     66      1
    83    238      1
    83    385      1
    84     10      1
    84     56      1
    84     71      1
    84    306      1
    84    443      1
    85     42      1
    85     50      1
    85    123      1
    85    234      1
    85    322      1
    86     66      1
    86     76      1
    86    115      1
    86    128      1
    86    272      1
    87     49      1
    87     44      1
    87     28      1
    87    101      1
    87    126      1
    87    209      1
    87    233      1
    87    275      1
    88     47      1
    88     78      1
    88    107      1
    88    158      1
    88    178      1
    88    206      1
    88    276      1
    88    335      1
    88    369      1
    89      8      1
    89     54      1
    89     33      1
    89    105      1
    89    215      1
    89    250      1
    89    287      1
    89    314      1
    89    442      1
    89    490      1
    90     44      1
    90     79      1
    90     14      1
    90    184      1
    90    277      1
    90    301      1
    90    385      1
    90    491      1
    91     66      1
    91     46      1
    91    110      1
    91    116      1
    91    121      1
    91    172      1
    92     55      1
    92     50      1
    92    320      1
    92    401      1
    93     17      1
    93     37      1
    93     25      1
    93    100      1
    93    111      1
    93    200      1
    94     10      1
    94     40      1
    94     80      1
    94    299      1
    95      9      1
    95     50      1
    95    109      1
    95    114      1
    95    193      1
    96      0      1
    96     43      1
    96     47      1
    96    108      1
    96    322      1
    96    350      1
    96    381      1
    97     20      1
    97     66      1
    97     40      1
    97    136      1
    97    342      1
    97    394      1
    98     77      1
    98     66      1
    98    108      1
    98    120      1
    98    139      1
    99     13      1
    99      1      1
    99    106      1
    99    188      1
    99    193      1
    99    245      1
   100     93      1
   100     20      1
   100    142      1
   100    237      1
   101     76      1
   101     87      1
   101    110      1
   101    113      1
   101    154      1
   101    157      1
   101    227      1
   101    285      1
   101    378      1
   101    417      1
   101    468      1
   102      5      1
   102     32      1
   102    160      1
   102    162      1
   102    182      1
   102    204      1
   103     61      1
   103     63      1
   103    147      1
   103    435      1
   104     30      1
   104     53      1
   104     48      1
   104    126      1
   104    349      1
   105     89      1
   105     17      1
   105     25      1
   105    124      1
   105    211      1
   105    473      1
   106     99      1
   106      1      1
   106    175      1
   106    460      1
   107     74      1
   107     88      1
   107    163      1
   107    189      1
   107    190      1
   107    217      1
   108     96      1
   108     98      1
   108    230      1
   108    357      1
   108    376      1
   108    437      1
   109     95      1
   109     81      1
   109     43      1
   109    205      1
   110    101      1
   110     91      1
   110    162      1
   110    302      1
   110    310      1
   110    362      1
   110    425      1
   111     34      1
   111     93      1
   111     64      1
   111    282      1
   111    291      1
   111    309      1
   111    330      1
   111    464      1
   111    487      1
   112     31      1
   112     27      1
   112     21      1
   112    127      1
   112    143      1
   112    424      1
   112    426      1
   112    486      1
   113     45      1
   113    101      1
   113    129      1
   113    159      1
   113    189      1
   113    228      1
   113    424      1
   114     41      1
   114     95      1
   114     21      1
   114    125      1
   114    131      1
   114    150      1
   114    416      1
   114    496      1
   115     54      1
   115     29      1
   115     86      1
   115    138      1
   115    145      1
   115    185      1
   115    188      1
   115    304      1
   115    338      1
   116     72      1
   116     91      1
   116    123      1
   116    216      1
   116    463      1
   117     30      1
   117     12      1
   117    153      1
   117    254      1
   117    485      1
   118      7      1
   118     20      1
   118    140      1
   118    248      1
   118    354      1
   118    356      1
   119     12      1
   119     40      1
   119    257      1
   120     49      1
   120     98      1
   120     51      1
   120    123      1
   120    210      1
   120    341      1
   120    425      1
   121     28      1
   121     67      1
   121     91      1
   121    130      1
   121    261      1
   121    281      1
   121    302      1
   121    443      1
   122     24      1
   122     81      1
   122    298      1
   122    473      1
   123     85      1
   123    120      1
   123    116      1
   123    186      1
   123    214      1
   123    240      1
   124     34      1
   124    105      1
   124     24      1
   124    192      1
   125     47      1
   125    114      1
   125    188      1
   125    403      1
   126    104      1
   126     87      1
   126    198      1
   126    208      1
   126    390      1
   127     26      1
   127    112      1
   127    465      1
   128     66      1
   128     86      1
   128    139      1
   128    197      1
   128    237      1
   128    240      1
   128    288      1
   128    329      1
   128    436      1
   129    113      1
   129     73      1
   129    185      1
   129    208      1
   129    239      1
   130      4      1
   130    121      1
   130    217      1
   130    439      1
   130    453      1
   131    114      1
   131     50      1
   131    152      1
   131    191      1
   132      6      1
   132     45      1
   132     10      1
   132    181      1
   132    289      1
   133     18      1
   133     45      1
   133    146      1
   133    310      1
   133    368      1
   134     22      1
   134     52      1
   134     10      1
   134    152      1
   134    258      1
   134    429      1
   134    476      1
   135     53      1
   135     16      1
   135    190      1
   135    262      1
   135    281      1
   136     68      1
   136     97      1
   136     14      1
   136    168      1
   136    227      1
   136    234      1
   136    264      1
   136    461      1
   137     12      1
   137      8      1
   137     21      1
   137    168      1
   137    180      1
   137    203      1
   137    238      1
   137    326      1
   137    382      1
   138    115      1
   138     74      1
   138     49      1
   138    336      1
   138    431      1
   139    128      1
   139      6      1
   139     98      1
   139    215      1
   140     43      1
   140    118      1
   140    361      1
   140    408      1
   141     22      1
   141      0      1
   141    161      1
   141    437      1
   142    100      1
   142     64      1
   142    174      1
   142    240      1
   142    286      1
   142    379      1
   142    465      1
   143    112      1
   143     70      1
   143     26      1
   143    182      1
   143    318      1
   144     19      1
   144      5      1
   144    259      1
   144    270      1
   144    371      1
   144    409      1
   145     38      1
   145     82      1
   145    115      1
   145    214      1
   145    273      1
   146    133      1
   146     20      1
   146    405      1
   147     39      1
   147    103      1
   147     31      1
   147    153      1
   147    168      1
   147    249      1
   147    498      1
   148     43      1
   148     65      1
   148     22      1
   148    164      1
   148    199      1
   148    300      1
   148    441      1
   149     16      1
   149     66      1
   149    160      1
   149    177      1
   150    114      1
   150     64      1
   151     58      1
   151     12      1
   151     17      1
   151    176      1
   151    235      1
   151    301      1
   151    339      1
   152    134      1
   152    131      1
   152    174      1
   152    222      1
   152    267      1
   152    292      1
   152    347      1
   153    117      1
   153    147      1
   153    218      1
   153    246      1
   154     13      1
   154    101      1
   154    288      1
   154    346      1
   154    357      1
   155     40      1
   155     44      1
   155     79      1
   156     59      1
   156     19      1
   156     82      1
   156    164      1
   156    165      1
   156    245      1
   157    101      1
   157     77      1
   158     17      1
   158     88      1
   158     76      1
   159     61      1
   159    113      1
   159    211      1
   159    479      1
   160    102      1
   160    149      1
   160      0      1
   160    165      1
   160    256      1
   160    477      1
   160    488      1
   160    497      1
   161     65      1
   161    141      1
   161      7      1
   161    177      1
   161    259      1
   161    309      1
   161    321      1
   161    334      1
   161    419      1
   162    110      1
   162     35      1
   162    102      1
   163     37      1
   163    107      1
   163    171      1
   163    373      1
   164    156      1
   164     22      1
   164    148      1
   164    212      1
   164    248      1
   164    253      1
   164    257      1
   164    383      1
   165    156      1
   165    160      1
   166     65      1
   166     33      1
   166    352      1
   166    413      1
   166    438      1
   166    457      1
   167     30      1
   167      6      1
   167    179      1
   168    147      1
   168    136      1
   168    137      1
   168    312      1
   168    340      1
   169     49      1
   169     68      1
   169     38      1
   169    428      1
   170     62      1
   170     82      1
   170    178      1
   171    163      1
   171     72      1
   171     22      1
   171    176      1
   171    195      1
   171    411      1
   171    438      1
   171    487      1
   172     18      1
   172     91      1
   172    219      1
   173     67      1
   173     11      1
   173    264      1
   174    142      1
   174    152      1
   175    106      1
   175      9      1
   175     74      1
   175    306      1
   175    353      1
   175    445      1
   176    151      1
   176     22      1
   176    171      1
   176    179      1
   177    149      1
   177    161      1
   177    493      1
   178    170      1
   178     24      1
   178     88      1
   178    291      1
   178    349      1
   178    355      1
   178    440      1
   178    482      1
   179    167      1
   179    176      1
   179    221      1
   179    227      1
   179    260      1
   180     40      1
   180    137      1
   180    261      1
   180    286      1
   180    353      1
   180    424      1
   181    132      1
   181     29      1
   182    102      1
   182    143      1
   182    396      1
   183     47      1
   183     37      1
   183     17      1
   183    218      1
   183    237      1
   183    345      1
   183    400      1
   183    410      1
   184      2      1
   184     42      1
   184     90      1
   184    186      1
   184    209      1
   184    384      1
   184    476      1
   185    129      1
   185    115      1
   185     21      1
   185    271      1
   185    364      1
   185    416      1
   185    470      1
   186    123      1
   186    184      1
   186    202      1
   186    273      1
   186    406      1
   186    480      1
   187     52      1
   187      4      1
   187     62      1
   187    201      1
   187    207      1
   187    271      1
   188     99      1
   188    125      1
   188    115      1
   188    197      1
   188    229      1
   188    356      1
   188    388      1
   189    113      1
   189    107      1
   189    233      1
   189    491      1
   190    135      1
   190     19      1
   190    107      1
   190    192      1
   190    199      1
   190    267      1
   190    281      1
   190    303      1
   190    323      1
   191     31      1
   191     75      1
   191    131      1
   192    124      1
   192    190      1
   192    336      1
   192    337      1
   193     95      1
   193     18      1
   193     99      1
   193    268      1
   193    421      1
   194     51      1
   194     10      1
   194     52      1
   194    203      1
   194    216      1
   194    223      1
   194    363      1
   194    387      1
   194    456      1
   195    171      1
   195      3      1
   195    225      1
   195    341      1
   196     26      1
   196     54      1
   196    386      1
   196    439      1
   197    188      1
   197     25      1
   197    128      1
   197    220      1
   197    336      1
   197    483      1
   198     37      1
   198     45      1
   198    126      1
   198    209      1
   198    274      1
   199    190      1
   199     54      1
   199    148      1
   199    208      1
   199    352      1
   200     93      1
   200     54      1
   200    312      1
   200    434      1
   201     52      1
   201     22      1
   201    187      1
   201    218      1
   201    232      1
   201    293      1
   202     64      1
   202    186      1
   202    266      1
   202    300      1
   202    418      1
   203    194      1
   203    137      1
   203    249      1
   203    262      1
   203    374      1
   203    401      1
   204     72      1
   204    102      1
   204    451      1
   204    471      1
   205    109      1
   205     11      1
   205    354      1
   205    454      1
   205    472      1
   206      4      1
   206     52      1
   206     88      1
   206    284      1
   206    360      1
   206    388      1
   206    419      1
   206    428      1
   206    492      1
   207     78      1
   207     38      1
   207    187      1
   207    338      1
   207    383      1
   207    402      1
   208    199      1
   208    126      1
   208    129      1
   209    184      1
   209     87      1
   209    198      1
   209    235      1
   210    120      1
   210     25      1
   210      6      1
   210    489      1
   211    105      1
   211    159      1
   211    239      1
   211    252      1
   211    255      1
   211    392      1
   212    164      1
   212     22      1
   212    273      1
   213     58      1
   213     35      1
   213     51      1
   213    333      1
   213    401      1
   214    123      1
   214    145      1
   214    375      1
   214    430      1
   215     89      1
   215     36      1
   215    139      1
   215    272      1
   215    316      1
   215    358      1
   215    458      1
   216      6      1
   216    194      1
   216    116      1
   216    272      1
   216    403      1
   217    107      1
   217    130      1
   217     63      1
   217    282      1
   217    289      1
   218    183      1
   218    201      1
   218    153      1
   219    172      1
   219      2      1
   219    372      1
   219    390      1
   220     20      1
   220    197      1
   220    313      1
   221      1      1
   221     18      1
   221    179      1
   221    278      1
   222     64      1
   222     43      1
   222    152      1
   222    231      1
   222    268      1
   222    463      1
   223    194      1
   223      0      1
   223    402      1
   223    425      1
   224     12      1
   224     51      1
   224    238      1
   224    305      1
   224    393      1
   225     61      1
   225    195      1
   225    269      1
   225    431      1
   226     38      1
   226      1      1
   226     25      1
   226    283      1
   226    311      1
   227    101      1
   227    136      1
   227    179      1
   227    231      1
   227    274      1
   227    278      1
   227    287      1
   227    374      1
   228     55      1
   228    113      1
   228     27      1
   228    231      1
   228    435      1
   229    188      1
   229     53      1
   230    108      1
   230     28      1
   230    396      1
   231    222      1
   231    227      1
   231    228      1
   231    350      1
   231    353      1
   232    201      1
   232     32      1
   232    305      1
   232    455      1
   233     87      1
   233    189      1
   233    250      1
   233    367      1
   233    369      1
   234     85      1
   234    136      1
   234    472      1
   235    151      1
   235    209      1
   235    258      1
   235    348      1
   235    433      1
   236      0      1
   236     46      1
   236     67      1
   236    252      1
   236    284      1
   236    300      1
   237    128      1
   237    183      1
   237    100      1
   238    137      1
   238    224      1
   238     83      1
   238    280      1
   238    379      1
   239      6      1
   239    129      1
   239    211      1
   239    241      1
   239    280      1
   239    362      1
   239    383      1
   240    142      1
   240    123      1
   240    128      1
   240    447      1
   241     78      1
   241    239      1
   241    303      1
   242     47      1
   242     38      1
   242    342      1
   242    485      1
   243      7      1
   243     11      1
   243    247      1
   243    324      1
   244     76      1
   244      0      1
   244     19      1
   244    292      1
   244    346      1
   244    444      1
   245    156      1
   245     11      1
   245     99      1
   246    153      1
   246     28      1
   246    351      1
   247     42      1
   247    243      1
   247    278      1
   247    319      1
   247    390      1
   248    118      1
   248    164      1
   248     55      1
   248    251      1
   248    322      1
   248    432      1
   249    147      1
   249     13      1
   249    203      1
   249    489      1
   250     89      1
   250    233      1
   251     77      1
   251    248      1
   251    255      1
   251    349      1
   252    236      1
   252    211      1
   252    263      1
   252    299      1
   252    475      1
   253     33      1
   253    164      1
   253    347      1
   254    117      1
   254     36      1
   254    289      1
   254    372      1
   255    211      1
   255     40      1
   255    251      1
   255    446      1
   255    469      1
   256    160      1
   256     60      1
   257    119      1
   257    164      1
   258    134      1
   258    235      1
   258     49      1
   258    265      1
   258    371      1
   258    377      1
   259    161      1
   259    144      1
   259     29      1
   259    376      1
   259    446      1
   260    179      1
   260     41      1
   260     19      1
   260    276      1
   260    348      1
   261      3      1
   261    121      1
   261    180      1
   261    304      1
   261    420      1
   262    203      1
   262    135      1
   262    348      1
   262    359      1
   263    252      1
   263     45      1
   263    361      1
   263    481      1
   264    173      1
   264    136      1
   264    427      1
   264    431      1
   265     77      1
   265    258      1
   265    327      1
   265    399      1
   266      7      1
   266    202      1
   266    462      1
   267    190      1
   267    152      1
   267    340      1
   268    222      1
   268    193      1
   268    393      1
   268    498      1
   269      5      1
   269    225      1
   269    342      1
   269    486      1
   270    144      1
   270     57      1
   270     75      1
   270    298      1
   270    331      1
   270    477      1
   271    185      1
   271    187      1
   271     73      1
   271    275      1
   271    314      1
   271    371      1
   272    215      1
   272     86      1
   272    216      1
   272    470      1
   273    186      1
   273    212      1
   273    145      1
   274    198      1
   274    227      1
   274    359      1
   274    382      1
   275    271      1
   275     87      1
   275    403      1
   276    260      1
   276     88      1
   276    290      1
   276    295      1
   276    308      1
   277     90      1
   277     70      1
   277    298      1
   277    307      1
   277    402      1
   277    417      1
   278    247      1
   278    227      1
   278    221      1
   278    434      1
   278    466      1
   279     47      1
   279     31      1
   279    466      1
   280    239      1
   280    238      1
   280    317      1
   280    332      1
   280    419      1
   281    121      1
   281    190      1
   281    135      1
   281    317      1
   281    321      1
   281    339      1
   282    217      1
   282    111      1
   282     13      1
   283     13      1
   283    226      1
   283     25      1
   284    206      1
   284    236      1
   284    292      1
   284    324      1
   284    328      1
   284    346      1
   285    101      1
   285     48      1
   286     44      1
   286    180      1
   286    142      1
   286    423      1
   287     89      1
   287     52      1
   287    227      1
   287    331      1
   288    128      1
   288    154      1
   289    254      1
   289    217      1
   289    132      1
   289    341      1
   289    398      1
   289    488      1
   290      6      1
   290    276      1
   290     71      1
   290    386      1
   291    178      1
   291    111      1
   291    313      1
   291    318      1
   292    284      1
   292    152      1
   292    244      1
   293     66      1
   293    201      1
   293    294      1
   294     33      1
   294    293      1
   294    329      1
   295     29      1
   295    276      1
   295    366      1
   295    447      1
   295    484      1
   296     27      1
   296     72      1
   296    499      1
   297     68      1
   297      3      1
   297    367      1
   297    450      1
   298    277      1
   298    270      1
   298    122      1
   298    413      1
   298    450      1
   299    252      1
   299     94      1
   300    236      1
   300    148      1
   300    202      1
   300    398      1
   301     90      1
   301    151      1
   301    407      1
   301    458      1
   301    496      1
   302    121      1
   302    110      1
   303    190      1
   303    241      1
   303    422      1
   304    115      1
   304    261      1
   304    332      1
   304    480      1
   305    224      1
   305     44      1
   305    232      1
   305    423      1
   305    492      1
   306     37      1
   306     84      1
   306    175      1
   306    318      1
   306    454      1
   307     80      1
   307    277      1
   307    312      1
   307    324      1
   308    276      1
   308     65      1
   309    111      1
   309    161      1
   309    328      1
   309    337      1
   310    110      1
   310    133      1
   310    368      1
   311     60      1
   311    226      1
   311     81      1
   311    315      1
   312    307      1
   312    200      1
   312    168      1
   312    365      1
   312    370      1
   312    380      1
   312    452      1
   313    291      1
   313    220      1
   313    392      1
   314    271      1
   314     89      1
   314    325      1
   315     67      1
   315      8      1
   315    311      1
   315    364      1
   315    380      1
   316    215      1
   316     81      1
   316    323      1
   317    281      1
   317    280      1
   317     40      1
   318    143      1
   318    306      1
   318    291      1
   319    247      1
   319     21      1
   320     92      1
   320     41      1
   321    281      1
   321    161      1
   322     96      1
   322    248      1
   322     85      1
   323    316      1
   323    190      1
   324    243      1
   324    307      1
   324    284      1
   325    314      1
   325     53      1
   325    460      1
   326     55      1
   326     79      1
   326    137      1
   326    410      1
   326    420      1
   327     78      1
   327    265      1
   327     49      1
   327    423      1
   328     64      1
   328    284      1
   328    309      1
   329    128      1
   329    294      1
   329     24      1
   330     26      1
   330    111      1
   331    287      1
   331    270      1
   331    460      1
   332    304      1
   332     80      1
   332    280      1
   332    344      1
   332    406      1
   333    213      1
   333      6      1
   334      4      1
   334    161      1
   335     88      1
   335     32      1
   336    197      1
   336    192      1
   336    138      1
   336    421      1
   337    192      1
   337     78      1
   337    309      1
   337    340      1
   337    356      1
   337    443      1
   337    466      1
   338    207      1
   338    115      1
   338      4      1
   338    363      1
   338    448      1
   338    449      1
   339    151      1
   339    281      1
   340    267      1
   340    337      1
   340    168      1
   341    120      1
   341    195      1
   341    289      1
   341    360      1
   342    269      1
   342    242      1
   342     97      1
   343     61      1
   343      0      1
   343    380      1
   344    332      1
   344     31      1
   344     15      1
   344    394      1
   344    441      1
   344    471      1
   345      9      1
   345    183      1
   345     15      1
   345    362      1
   346    284      1
   346    154      1
   346    244      1
   347    253      1
   347    152      1
   347    405      1
   348    235      1
   348    262      1
   348    260      1
   348    351      1
   348    384      1
   348    478      1
   348    484      1
   348    486      1
   349    104      1
   349    178      1
   349    251      1
   349    429      1
   349    450      1
   349    467      1
   350    231      1
   350     96      1
   350     44      1
   351     49      1
   351    246      1
   351    348      1
   351    397      1
   351    399      1
   352    166      1
   352    199      1
   353    180      1
   353    175      1
   353    231      1
   353    412      1
   354    118      1
   354    205      1
   354    409      1
   355    178      1
   355     71      1
   356    337      1
   356    118      1
   356    188      1
   357    108      1
   357    154      1
   357    395      1
   358     44      1
   358    215      1
   358    485      1
   359    262      1
   359     13      1
   359    274      1
   360    341      1
   360    206      1
   360     12      1
   360    482      1
   361    263      1
   361    140      1
   361    414      1
   362    110      1
   362    239      1
   362    345      1
   362    365      1
   362    404      1
   363    194      1
   363    338      1
   363    374      1
   363    415      1
   364    315      1
   364    185      1
   364    454      1
   364    493      1
   365    312      1
   365     75      1
   365    362      1
   366     56      1
   366     29      1
   366    295      1
   367    233      1
   367    297      1
   368    310      1
   368    133      1
   369     88      1
   369    233      1
   370     16      1
   370    312      1
   370      7      1
   371    258      1
   371    271      1
   371    144      1
   371    481      1
   372    219      1
   372     25      1
   372    254      1
   373    163      1
   373     30      1
   373    427      1
   374    227      1
   374    363      1
   374    203      1
   375      4      1
   375    214      1
   375    418      1
   376    108      1
   376    259      1
   376    395      1
   377    258      1
   377     53      1
   377     64      1
   377    430      1
   378    101      1
   378     60      1
   378    412      1
   379    142      1
   379    238      1
   380    312      1
   380    343      1
   380    315      1
   380    411      1
   380    451      1
   381     96      1
   381     28      1
   382    137      1
   382     67      1
   382    274      1
   383    207      1
   383    164      1
   383    239      1
   383    444      1
   383    455      1
   384    348      1
   384     30      1
   384    184      1
   384    396      1
   384    422      1
   384    459      1
   384    497      1
   385     83      1
   385     90      1
   386    290      1
   386    196      1
   386    418      1
   387     60      1
   387    194      1
   387    490      1
   388    188      1
   388    206      1
   389     70      1
   389     17      1
   390    126      1
   390    219      1
   390    247      1
   391      4      1
   391     76      1
   391     77      1
   391    462      1
   392     33      1
   392    211      1
   392    313      1
   393    224      1
   393    268      1
   394    344      1
   394     97      1
   395    376      1
   395    357      1
   396    230      1
   396    384      1
   396    182      1
   396    499      1
   397    351      1
   397     68      1
   398    289      1
   398    300      1
   399    265      1
   399    351      1
   399     54      1
   400     34      1
   400    183      1
   401    203      1
   401    213      1
   401     92      1
   401    446      1
   402    223      1
   402    277      1
   402    207      1
   402    432      1
   403    275      1
   403    125      1
   403    216      1
   404     12      1
   404    362      1
   404    495      1
   405    347      1
   405    146      1
   405    470      1
   405    481      1
   406    186      1
   406    332      1
   407    301      1
   407     47      1
   408    140      1
   408     48      1
   409    354      1
   409    144      1
   409    455      1
   410    183      1
   410    326      1
   411    171      1
   411    380      1
   411    449      1
   412     27      1
   412    378      1
   412    353      1
   412    467      1
   413    298      1
   413    166      1
   414    361      1
   414     25      1
   414    440      1
   415    363      1
   415      9      1
   416    114      1
   416    185      1
   416     32      1
   416    432      1
   417    101      1
   417    277      1
   417    456      1
   418    375      1
   418    202      1
   418    386      1
   419    280      1
   419    206      1
   419    161      1
   420    261      1
   420    326      1
   421    193      1
   421    336      1
   422    384      1
   422     75      1
   422    303      1
   423    327      1
   423    305      1
   423    286      1
   423    433      1
   423    444      1
   423    491      1
   424    112      1
   424    180      1
   424    113      1
   425    223      1
   425    120      1
   425    110      1
   426    112      1
   426     52      1
   427    264      1
   427    373      1
   428    206      1
   428    169      1
   428    468      1
   429    349      1
   429    134      1
   429     63      1
   430    377      1
   430    214      1
   430    478      1
   431    264      1
   431    225      1
   431    138      1
   432    248      1
   432    402      1
   432    416      1
   432    445      1
   433    423      1
   433    235      1
   434     27      1
   434    278      1
   434    200      1
   434    483      1
   434    497      1
   435    103      1
   435    228      1
   436    128      1
   436     51      1
   437    108      1
   437    141      1
   438    171      1
   438    166      1
   438     56      1
   439    130      1
   439    196      1
   440    414      1
   440    178      1
   440     30      1
   441    344      1
   441    148      1
   441     39      1
   441    475      1
   442     78      1
   442      3      1
   442     89      1
   443    121      1
   443    337      1
   443     84      1
   444    423      1
   444    244      1
   444    383      1
   445    432      1
   445    175      1
   446    259      1
   446    255      1
   446    401      1
   447    240      1
   447    295      1
   448      6      1
   448    338      1
   449    338      1
   449     49      1
   449    411      1
   449    453      1
   450    349      1
   450    297      1
   450    298      1
   450    459      1
   451    380      1
   451    204      1
   451    461      1
   452      8      1
   452      5      1
   452    312      1
   453    130      1
   453    449      1
   453     69      1
   454    205      1
   454    364      1
   454    306      1
   455    383      1
   455    409      1
   455    232      1
   456    194      1
   456    417      1
   456    482      1
   457    166      1
   457     64      1
   458    215      1
   458     48      1
   458    301      1
   459    384      1
   459    450      1
   459    495      1
   460    331      1
   460    106      1
   460    325      1
   461    136      1
   461    451      1
   462    391      1
   462    266      1
   463    222      1
   463     25      1
   463    116      1
   463    464      1
   464     70      1
   464    111      1
   464    463      1
   465     18      1
   465    142      1
   465    127      1
   466    279      1
   466    337      1
   466    278      1
   467    412      1
   467    349      1
   468    428      1
   468    101      1
   469     39      1
   469    255      1
   470    272      1
   470    405      1
   470    185      1
   471    204      1
   471    344      1
   471    494      1
   472    234      1
   472    205      1
   473    122      1
   473    105      1
   474      2      1
   474     49      1
   474     69      1
   475    252      1
   475    441      1
   476    134      1
   476    184      1
   477    160      1
   477    270      1
   478     28      1
   478    430      1
   478    348      1
   479      7      1
   479    159      1
   479    483      1
   480     44      1
   480    186      1
   480    304      1
   481    405      1
   481    263      1
   481    371      1
   482    178      1
   482    456      1
   482    360      1
   483    197      1
   483    479      1
   483    434      1
   484     17      1
   484    295      1
   484    348      1
   485    242      1
   485    117      1
   485    358      1
   486    269      1
   486    348      1
   486    112      1
   487    111      1
   487    171      1
   488     40      1
   488    160      1
   488    289      1
   489     20      1
   489    210      1
   489    249      1
   490     89      1
   490     76      1
   490    387      1
   491    189      1
   491     90      1
   491    423      1
   492    305      1
   492    206      1
   493    177      1
   493    364      1
   494    471      1
   494     19      1
   495    404      1
   495    459      1
   496    114      1
   496    301      1
   497    384      1
   497    434      1
   497    160      1
   498    268      1
   498    147      1
   499     52      1
   499    296      1
   499    396      1
