COORD_X_Y 200
  2.57946   1.32539
  0.90712   2.68897
  1.35166  0.411351
  2.91753  0.708161
  1.40755   2.86602
  2.10406   1.80493
  1.72627     1.424
  2.46885  0.913942
  2.45986  0.823266
  2.04706   1.85985
  1.36353   1.53173
  2.89179  0.500969
  1.95446  0.167227
  2.49465  0.538111
  2.41231   2.18172
   1.3152   1.92948
    2.335   1.14205
  2.26498  0.780777
  2.27311   2.90957
  1.55239   1.46424
 0.777535   0.56536
 0.603625   2.49311
  2.06558  0.897097
   2.7705   2.15585
  2.57933   1.48756
   1.2998   2.47283
  1.58084  0.737807
  2.79294  0.640075
 0.833517  0.842668
  2.30891   1.45308
  2.01062   1.75528
  1.17675   1.88662
  2.20903   1.60039
 0.642521   1.08174
 0.455616   2.35659
0.0216005   2.81904
   2.2021   2.29226
  2.99749    2.8855
0.0955074   1.78923
  2.55191   1.02834
0.0500392   2.26978
  2.70195  0.915921
 0.171074  0.406121
 0.269176   1.04779
 0.886863   2.98228
  2.08539  0.892459
 0.508554  0.453154
  2.35754    2.8214
 0.110221   1.10014
 0.442704   2.96973
  1.28857  0.806454
  2.60101   2.02903
 0.194299   1.37222
  2.87909  0.460581
  2.94637  0.448107
  1.39523  0.711496
  1.36069   1.31762
   1.8277  0.417175
  2.66319   2.67403
  2.07788  0.752066
  2.71437   0.55186
 0.388965    1.9811
 0.926177  0.639246
  1.69872  0.826854
 0.162381   2.86281
  1.43181   1.10636
  1.50361    2.3592
  1.48345   2.85366
  1.23555   2.79127
  2.41796   2.95985
 0.201588   1.66554
 0.949841  0.959719
  1.63687   2.10231
 0.102509  0.163684
  1.98906   1.18761
  1.63415  0.670327
  1.44679   1.49423
  1.23398   1.20889
0.0531799   2.33587
 0.366832   2.11524
  2.11812   2.07238
  1.42622   2.82675
 0.758949  0.887792
  1.05562   1.26281
  1.01972   2.36716
  1.21112  0.689268
  2.45049  0.267317
  1.32074   1.82102
  0.60011   1.65949
 0.129463   2.44161
  1.50059   2.28151
  2.88752 0.0586325
  1.30136  0.160943
  2.00185   2.77677
  1.87535   2.26966
 0.426648   1.63495
  2.98408   1.05309
  2.78067   1.00195
   2.8241  0.837487
  2.82778   2.61886
 0.321916   2.64162
 0.630017    2.7761
 0.462473   1.70146
 0.136438   2.91588
  1.63085   2.23405
  2.46367   2.69279
 0.519465   1.99939
   2.4264   2.47639
 0.398059   1.07208
  2.53639   2.53345
 0.893943   1.88799
  1.57132  0.150895
  1.77283    2.6137
  2.62095  0.524268
  2.83676  0.487664
  2.14191 0.0114746
  1.08206   1.56804
 0.931736   0.61732
   1.3364   1.85606
  1.30917    2.1099
 0.391902   1.31851
0.0300827   2.15327
  2.36643  0.130008
  1.60499 0.0483091
  2.22504  0.305502
  1.71784   2.98245
  1.42813   2.96197
  1.84546   2.81931
  1.79547   1.25022
   1.9806  0.692398
  2.04442   1.85537
  1.96389   1.33645
  2.52003  0.345698
 0.564773   2.29212
 0.166659   2.73021
  2.32597   1.24949
  2.68734  0.946987
  2.90319 0.0149709
  2.46179   1.59701
  2.77403   2.61461
 0.575409   1.53194
  1.28845   1.13309
  1.07816   1.46724
 0.412814  0.525559
  1.21644    2.7681
  2.11193   1.06724
  0.65341  0.999402
  2.59771  0.721496
  2.57431    2.3133
0.0774928  0.317875
 0.309679   1.55977
 0.501838   1.82265
 0.557876    2.8379
  1.37381   1.24353
  1.56939  0.454657
  1.85694   2.34022
  2.42959   1.29401
   1.0999  0.662726
    2.397  0.132073
  1.30783  0.617115
  2.54547   0.53551
  2.36016    1.9465
  1.02197   2.09666
 0.577309   1.31016
  1.09039  0.513973
  2.21607   0.59987
   1.3992  0.511907
 0.686665   1.57273
 0.584041  0.151409
  1.88728  0.873761
  2.49906  0.788158
  0.40729  0.083268
 0.702495  0.687968
  2.77394   2.53163
  1.01978   2.88016
  2.17256  0.938577
 0.561125    2.7008
  2.18789   1.35765
  2.54498   2.76333
  2.24413   2.44995
  2.44384   1.86518
  2.42576  0.390916
  2.44035   2.15198
  1.72396   2.36951
  1.18055   2.73349
 0.644879    1.0554
  2.23695  0.142135
  2.66533    1.4277
  1.73001  0.326947
 0.689696    2.6013
 0.988941   2.74295
  1.84385  0.997996
 0.182777   2.39283
  1.82263   2.01752
 0.266954   1.54066
  2.75174   1.04145
  0.26124   1.63751
0.0862603   2.08098
   1.9921  0.788107
 0.936401   2.86033
LINKS_SOURCE_DESTINATION_DISTANCE 978
     0      1      1
     0      2      1
     0      5      1
     0      6      1
     0      7      1
     0     19      1
     0     39      1
     0     42      1
     0     99      1
     0    114      1
     0    192      1
     1      0      1
     1      3      1
     1      4      1
     1      6      1
     1      8      1
     1      9      1
     1     11      1
     1     19      1
     1     20      1
     1     27      1
     1     30      1
     1     47      1
     1     48      1
     1     69      1
     1     79      1
     1    144      1
     1    161      1
     2      0      1
     2      7      1
     2     17      1
     2     53      1
     2     61      1
     2     88      1
     2    103      1
     2    108      1
     2    147      1
     3      1      1
     3      4      1
     3      5      1
     3      8      1
     3     10      1
     3     13      1
     3     15      1
     3     37      1
     3     94      1
     3    121      1
     4      1      1
     4      3      1
     4      6      1
     4     12      1
     4     14      1
     4     45      1
     4     51      1
     4     82      1
     4     89      1
     4    134      1
     4    182      1
     5      0      1
     5      3      1
     5      9      1
     5     10      1
     5     11      1
     5     24      1
     5     25      1
     5     32      1
     5     60      1
     5     67      1
     5     87      1
     5    136      1
     5    173      1
     5    193      1
     6      4      1
     6      0      1
     6      1      1
     6      9      1
     6     11      1
     6     22      1
     6     56      1
     6     60      1
     6     62      1
     6     65      1
     6     98      1
     6    108      1
     6    130      1
     6    155      1
     6    162      1
     7      2      1
     7      0      1
     7     21      1
     7     23      1
     7     32      1
     7     86      1
     7    141      1
     8      3      1
     8      1      1
     8     13      1
     8     18      1
     8     41      1
     8     61      1
     8     68      1
     8     72      1
     8    124      1
     8    136      1
     8    175      1
     8    187      1
     9      1      1
     9      5      1
     9      6      1
     9     10      1
     9     14      1
     9     17      1
     9     36      1
     9     57      1
     9    125      1
    10      9      1
    10      3      1
    10      5      1
    10     12      1
    10     13      1
    10     16      1
    10     22      1
    10     26      1
    10     50      1
    10     73      1
    10     98      1
    10    184      1
    11      6      1
    11      1      1
    11      5      1
    11     12      1
    11     15      1
    11     25      1
    11     27      1
    11     33      1
    11     40      1
    11     41      1
    11     43      1
    11     52      1
    11     53      1
    11     59      1
    11     66      1
    11     88      1
    11     90      1
    11    105      1
    11    118      1
    11    146      1
    12      4      1
    12     11      1
    12     10      1
    12     35      1
    12     43      1
    12     46      1
    12     70      1
    12     81      1
    12     91      1
    12     93      1
    12    143      1
    13     10      1
    13      3      1
    13      8      1
    13     14      1
    13     19      1
    13     20      1
    13     21      1
    13     33      1
    13     38      1
    13     67      1
    13     89      1
    13    127      1
    14      9      1
    14      4      1
    14     13      1
    14     16      1
    14     18      1
    14     21      1
    14     23      1
    14     68      1
    14     74      1
    14    119      1
    14    158      1
    15      3      1
    15     11      1
    15     16      1
    15     39      1
    15     46      1
    16     10      1
    16     15      1
    16     14      1
    16     17      1
    16     30      1
    16     94      1
    16    106      1
    17      2      1
    17     16      1
    17      9      1
    17     22      1
    17     35      1
    17     53      1
    18     14      1
    18      8      1
    18     24      1
    18     38      1
    18     44      1
    18     83      1
    18    160      1
    18    192      1
    19      0      1
    19      1      1
    19     13      1
    19     29      1
    19     52      1
    19    126      1
    19    197      1
    20     13      1
    20      1      1
    20     28      1
    20     73      1
    20     74      1
    20     78      1
    20    102      1
    20    103      1
    20    125      1
    21     14      1
    21     13      1
    21      7      1
    21     23      1
    21     29      1
    21     31      1
    21     95      1
    21    122      1
    22     10      1
    22     17      1
    22      6      1
    22     82      1
    22    117      1
    22    122      1
    22    182      1
    23      7      1
    23     21      1
    23     14      1
    23     59      1
    23     76      1
    23    169      1
    23    199      1
    24      5      1
    24     18      1
    24     26      1
    24     31      1
    24     37      1
    24     71      1
    24    123      1
    24    188      1
    25     11      1
    25      5      1
    25     49      1
    25     56      1
    25     58      1
    25     64      1
    25     97      1
    25    140      1
    25    144      1
    25    154      1
    26     24      1
    26     10      1
    26     34      1
    26     54      1
    26     84      1
    26    145      1
    27     11      1
    27      1      1
    27     28      1
    27     48      1
    27     72      1
    27    118      1
    27    135      1
    28     27      1
    28     20      1
    28     50      1
    28     65      1
    28     76      1
    28     92      1
    29     19      1
    29     21      1
    29     34      1
    29     46      1
    29    148      1
    29    162      1
    30     16      1
    30      1      1
    30     33      1
    30     40      1
    30     44      1
    30     45      1
    30     52      1
    30     61      1
    30     78      1
    30    171      1
    31     21      1
    31     24      1
    31     37      1
    31     47      1
    31     95      1
    31     97      1
    31    158      1
    31    168      1
    31    178      1
    32      5      1
    32      7      1
    32     44      1
    32     63      1
    32     64      1
    32     80      1
    32     94      1
    32    135      1
    32    144      1
    32    153      1
    32    189      1
    33     11      1
    33     13      1
    33     30      1
    33     35      1
    33     47      1
    33     86      1
    33    143      1
    34     26      1
    34     29      1
    34     36      1
    34     88      1
    34    152      1
    34    157      1
    34    161      1
    34    193      1
    35     12      1
    35     17      1
    35     33      1
    35     54      1
    35    105      1
    36      9      1
    36     34      1
    36     71      1
    36    114      1
    36    130      1
    37     24      1
    37      3      1
    37     31      1
    37     58      1
    37     81      1
    37    187      1
    38     13      1
    38     18      1
    38     42      1
    38     45      1
    38     55      1
    38     77      1
    38    107      1
    38    131      1
    39     15      1
    39      0      1
    39     66      1
    40     30      1
    40     11      1
    40     43      1
    40     63      1
    40     71      1
    41     11      1
    41      8      1
    41    129      1
    41    177      1
    42      0      1
    42     38      1
    42     51      1
    42     59      1
    42     99      1
    42    164      1
    42    178      1
    42    190      1
    43     11      1
    43     40      1
    43     12      1
    43     50      1
    43     55      1
    43     56      1
    43     57      1
    43     82      1
    43     85      1
    43    129      1
    43    167      1
    44     32      1
    44     30      1
    44     18      1
    44     62      1
    44    164      1
    45      4      1
    45     30      1
    45     38      1
    45    121      1
    45    168      1
    46     15      1
    46     12      1
    46     29      1
    46     49      1
    46    156      1
    47     31      1
    47      1      1
    47     33      1
    47     75      1
    47     79      1
    47     87      1
    47    113      1
    47    180      1
    48     27      1
    48      1      1
    48     72      1
    48     96      1
    49     46      1
    49     25      1
    49     57      1
    49     63      1
    49    101      1
    49    138      1
    49    180      1
    50     28      1
    50     43      1
    50     10      1
    50    113      1
    50    189      1
    51     42      1
    51      4      1
    51     62      1
    51     80      1
    52     11      1
    52     19      1
    52     30      1
    52     86      1
    52    111      1
    52    177      1
    53     11      1
    53      2      1
    53     17      1
    53    123      1
    53    146      1
    53    167      1
    54     35      1
    54     26      1
    54     93      1
    54    186      1
    55     43      1
    55     38      1
    55     91      1
    55    174      1
    55    196      1
    56     43      1
    56     25      1
    56      6      1
    56     70      1
    56     73      1
    56    112      1
    57     43      1
    57      9      1
    57     49      1
    57    185      1
    58     25      1
    58     37      1
    58     69      1
    58    100      1
    58    132      1
    58    156      1
    58    161      1
    58    166      1
    59     42      1
    59     11      1
    59     23      1
    59    175      1
    60      5      1
    60      6      1
    60     75      1
    61      2      1
    61     30      1
    61      8      1
    61     81      1
    61     83      1
    61     92      1
    61    115      1
    61    174      1
    62     51      1
    62      6      1
    62     44      1
    62    123      1
    62    151      1
    63     49      1
    63     40      1
    63     32      1
    63    165      1
    64     32      1
    64     25      1
    64    114      1
    64    170      1
    65     28      1
    65      6      1
    65     67      1
    65    100      1
    65    120      1
    65    128      1
    66     11      1
    66     39      1
    66     68      1
    66     75      1
    66     85      1
    66    110      1
    67     65      1
    67      5      1
    67     13      1
    67     77      1
    67    153      1
    67    171      1
    67    195      1
    68      8      1
    68     66      1
    68     14      1
    68    101      1
    68    108      1
    69      1      1
    69     58      1
    70     12      1
    70     56      1
    70     87      1
    70    104      1
    70    155      1
    70    177      1
    71     36      1
    71     40      1
    71     24      1
    71     76      1
    71     99      1
    71    145      1
    71    169      1
    72      8      1
    72     27      1
    72     48      1
    72     90      1
    72    176      1
    72    183      1
    73     10      1
    73     20      1
    73     56      1
    73     74      1
    73     92      1
    73    116      1
    73    128      1
    74     73      1
    74     20      1
    74     14      1
    74    163      1
    75     47      1
    75     60      1
    75     66      1
    75    152      1
    75    194      1
    76     28      1
    76     23      1
    76     71      1
    76    106      1
    76    120      1
    77     38      1
    77     67      1
    77     97      1
    77    116      1
    77    133      1
    77    148      1
    77    157      1
    77    193      1
    78     30      1
    78     20      1
    78    181      1
    79      1      1
    79     47      1
    79    106      1
    80     51      1
    80     32      1
    80     84      1
    80    138      1
    81     12      1
    81     37      1
    81     61      1
    81     93      1
    81    152      1
    82      4      1
    82     22      1
    82     43      1
    82     84      1
    82    109      1
    82    131      1
    83     61      1
    83     18      1
    83    190      1
    84     82      1
    84     80      1
    84     26      1
    84    159      1
    84    166      1
    84    178      1
    85     43      1
    85     66      1
    85    104      1
    85    133      1
    86     33      1
    86      7      1
    86     52      1
    86     96      1
    86    133      1
    86    160      1
    86    181      1
    87      5      1
    87     70      1
    87     47      1
    87    103      1
    88      2      1
    88     11      1
    88     34      1
    88    111      1
    89      4      1
    89     13      1
    90     72      1
    90     11      1
    91     12      1
    91     55      1
    91    110      1
    92     61      1
    92     73      1
    92     28      1
    92    109      1
    92    156      1
    93     81      1
    93     12      1
    93     54      1
    94     16      1
    94      3      1
    94     32      1
    94    112      1
    94    165      1
    95     21      1
    95     31      1
    95    151      1
    95    195      1
    96     48      1
    96     86      1
    96    100      1
    96    159      1
    97     31      1
    97     77      1
    97     25      1
    98     10      1
    98      6      1
    98    102      1
    99      0      1
    99     42      1
    99     71      1
    99    173      1
    99    198      1
   100     96      1
   100     58      1
   100     65      1
   100    151      1
   100    199      1
   101     68      1
   101     49      1
   101    146      1
   102     98      1
   102     20      1
   103     20      1
   103     87      1
   103      2      1
   103    172      1
   104     85      1
   104     70      1
   104    127      1
   104    132      1
   105     11      1
   105     35      1
   105    119      1
   105    140      1
   106     16      1
   106     79      1
   106     76      1
   106    107      1
   106    122      1
   106    185      1
   107     38      1
   107    106      1
   107    158      1
   107    168      1
   107    179      1
   107    194      1
   108     68      1
   108      6      1
   108      2      1
   108    137      1
   108    142      1
   109     92      1
   109     82      1
   109    118      1
   109    124      1
   110     91      1
   110     66      1
   110    163      1
   110    191      1
   111     52      1
   111     88      1
   111    126      1
   112     56      1
   112     94      1
   112    125      1
   112    162      1
   113     47      1
   113     50      1
   113    115      1
   113    141      1
   113    147      1
   113    184      1
   114     36      1
   114     64      1
   114      0      1
   114    117      1
   115    113      1
   115     61      1
   115    153      1
   116     73      1
   116     77      1
   116    139      1
   117     22      1
   117    114      1
   118    109      1
   118     11      1
   118     27      1
   118    131      1
   119    105      1
   119     14      1
   119    134      1
   120     65      1
   120     76      1
   120    121      1
   120    157      1
   121      3      1
   121     45      1
   121    120      1
   122     21      1
   122     22      1
   122    106      1
   122    164      1
   123     53      1
   123     24      1
   123     62      1
   124    109      1
   124      8      1
   125    112      1
   125      9      1
   125     20      1
   126    111      1
   126     19      1
   127    104      1
   127     13      1
   127    139      1
   128     65      1
   128     73      1
   128    130      1
   129     43      1
   129     41      1
   130      6      1
   130    128      1
   130     36      1
   131     82      1
   131     38      1
   131    118      1
   131    137      1
   131    166      1
   132     58      1
   132    104      1
   132    149      1
   132    183      1
   133     77      1
   133     85      1
   133     86      1
   133    170      1
   134      4      1
   134    119      1
   134    135      1
   134    136      1
   134    147      1
   135    134      1
   135     27      1
   135     32      1
   136    134      1
   136      5      1
   136      8      1
   136    185      1
   136    197      1
   137    108      1
   137    131      1
   137    149      1
   138     49      1
   138     80      1
   139    116      1
   139    127      1
   139    142      1
   140    105      1
   140     25      1
   140    150      1
   140    169      1
   141      7      1
   141    113      1
   142    139      1
   142    108      1
   142    155      1
   143     33      1
   143     12      1
   143    173      1
   144      1      1
   144     32      1
   144     25      1
   144    172      1
   144    192      1
   144    196      1
   145     71      1
   145     26      1
   146    101      1
   146     53      1
   146     11      1
   147      2      1
   147    134      1
   147    113      1
   148     29      1
   148     77      1
   148    188      1
   149    132      1
   149    137      1
   149    150      1
   150    149      1
   150    140      1
   151     95      1
   151    100      1
   151     62      1
   152     81      1
   152     75      1
   152     34      1
   153    115      1
   153     32      1
   153     67      1
   153    154      1
   154    153      1
   154     25      1
   155      6      1
   155    142      1
   155     70      1
   156     92      1
   156     58      1
   156     46      1
   156    160      1
   156    167      1
   157     34      1
   157    120      1
   157     77      1
   158     31      1
   158    107      1
   158     14      1
   158    159      1
   158    191      1
   159     96      1
   159     84      1
   159    158      1
   160    156      1
   160     18      1
   160     86      1
   160    179      1
   160    188      1
   161     58      1
   161      1      1
   161     34      1
   162     29      1
   162      6      1
   162    112      1
   162    176      1
   163     74      1
   163    110      1
   164     44      1
   164    122      1
   164     42      1
   165     94      1
   165     63      1
   166     84      1
   166    131      1
   166     58      1
   166    179      1
   167     53      1
   167     43      1
   167    156      1
   168    107      1
   168     31      1
   168     45      1
   169     23      1
   169    140      1
   169     71      1
   170     64      1
   170    133      1
   170    176      1
   171     30      1
   171     67      1
   172    144      1
   172    103      1
   173      5      1
   173     99      1
   173    143      1
   173    189      1
   174     55      1
   174     61      1
   175     59      1
   175      8      1
   176    170      1
   176     72      1
   176    162      1
   176    186      1
   177     52      1
   177     70      1
   177     41      1
   178     84      1
   178     31      1
   178     42      1
   179    160      1
   179    166      1
   179    107      1
   180     49      1
   180     47      1
   181     86      1
   181     78      1
   181    186      1
   181    198      1
   182      4      1
   182     22      1
   183     72      1
   183    132      1
   184     10      1
   184    113      1
   185    106      1
   185     57      1
   185    136      1
   186     54      1
   186    181      1
   186    176      1
   187      8      1
   187     37      1
   188     24      1
   188    148      1
   188    160      1
   189    173      1
   189     32      1
   189     50      1
   190     42      1
   190     83      1
   191    110      1
   191    158      1
   192      0      1
   192    144      1
   192     18      1
   193     77      1
   193     34      1
   193      5      1
   194    107      1
   194     75      1
   195     95      1
   195     67      1
   196     55      1
   196    144      1
   197    136      1
   197     19      1
   198     99      1
   198    181      1
   199    100      1
   199     23      1
