COORD_X_Y 300
  2.42463   2.64365
  0.48817   1.80836
  2.88108   2.13764
  1.62574   2.98713
  2.92256   2.66058
  2.27391   2.62868
 0.740992    2.3523
   2.6982   2.06648
  2.06286   1.64189
  2.73943   2.43669
 0.469343    2.4339
 0.927596   1.02512
  2.65474   2.26503
 0.432104   1.42867
0.0679231   2.00663
  2.29871   2.88896
  2.78324   2.91259
   2.9811  0.143181
  1.92362   1.54552
  2.99812   1.70137
  1.25634   1.58151
 0.860105   1.86154
 0.791152   1.69415
  1.94128   2.45143
  2.11396  0.247196
  1.71331   2.54549
  1.96746   1.48813
 0.661644   2.61844
 0.155889  0.606423
  1.21012   1.94402
  1.33613 0.0911352
 0.221282   2.00194
  2.90658   2.43029
 0.639513  0.256809
  2.06679  0.572555
  1.93444  0.646415
 0.390933   2.10632
 0.720799   0.60233
 0.688515   2.33435
  1.23603   1.24504
  1.58542    2.7625
  2.65111   0.83191
  0.76425   1.44633
 0.595457   2.78901
 0.345584   1.58745
  1.94567  0.123312
  1.88324  0.543986
  2.79394   1.26188
 0.464347    2.6043
0.0436883  0.833351
  2.84068   2.50662
 0.372428  0.422522
 0.190968   2.78439
  2.19974  0.770829
 0.365364   2.20225
  2.10384   2.53867
   1.4885   2.68364
  2.57918  0.340132
  0.79667   1.85599
  1.14239   2.88711
  1.28848      0.47
  2.57921    1.5712
  1.55564  0.103882
  2.23757  0.227662
  2.78553  0.258273
  1.42829   1.78457
  2.44516   1.39406
  2.91906   2.92091
  0.95267   1.69576
  1.63174   1.47646
  1.04041   1.84687
 0.222893 0.00406414
 0.985826   2.37313
  2.86074   1.63907
 0.798248   2.89346
  1.31429   2.92485
  2.20528   2.79885
  1.88758 0.0244092
  0.85564   2.20597
   2.9458 0.0869521
  2.47237   1.34574
 0.617773   1.63902
0.0179427   1.13333
  2.34684    1.5992
   1.6788  0.389145
 0.673348  0.494365
  1.28483   2.60752
  1.91037  0.162258
 0.154553  0.715855
  1.49281  0.188347
  2.88734   1.84299
 0.379868  0.786304
 0.840243   2.62505
 0.589003   2.04258
  2.81975   2.10446
 0.344572   2.11286
  1.77472  0.271451
  1.18359  0.778293
  2.78148   2.30511
  2.06348   2.22002
 0.266867  0.417318
  2.96448    2.7297
     2.11  0.514357
  2.10088   1.95369
  1.45594   1.14314
  2.68494  0.710455
  1.54272  0.627769
  2.10699  0.509927
  2.69286   1.22972
  1.38714   1.44158
 0.793585   2.95171
  1.58315   2.77007
 0.130545  0.678612
 0.834636  0.281909
  1.40463   1.98355
  1.75746   2.88547
 0.420724  0.107662
  2.07462     1.305
  1.50517   1.76267
 0.162111   2.12741
  1.44594   2.10814
  2.19509  0.657933
  1.29973   1.11135
  1.13497   2.50751
  2.11202   2.36356
 0.164416 0.0548382
  2.92527  0.757914
  2.35025   1.38004
 0.691352 0.0767727
 0.878231   2.48617
  1.37619  0.235154
  2.59434   2.06685
 0.357845   2.89299
  2.09896   1.19185
 0.765335  0.111615
  1.83509  0.911774
  2.97983   1.41288
 0.723253   1.03602
  0.49657  0.610601
  1.01385   2.79726
  2.10785   1.89395
  1.63807  0.231049
  1.03556   2.51899
 0.834316   1.39709
  2.41931   2.67221
  2.70903  0.242009
  2.97941    2.2965
 0.530058   2.36495
 0.784012  0.844725
   1.3447  0.825495
  1.41844   2.25091
  1.77525 0.0669026
  1.45798   2.33713
 0.447351   2.37261
  2.43175  0.420024
 0.762875  0.599714
  1.04387   2.96897
  1.52021   1.76883
 0.138953    2.1914
  2.66775  0.108765
  2.99742   1.29273
  1.02503   2.87154
  1.33445   2.41858
  1.07654   0.64421
  0.46273   2.50898
  2.40765   2.92159
  1.29756   1.46081
   2.3713   2.09103
  2.01546    1.8135
   2.0491  0.497263
 0.976595   1.48088
  2.93413   1.17354
  1.73827    2.3798
  1.96034   1.69252
  2.41439    2.2232
   1.7229   2.15441
    0.698   2.77886
  1.65294   2.13066
 0.191958   1.68267
  1.73662  0.522949
  1.53873   2.62081
 0.204145   2.75696
  1.46666   2.40422
  2.29439   1.92793
  2.52655    2.7395
   2.9829  0.809021
  2.48168   2.30095
  1.34789   2.69319
 0.726648  0.385685
  1.62732   1.54933
   2.1228   1.28354
  0.51219   2.40958
  2.91825   1.21822
  1.01923   1.07601
  1.51893   2.71922
 0.200856  0.753445
 0.726401    2.8583
  2.28177   2.44771
  1.36118   2.82177
  1.94272    1.9121
  1.38043  0.762123
 0.157565   2.90058
  2.21509   2.54332
  1.03221   2.34346
  2.43589  0.112333
  0.60938  0.122241
 0.291288   1.84393
 0.175361   2.09498
  1.88635   1.95546
  2.69524   1.72041
  2.47584   1.32628
  1.56049   1.26666
  0.87149   2.71405
  2.93904  0.451429
   2.7803   2.46433
  2.05139   2.51146
  1.41641   1.98166
  0.32296   1.02198
   1.9658  0.306858
  1.01799  0.522676
 0.952517  0.370356
0.0730193   1.12188
 0.117141   2.80898
  2.14551   1.10627
  1.78736  0.673571
  2.78999   1.90912
0.0438055   1.28208
   2.7895   1.95129
  2.04149  0.633571
  2.14343   2.96782
  1.34165    1.4291
 0.097248   2.04909
 0.623286   1.99492
  1.41821   2.16907
 0.120026   1.52382
 0.255913  0.651546
  1.79674  0.411902
0.0405642   2.20074
  1.15654   1.86939
 0.165195   2.13839
  1.64114  0.201761
  2.03736  0.521373
 0.821988   1.06691
  2.52029    1.3753
0.00357459  0.257208
 0.166928   1.42636
0.0877785   2.57725
 0.214223 0.0414547
  1.84895   1.91472
 0.614049   1.04369
  1.48129   2.51394
  2.82906  0.318616
 0.676438   1.87677
  1.03377   0.16683
  2.59887  0.374521
  2.45971   2.66846
 0.659192   2.19496
  1.01928  0.709279
  1.34926   2.50214
 0.112454   1.01095
 0.396585   2.63226
  1.19085    1.5519
  2.54316  0.602815
   2.3424   1.31154
  2.85446   2.27483
  1.74515   1.37431
  2.20733   2.27272
 0.697214   2.10867
  2.17139   1.52415
  2.54002   2.15196
0.00247976   2.08606
  2.02605  0.346473
   1.9041  0.754256
  1.60542   1.74366
0.00501609   2.13253
  2.30006   2.79603
  1.98214   2.83369
  1.39624  0.605347
 0.740429  0.743597
  1.08901     2.647
 0.711376   1.64236
 0.529815  0.129543
  1.40242   0.23706
  1.50328   1.17393
  0.35327 0.00758148
  2.99328   2.14822
 0.304338   1.50019
  2.98189  0.386455
 0.548432   2.01006
 0.414845  0.613077
  0.40168   2.51974
 0.883226   2.39038
  2.70129     2.986
  1.01089  0.428271
  2.02605   2.70858
  1.07564   2.70121
  2.12385   2.70232
  2.85087   1.35596
 0.165531  0.157516
 0.569361   2.28525
LINKS_SOURCE_DESTINATION_DISTANCE 1492
     0      1      1
     0      2      1
     0      4      1
     0      5      1
     0      6      1
     0      8      1
     0      9      1
     0     12      1
     0     16      1
     0     19      1
     0     20      1
     0     29      1
     0     42      1
     0     78      1
     0    129      1
     0    168      1
     0    189      1
     0    226      1
     0    276      1
     1      0      1
     1      3      1
     1     11      1
     1     17      1
     1     24      1
     1     31      1
     1     36      1
     1     38      1
     1     42      1
     1     43      1
     1     54      1
     1     93      1
     1    118      1
     1    130      1
     1    175      1
     1    202      1
     2      0      1
     2      4      1
     2      5      1
     2      7      1
     2     11      1
     2     12      1
     2     15      1
     2     24      1
     2     27      1
     2     28      1
     2     47      1
     2     56      1
     2    113      1
     2    224      1
     2    253      1
     3      1      1
     3      4      1
     3      5      1
     3      6      1
     3     20      1
     3     33      1
     3     42      1
     3     69      1
     3     87      1
     3    100      1
     3    108      1
     3    146      1
     3    237      1
     4      2      1
     4      0      1
     4      3      1
     4      6      1
     4      9      1
     4     10      1
     4     13      1
     4     14      1
     4     30      1
     4     36      1
     4     39      1
     4     75      1
     4     96      1
     4     99      1
     5      0      1
     5      3      1
     5      2      1
     5      7      1
     5      8      1
     5     18      1
     5     27      1
     5     75      1
     6      3      1
     6      4      1
     6      0      1
     6     11      1
     6     34      1
     6     50      1
     6     57      1
     6     80      1
     6     94      1
     6    241      1
     6    248      1
     7      5      1
     7      2      1
     7      9      1
     7     37      1
     7     82      1
     8      5      1
     8      0      1
     8     10      1
     8     13      1
     8     15      1
     8     16      1
     8     28      1
     8     30      1
     8     40      1
     8     59      1
     9      0      1
     9      4      1
     9      7      1
     9     12      1
     9     14      1
     9     21      1
     9    112      1
     9    250      1
    10      4      1
    10      8      1
    10     26      1
    10     35      1
    10     62      1
    10    176      1
    10    200      1
    10    230      1
    11      2      1
    11      6      1
    11      1      1
    11     14      1
    11     16      1
    11     36      1
    11     49      1
    11     55      1
    11    127      1
    11    155      1
    11    253      1
    11    271      1
    12      0      1
    12      2      1
    12      9      1
    12     17      1
    12     19      1
    12     23      1
    12     41      1
    12     54      1
    12     69      1
    12     71      1
    12    155      1
    12    169      1
    12    252      1
    13      8      1
    13      4      1
    13     20      1
    13     38      1
    13     58      1
    13     76      1
    13     77      1
    13     81      1
    13    133      1
    13    171      1
    14      9      1
    14     11      1
    14      4      1
    14     50      1
    14     64      1
    14     74      1
    14     81      1
    14    120      1
    14    125      1
    14    132      1
    14    149      1
    14    164      1
    14    177      1
    14    182      1
    14    218      1
    14    219      1
    15      2      1
    15      8      1
    15     18      1
    15     21      1
    15     22      1
    15     31      1
    15     48      1
    15     49      1
    15     68      1
    15    111      1
    15    171      1
    15    217      1
    16      0      1
    16      8      1
    16     11      1
    16     29      1
    16     53      1
    16     55      1
    16     80      1
    16     89      1
    16     94      1
    16    218      1
    16    247      1
    16    257      1
    17      1      1
    17     12      1
    17     22      1
    17     24      1
    17     32      1
    17     56      1
    17     92      1
    17    142      1
    17    158      1
    17    234      1
    18      5      1
    18     15      1
    18     23      1
    18    176      1
    18    240      1
    19      0      1
    19     12      1
    19     23      1
    19     25      1
    19     39      1
    19     44      1
    19     53      1
    19    139      1
    19    199      1
    20      0      1
    20      3      1
    20     13      1
    20     26      1
    20     29      1
    20     41      1
    20     62      1
    20    140      1
    20    198      1
    21      9      1
    21     15      1
    21     25      1
    21     26      1
    21    108      1
    21    139      1
    21    192      1
    21    201      1
    21    299      1
    22     17      1
    22     15      1
    22     32      1
    22     51      1
    22    107      1
    22    143      1
    23     12      1
    23     19      1
    23     18      1
    23     43      1
    23     71      1
    23    121      1
    23    211      1
    23    215      1
    24     17      1
    24      1      1
    24      2      1
    24     37      1
    24     84      1
    25     19      1
    25     21      1
    25     50      1
    25     53      1
    25     67      1
    25     72      1
    25     84      1
    26     20      1
    26     10      1
    26     21      1
    26     32      1
    26     37      1
    26     46      1
    26     48      1
    26     61      1
    26    141      1
    27      5      1
    27      2      1
    27    128      1
    27    144      1
    27    150      1
    27    172      1
    27    186      1
    28      2      1
    28      8      1
    28     92      1
    28    102      1
    29     20      1
    29     16      1
    29      0      1
    29     45      1
    29     85      1
    29    132      1
    29    154      1
    29    208      1
    30      4      1
    30      8      1
    30     44      1
    30     46      1
    30     64      1
    30    115      1
    30    261      1
    31     15      1
    31      1      1
    31     33      1
    31     35      1
    31     45      1
    31     57      1
    31     64      1
    31     93      1
    31    124      1
    31    167      1
    31    180      1
    31    222      1
    32     22      1
    32     26      1
    32     17      1
    32     52      1
    32    262      1
    33      3      1
    33     31      1
    33     34      1
    33     95      1
    33    128      1
    33    179      1
    34     33      1
    34      6      1
    34    102      1
    34    238      1
    35     31      1
    35     10      1
    35     58      1
    35     66      1
    35     70      1
    35    137      1
    35    151      1
    35    173      1
    35    237      1
    36      1      1
    36      4      1
    36     11      1
    36     40      1
    36     52      1
    36     61      1
    36     65      1
    36     66      1
    36     93      1
    36    104      1
    36    114      1
    36    146      1
    36    170      1
    37     26      1
    37     24      1
    37      7      1
    37     63      1
    37     73      1
    37     77      1
    37     82      1
    37     89      1
    37     97      1
    37    117      1
    37    129      1
    38      1      1
    38     13      1
    38     47      1
    38     77      1
    38    103      1
    38    296      1
    39      4      1
    39     19      1
    39     41      1
    39     45      1
    39     73      1
    39     88      1
    39     95      1
    40      8      1
    40     36      1
    40    116      1
    40    120      1
    40    123      1
    40    134      1
    40    148      1
    40    192      1
    41     12      1
    41     39      1
    41     20      1
    41     86      1
    41    166      1
    41    187      1
    41    296      1
    41    297      1
    42      1      1
    42      0      1
    42      3      1
    42     51      1
    42    133      1
    42    222      1
    42    285      1
    43     23      1
    43      1      1
    43     60      1
    43     76      1
    43     83      1
    43     88      1
    43     97      1
    44     19      1
    44     30      1
    44     85      1
    44    119      1
    44    200      1
    45     39      1
    45     29      1
    45     31      1
    45     46      1
    45     48      1
    45     96      1
    45    131      1
    45    189      1
    46     26      1
    46     45      1
    46     30      1
    46    128      1
    47      2      1
    47     38      1
    47     63      1
    47     68      1
    47    101      1
    47    110      1
    47    201      1
    48     26      1
    48     15      1
    48     45      1
    48     51      1
    48     55      1
    48     62      1
    48     78      1
    48    157      1
    49     11      1
    49     15      1
    49     57      1
    49     60      1
    49    183      1
    50     14      1
    50      6      1
    50     25      1
    50     86      1
    50    111      1
    50    122      1
    50    138      1
    50    213      1
    51     42      1
    51     48      1
    51     22      1
    51     54      1
    51    106      1
    51    149      1
    51    210      1
    52     36      1
    52     32      1
    52    187      1
    52    229      1
    53     25      1
    53     19      1
    53     16      1
    53     91      1
    53    175      1
    53    190      1
    53    230      1
    54     12      1
    54     51      1
    54      1      1
    54     59      1
    54     65      1
    54     75      1
    54     89      1
    54    105      1
    54    212      1
    54    231      1
    54    268      1
    55     48      1
    55     16      1
    55     11      1
    55     58      1
    55     90      1
    55    109      1
    55    130      1
    55    202      1
    56      2      1
    56     17      1
    56     66      1
    56    103      1
    56    247      1
    57     31      1
    57      6      1
    57     49      1
    57    124      1
    57    140      1
    58     55      1
    58     35      1
    58     13      1
    58     88      1
    58    117      1
    58    175      1
    59      8      1
    59     54      1
    59     65      1
    59     79      1
    59    118      1
    59    165      1
    59    263      1
    60     43      1
    60     49      1
    60     70      1
    60    137      1
    60    178      1
    60    228      1
    60    279      1
    61     26      1
    61     36      1
    61     74      1
    61     80      1
    61     87      1
    61    225      1
    62     48      1
    62     10      1
    62     20      1
    62    124      1
    62    139      1
    62    162      1
    62    288      1
    63     47      1
    63     37      1
    63     72      1
    63    141      1
    63    147      1
    63    224      1
    63    254      1
    64     30      1
    64     31      1
    64     14      1
    64     72      1
    64     79      1
    64    163      1
    64    252      1
    64    273      1
    64    299      1
    65     59      1
    65     36      1
    65     54      1
    65    148      1
    66     56      1
    66     36      1
    66     35      1
    66     67      1
    66    191      1
    67     25      1
    67     66      1
    67    159      1
    67    189      1
    67    295      1
    68     15      1
    68     47      1
    68     71      1
    68    101      1
    68    150      1
    68    151      1
    68    198      1
    68    223      1
    68    272      1
    69     12      1
    69      3      1
    69     73      1
    69     76      1
    69     86      1
    70     35      1
    70     60      1
    70    271      1
    71     68      1
    71     23      1
    71     12      1
    71    117      1
    71    126      1
    71    173      1
    72     25      1
    72     63      1
    72     64      1
    72     91      1
    72     94      1
    72    130      1
    72    154      1
    72    270      1
    72    277      1
    73     37      1
    73     39      1
    73     69      1
    73    109      1
    73    138      1
    73    166      1
    73    293      1
    74     14      1
    74     61      1
    74     82      1
    74     83      1
    74    182      1
    74    274      1
    75      5      1
    75      4      1
    75     54      1
    75    109      1
    75    270      1
    76     43      1
    76     69      1
    76     13      1
    76    204      1
    76    219      1
    77     37      1
    77     13      1
    77     38      1
    77    244      1
    78      0      1
    78     48      1
    78     87      1
    78    119      1
    78    136      1
    78    272      1
    79     64      1
    79     59      1
    79     99      1
    79    103      1
    79    106      1
    79    291      1
    80     61      1
    80     16      1
    80      6      1
    80     98      1
    80    122      1
    80    232      1
    80    244      1
    81     14      1
    81     13      1
    81     98      1
    81    158      1
    82     74      1
    82     37      1
    82      7      1
    82     92      1
    82     99      1
    82    104      1
    82    147      1
    82    174      1
    82    256      1
    83     74      1
    83     43      1
    83     91      1
    83    145      1
    83    152      1
    84     24      1
    84     25      1
    84    107      1
    84    108      1
    84    110      1
    84    131      1
    84    145      1
    84    195      1
    84    242      1
    84    262      1
    84    283      1
    85     29      1
    85     44      1
    85    168      1
    85    233      1
    85    241      1
    86     41      1
    86     50      1
    86     69      1
    86     90      1
    86    154      1
    87      3      1
    87     78      1
    87     61      1
    87    110      1
    87    273      1
    87    294      1
    87    298      1
    88     58      1
    88     43      1
    88     39      1
    88     90      1
    88    184      1
    88    245      1
    89     16      1
    89     54      1
    89     37      1
    89    100      1
    89    116      1
    89    132      1
    89    278      1
    90     86      1
    90     88      1
    90     55      1
    90    144      1
    91     53      1
    91     83      1
    91     72      1
    91    173      1
    91    191      1
    91    204      1
    92     28      1
    92     17      1
    92     82      1
    92     96      1
    92    101      1
    92    121      1
    92    165      1
    92    178      1
    93     31      1
    93     36      1
    93      1      1
    93    123      1
    93    163      1
    94     16      1
    94      6      1
    94     72      1
    94    112      1
    94    284      1
    95     39      1
    95     33      1
    95    104      1
    95    255      1
    95    287      1
    96     45      1
    96     92      1
    96      4      1
    96    115      1
    96    123      1
    96    143      1
    96    153      1
    96    186      1
    97     43      1
    97     37      1
    97    135      1
    97    237      1
    97    257      1
    97    270      1
    98     80      1
    98     81      1
    98    111      1
    98    112      1
    98    219      1
    99      4      1
    99     79      1
    99     82      1
    99    105      1
    99    188      1
    99    193      1
    99    203      1
   100      3      1
   100     89      1
   100    171      1
   101     92      1
   101     47      1
   101     68      1
   101    192      1
   102     28      1
   102     34      1
   102    134      1
   102    177      1
   102    293      1
   103     79      1
   103     56      1
   103     38      1
   103    140      1
   103    159      1
   103    275      1
   104     82      1
   104     36      1
   104     95      1
   104    174      1
   104    273      1
   105     99      1
   105     54      1
   105    113      1
   105    119      1
   105    121      1
   105    142      1
   106     79      1
   106     51      1
   106    113      1
   106    287      1
   107     84      1
   107     22      1
   107    185      1
   107    229      1
   108     84      1
   108      3      1
   108     21      1
   108    223      1
   108    256      1
   108    287      1
   109     55      1
   109     73      1
   109     75      1
   110     47      1
   110     84      1
   110     87      1
   110    191      1
   110    200      1
   110    232      1
   111     15      1
   111     98      1
   111     50      1
   111    114      1
   111    258      1
   112     98      1
   112     94      1
   112      9      1
   112    126      1
   112    180      1
   113    106      1
   113      2      1
   113    105      1
   113    149      1
   113    161      1
   113    185      1
   114    111      1
   114     36      1
   114    239      1
   114    250      1
   115     30      1
   115     96      1
   115    125      1
   115    199      1
   115    205      1
   115    214      1
   115    236      1
   116     89      1
   116     40      1
   116    184      1
   116    197      1
   116    282      1
   117     71      1
   117     58      1
   117     37      1
   117    126      1
   117    162      1
   117    220      1
   117    245      1
   117    276      1
   118      1      1
   118     59      1
   118    127      1
   118    153      1
   118    196      1
   118    206      1
   119     78      1
   119    105      1
   119     44      1
   119    170      1
   119    182      1
   119    261      1
   120     14      1
   120     40      1
   120    156      1
   120    203      1
   120    218      1
   121    105      1
   121     23      1
   121     92      1
   121    135      1
   121    285      1
   121    290      1
   122     80      1
   122     50      1
   123     93      1
   123     40      1
   123     96      1
   123    183      1
   123    254      1
   123    284      1
   124     31      1
   124     62      1
   124     57      1
   124    156      1
   125    115      1
   125     14      1
   126    117      1
   126     71      1
   126    112      1
   126    209      1
   127    118      1
   127     11      1
   127    212      1
   127    292      1
   128     27      1
   128     46      1
   128     33      1
   129      0      1
   129     37      1
   129    199      1
   129    205      1
   129    260      1
   130     55      1
   130     72      1
   130      1      1
   130    188      1
   130    227      1
   131     84      1
   131     45      1
   131    167      1
   131    283      1
   132     14      1
   132     89      1
   132     29      1
   132    141      1
   132    152      1
   132    156      1
   132    161      1
   132    186      1
   132    194      1
   133     13      1
   133     42      1
   133    238      1
   134    102      1
   134     40      1
   134    137      1
   134    268      1
   135    121      1
   135     97      1
   135    136      1
   136    135      1
   136     78      1
   136    267      1
   137     35      1
   137     60      1
   137    134      1
   137    172      1
   137    211      1
   137    291      1
   138     50      1
   138     73      1
   138    152      1
   138    160      1
   138    278      1
   139     62      1
   139     19      1
   139     21      1
   139    159      1
   139    190      1
   139    207      1
   139    259      1
   139    280      1
   140     57      1
   140    103      1
   140     20      1
   140    146      1
   141     26      1
   141    132      1
   141     63      1
   142    105      1
   142     17      1
   142    160      1
   142    180      1
   142    187      1
   142    207      1
   142    260      1
   143     22      1
   143     96      1
   143    265      1
   143    290      1
   144     90      1
   144     27      1
   144    151      1
   144    181      1
   144    193      1
   145     83      1
   145     84      1
   145    168      1
   145    179      1
   145    197      1
   146    140      1
   146     36      1
   146      3      1
   146    162      1
   146    164      1
   146    196      1
   146    206      1
   146    216      1
   146    225      1
   147     82      1
   147     63      1
   147    157      1
   147    176      1
   147    279      1
   148     40      1
   148     65      1
   148    263      1
   149     14      1
   149     51      1
   149    113      1
   149    243      1
   149    264      1
   149    299      1
   150     27      1
   150     68      1
   151     35      1
   151    144      1
   151     68      1
   151    169      1
   151    258      1
   151    266      1
   152     83      1
   152    132      1
   152    138      1
   153    118      1
   153     96      1
   153    201      1
   153    268      1
   153    285      1
   154     29      1
   154     86      1
   154     72      1
   154    158      1
   154    232      1
   154    274      1
   155     11      1
   155     12      1
   155    183      1
   155    228      1
   156    124      1
   156    120      1
   156    132      1
   156    286      1
   156    295      1
   157    147      1
   157     48      1
   158    154      1
   158     17      1
   158     81      1
   158    164      1
   159    103      1
   159     67      1
   159    139      1
   159    174      1
   159    195      1
   159    214      1
   159    216      1
   160    142      1
   160    138      1
   161    113      1
   161    132      1
   161    181      1
   162    117      1
   162    146      1
   162     62      1
   163     64      1
   163     93      1
   164    146      1
   164    158      1
   164     14      1
   164    172      1
   164    240      1
   164    272      1
   164    296      1
   165     59      1
   165     92      1
   165    217      1
   165    233      1
   165    282      1
   166     73      1
   166     41      1
   166    215      1
   166    251      1
   167     31      1
   167    131      1
   167    243      1
   168    145      1
   168     85      1
   168      0      1
   168    178      1
   168    253      1
   169    151      1
   169     12      1
   170    119      1
   170     36      1
   171     13      1
   171     15      1
   171    100      1
   172    137      1
   172     27      1
   172    164      1
   173     71      1
   173     35      1
   173     91      1
   174    159      1
   174    104      1
   174     82      1
   175      1      1
   175     53      1
   175     58      1
   175    246      1
   176     18      1
   176     10      1
   176    147      1
   176    227      1
   177     14      1
   177    102      1
   177    190      1
   177    294      1
   177    295      1
   178     92      1
   178     60      1
   178    168      1
   178    246      1
   179    145      1
   179     33      1
   179    221      1
   179    289      1
   180    112      1
   180     31      1
   180    142      1
   180    255      1
   180    267      1
   180    297      1
   181    144      1
   181    161      1
   182     74      1
   182    119      1
   182     14      1
   182    220      1
   182    251      1
   183    155      1
   183     49      1
   183    123      1
   183    235      1
   184    116      1
   184     88      1
   184    278      1
   185    107      1
   185    113      1
   185    276      1
   186     96      1
   186     27      1
   186    132      1
   186    196      1
   186    281      1
   187     52      1
   187    142      1
   187     41      1
   188     99      1
   188    130      1
   189      0      1
   189     45      1
   189     67      1
   189    241      1
   189    275      1
   190    177      1
   190    139      1
   190     53      1
   190    194      1
   191     66      1
   191     91      1
   191    110      1
   192     21      1
   192     40      1
   192    101      1
   192    210      1
   193     99      1
   193    144      1
   193    254      1
   194    132      1
   194    190      1
   195    159      1
   195     84      1
   195    205      1
   195    209      1
   196    146      1
   196    118      1
   196    186      1
   196    235      1
   197    145      1
   197    116      1
   198     68      1
   198     20      1
   199    129      1
   199     19      1
   199    115      1
   199    217      1
   199    226      1
   199    236      1
   200    110      1
   200     44      1
   200     10      1
   200    221      1
   201    153      1
   201     21      1
   201     47      1
   201    264      1
   201    298      1
   202      1      1
   202     55      1
   202    228      1
   203     99      1
   203    120      1
   204     91      1
   204     76      1
   204    246      1
   204    289      1
   205    129      1
   205    195      1
   205    115      1
   205    208      1
   205    213      1
   205    271      1
   206    118      1
   206    146      1
   207    142      1
   207    139      1
   208     29      1
   208    205      1
   209    126      1
   209    195      1
   209    263      1
   209    269      1
   210    192      1
   210     51      1
   211    137      1
   211     23      1
   212     54      1
   212    127      1
   212    234      1
   212    283      1
   213    205      1
   213     50      1
   214    159      1
   214    115      1
   214    223      1
   214    262      1
   215     23      1
   215    166      1
   216    146      1
   216    159      1
   216    230      1
   216    256      1
   217    199      1
   217    165      1
   217     15      1
   218    120      1
   218     16      1
   218     14      1
   219     98      1
   219     14      1
   219     76      1
   219    231      1
   220    182      1
   220    117      1
   220    249      1
   221    179      1
   221    200      1
   222     42      1
   222     31      1
   222    288      1
   223    214      1
   223     68      1
   223    108      1
   223    240      1
   224      2      1
   224     63      1
   225    146      1
   225     61      1
   225    252      1
   225    260      1
   225    277      1
   226      0      1
   226    199      1
   227    130      1
   227    176      1
   228    202      1
   228     60      1
   228    155      1
   229     52      1
   229    107      1
   230     53      1
   230    216      1
   230     10      1
   230    266      1
   231     54      1
   231    219      1
   231    242      1
   232    110      1
   232     80      1
   232    154      1
   232    239      1
   232    281      1
   233    165      1
   233     85      1
   233    249      1
   234    212      1
   234     17      1
   234    239      1
   235    196      1
   235    183      1
   236    199      1
   236    115      1
   236    259      1
   236    277      1
   237      3      1
   237     35      1
   237     97      1
   238     34      1
   238    133      1
   238    248      1
   239    232      1
   239    114      1
   239    234      1
   240    223      1
   240     18      1
   240    164      1
   240    245      1
   240    286      1
   240    292      1
   241     85      1
   241    189      1
   241      6      1
   241    264      1
   241    293      1
   242     84      1
   242    231      1
   243    149      1
   243    167      1
   243    269      1
   244     80      1
   244     77      1
   245    240      1
   245    117      1
   245     88      1
   246    204      1
   246    175      1
   246    178      1
   246    294      1
   247     56      1
   247     16      1
   248    238      1
   248      6      1
   249    233      1
   249    220      1
   250    114      1
   250      9      1
   251    182      1
   251    166      1
   251    265      1
   252     12      1
   252    225      1
   252     64      1
   253     11      1
   253      2      1
   253    168      1
   254    193      1
   254    123      1
   254     63      1
   255     95      1
   255    180      1
   256    108      1
   256    216      1
   256     82      1
   256    280      1
   257     16      1
   257     97      1
   258    111      1
   258    151      1
   259    139      1
   259    236      1
   259    265      1
   259    298      1
   260    129      1
   260    142      1
   260    225      1
   260    289      1
   261     30      1
   261    119      1
   262    214      1
   262     32      1
   262     84      1
   263    148      1
   263    209      1
   263     59      1
   264    241      1
   264    201      1
   264    149      1
   265    259      1
   265    143      1
   265    251      1
   266    230      1
   266    151      1
   267    136      1
   267    180      1
   268    153      1
   268    134      1
   268     54      1
   269    243      1
   269    209      1
   270     75      1
   270     72      1
   270     97      1
   271     70      1
   271    205      1
   271     11      1
   272     68      1
   272     78      1
   272    164      1
   272    290      1
   273     64      1
   273    104      1
   273     87      1
   274    154      1
   274     74      1
   275    103      1
   275    189      1
   276    185      1
   276    117      1
   276      0      1
   276    280      1
   277    236      1
   277     72      1
   277    225      1
   278    138      1
   278     89      1
   278    184      1
   279    147      1
   279     60      1
   280    139      1
   280    256      1
   280    276      1
   281    186      1
   281    232      1
   282    116      1
   282    165      1
   282    288      1
   283    212      1
   283     84      1
   283    131      1
   283    284      1
   284    123      1
   284    283      1
   284     94      1
   285    121      1
   285     42      1
   285    153      1
   285    286      1
   285    297      1
   286    156      1
   286    240      1
   286    285      1
   287     95      1
   287    106      1
   287    108      1
   288     62      1
   288    282      1
   288    222      1
   289    260      1
   289    179      1
   289    204      1
   290    272      1
   290    121      1
   290    143      1
   291    137      1
   291     79      1
   292    127      1
   292    240      1
   293    241      1
   293    102      1
   293     73      1
   294    177      1
   294     87      1
   294    246      1
   295     67      1
   295    177      1
   295    156      1
   296    164      1
   296     41      1
   296     38      1
   297    285      1
   297     41      1
   297    180      1
   298     87      1
   298    259      1
   298    201      1
   299     21      1
   299    149      1
   299     64      1
