COORD_X_Y 500
  1.20819   2.20984
 0.296156   2.07705
  2.16911  0.361154
   2.8753   1.37794
  2.10667   2.75525
  2.59569   2.27277
  0.73098     2.478
  2.47456  0.724177
  2.47591  0.973192
  1.26762   2.74905
  1.26716   1.71613
 0.743552   1.61027
 0.941799   2.69813
  1.18692   2.09868
  1.59906  0.967664
 0.962662   2.75637
 0.625859   0.21064
   1.7798  0.330207
   1.0699   1.18943
  2.14041   1.66367
 0.165213    1.6197
   1.3327   1.27003
 0.295067   1.00538
  2.92953    1.6963
   1.4913  0.448873
 0.866635   1.31807
  2.82542   2.74998
  2.30719 0.0480397
 0.775455   2.82453
 0.386123   2.03991
  1.33226   2.93892
  2.80703   2.81718
  1.54216   2.56944
 0.045136   1.34533
  1.39501  0.836386
  1.50897    1.1746
  2.55217   1.39258
   2.0937  0.619479
  2.47779  0.687743
  1.19362  0.583157
 0.770984   2.14458
0.0401106   1.68668
  2.58523   2.13732
 0.407487  0.378629
  1.31105  0.897942
  1.20371    2.8307
  1.07582   1.96631
0.0233702 0.00521918
 0.702068   1.61047
 0.639715    2.1773
  0.82021   1.31915
  2.62653   1.18735
  2.46899  0.342327
  1.60271   2.35418
  1.69147  0.947969
  2.86996   2.50919
 0.102989   1.31421
  1.41682   1.96765
  1.80612  0.464724
  2.98457  0.370232
  1.73737  0.126253
  1.88558   1.01861
 0.800932   1.29189
  1.91977   2.24293
  2.92075   2.76546
0.0486499  0.574598
  1.01991  0.287425
 0.691396   2.45805
  1.37021   1.76884
  2.06473  0.832854
  2.75404   2.53656
  1.92584   2.69657
 0.336632   1.18416
 0.195142  0.240054
  1.79808   2.21954
  1.18514   2.91824
  2.26188   2.81115
 0.474542   1.19228
 0.768751   1.90239
 0.508334   2.54118
  2.06099  0.230247
 0.484096  0.471181
  1.99778   2.77165
   2.3683   2.73827
 0.376976  0.956791
  2.19342    1.0801
 0.877914   1.65676
  1.58145   2.23121
  2.92327   1.89856
  1.93176   2.68954
  2.06046   1.11246
 0.151087   2.05894
 0.400142  0.379582
 0.164798   1.55573
  1.44217  0.428959
 0.410422  0.666049
 0.121633  0.741058
  1.93436   1.98294
  2.89179   1.42357
  2.94612   2.57095
  1.49824  0.939829
 0.410208  0.705745
  1.70805   2.87599
 0.794875   1.45216
  2.10665  0.969903
  2.62382   2.03582
  1.04824    2.5585
  2.94191   1.34063
0.0799709  0.103176
 0.776022  0.342555
  2.94362  0.602545
  2.76059   1.65501
  2.24793  0.908248
  1.57775   1.38737
  1.40347   2.62036
  2.07531   2.78552
  0.24145   2.64546
 0.697613   1.50154
  2.20656   2.37973
 0.158799  0.834393
  1.65965   2.27848
  2.68671    2.8634
 0.611722   2.43556
  2.44475   1.84232
  1.10976   2.70367
 0.475795   2.44861
 0.309302  0.649511
  2.86309  0.874832
 0.226545   1.76015
  1.81917   1.00344
   2.1073  0.117924
  2.66007   2.23824
  2.44802  0.577208
  1.14712   2.60617
  1.85417  0.924525
  1.73959      1.24
  2.95267   2.87939
   2.6237  0.202732
  0.32182   1.28305
 0.280897   2.75172
   2.4632  0.652729
  2.35474   1.06675
  2.51458   1.92617
  1.79063    2.2203
  2.16633   1.51514
  1.98252   1.52102
0.0385312   1.28622
  1.32536   1.04834
  2.36686   1.39889
  2.95997  0.930518
  2.45691  0.728726
  2.02287   2.99084
  2.04872   1.97921
  1.22385   2.33557
  1.30431   1.58181
  1.65973  0.418231
 0.331229   2.74819
  2.28275   1.76576
   2.5354   1.98719
  1.44351   2.74746
    2.484   0.52346
  1.22691   2.97024
 0.480821  0.160883
  2.18221   2.16714
  2.39623   2.80465
  1.59404  0.418636
0.0648884   2.68771
 0.383852 0.000626392
 0.161845   2.57572
  2.38312   2.91997
  1.09802   1.00449
  1.65997   2.79368
  2.08696   1.73518
 0.168728  0.810452
  1.55964   2.74202
  2.93334  0.811349
  1.26673  0.483936
  2.93303   2.51378
  1.48475   1.31128
   1.6899  0.200916
  2.70328   2.45786
0.0899075   1.10562
  0.76648   1.59304
  1.59028  0.795003
  1.79145  0.506854
 0.682843   1.75552
  1.53891   1.31232
  1.17175 0.00566358
  2.44932   2.74703
  1.73184   2.18878
  1.70029  0.198137
  2.18621   2.14758
  0.27208   2.70214
  1.67507   2.12252
  1.52446  0.442789
  2.94807   2.57124
 0.911977   2.93662
  1.17093   1.14213
 0.907224  0.161796
 0.333411   2.07109
  1.96381   1.56041
 0.230898  0.852869
  1.11777  0.451569
  1.74411   1.46323
  2.34108  0.299902
  1.52525   1.38324
  1.78231  0.525912
  2.85441  0.721209
  2.37024   1.45711
  1.96456  0.356497
  1.60564   1.14816
 0.830876   1.00583
  2.01124   1.68397
  1.74777   2.96897
  1.61225    2.6458
  2.09189   2.28488
  2.64863   2.06327
  2.05197   1.69551
 0.227831   2.00736
  1.45505   2.23067
  2.31893   1.00278
 0.981852   1.59678
  1.46663   1.06075
  1.60958 0.0206437
  1.08763  0.871396
  2.50368   1.79721
  1.41057  0.790215
  2.81776  0.331903
  2.93552   2.20339
  2.30643  0.511471
  2.04275   1.33157
  2.91786  0.910546
  1.43612   0.14509
  1.34884  0.671307
  1.74688   1.62503
   1.4824   2.70133
 0.291613    2.3353
   1.7049   1.37109
 0.418996  0.399985
  0.05487  0.342344
0.0924727   1.43079
  2.42974  0.200729
 0.563622   1.74125
  1.78269   2.46395
  2.34731  0.672342
 0.646021   1.79987
  2.74609   1.40187
  1.51038   2.29195
  1.23165   1.04417
  1.82485     1.838
  1.07066    2.4345
  2.02184   2.92765
   1.6977   2.42137
  1.64343  0.408735
  1.42109  0.190481
  1.55482   2.53433
  1.20518   1.44787
 0.823397    2.4185
  1.86513    1.7474
  2.75144   2.25613
 0.275052  0.792856
  2.89874  0.307999
0.0121979    1.2513
  1.98092  0.353498
  2.36412   1.21613
  1.08723   2.08158
 0.487627  0.839331
  1.50404  0.688207
  1.77296   1.69757
  1.68265   1.99154
 0.504048   1.26187
  1.02847   2.67106
  1.41674   2.58011
  1.52182   2.45633
  1.49067   1.24852
  2.39112    2.7738
  1.41779  0.835789
  2.47694   1.79529
0.0701652   2.46595
 0.672539   1.49122
0.0242066  0.593243
 0.733027   2.55548
  2.34523   1.21841
 0.740722  0.900433
  1.46358   2.25895
 0.563548   1.92151
 0.111412  0.732345
 0.524477  0.873225
 0.294906   2.09471
 0.516039   2.25163
 0.454188   2.59762
 0.462252   2.35342
  2.23427   1.86635
  2.66661   1.43153
  2.17533  0.561977
  1.38745   2.24849
  2.90167  0.710287
  1.99339   2.27898
  2.43196   1.64249
 0.374646   1.82005
  2.60828   1.40674
  1.47426   2.05292
  2.00215   1.34939
   2.0501 0.0719528
  1.94108   2.36948
  2.74416  0.382054
  1.52505  0.070332
  1.02045  0.508618
 0.576777   1.90362
  2.75363   1.70063
  2.57143   1.14538
 0.647909  0.573302
  1.99957   2.52347
 0.591238   2.91985
  2.93006   1.01599
  0.88056   1.57924
  2.43996   1.50838
   1.4394   2.94937
  2.25904   1.63237
  2.31208   1.49594
  2.14845 0.0553877
 0.924921   2.85598
  2.96542   1.80549
  2.39658   1.30332
 0.867592   1.03013
   1.0207  0.317822
  2.07426  0.186685
 0.155855  0.698003
  2.70202   2.04399
 0.728629   2.48193
 0.771937   2.54003
  2.67216   2.00505
 0.655045  0.846738
   2.0147   0.95549
  2.11475    1.4753
   2.8248   2.57491
 0.926698   2.15376
  2.51887   1.34938
  1.92311  0.459316
  2.73276  0.135019
 0.499558   1.06355
 0.146317  0.603211
  2.16122   1.53167
  2.25182  0.512833
  1.72547   2.83385
  1.30229   2.53514
  1.07263   2.82068
  2.45882   1.19319
  1.93745   2.47263
 0.275788   1.34483
  2.15436   1.42302
  2.98307    1.5847
  2.60245  0.952873
  2.60177   1.13014
  2.48247  0.479797
  1.90651   0.89967
 0.929737   2.92773
  1.44815  0.642531
 0.149058 0.00869581
0.00139946   2.84067
0.0119483   1.50858
 0.281549   2.28813
  1.58954  0.705303
 0.440916   1.34001
  2.97728   2.57618
  2.54031   1.02794
  2.28426  0.821492
  1.63004    1.8895
 0.455696  0.255706
  1.03681   1.50126
  2.31176   1.12241
 0.811535   2.12333
 0.730169   1.21424
 0.918216   0.95984
  2.27882   2.48813
  0.44349   1.55084
  2.77572   1.63643
  1.35038   1.43889
  2.34425   2.41481
 0.023727    1.9446
  1.23765  0.024371
 0.401025   1.35834
  1.76554  0.588699
   1.2241   0.10822
  2.94608   2.81237
  1.88234    2.9586
  2.81257   1.38238
 0.911548   2.59019
  1.48583  0.305056
 0.598771   1.56669
  2.50986   1.57335
  1.29493   1.73379
 0.426222  0.537473
  1.79742   2.53516
  1.86948   1.44628
 0.244525   1.93022
  1.65103    2.6172
 0.898667   1.61412
 0.339287   2.14249
 0.869035   1.87523
  1.42244   0.60382
  2.90877   1.82985
  2.05652  0.559278
   2.3126   1.03139
 0.724773   2.21343
  2.83249   1.03197
  1.01501   2.80599
  2.05074  0.179301
 0.093929   2.69304
   1.9221  0.780955
  2.79901   1.27966
  2.82973   2.07524
  2.95965  0.177946
 0.116214  0.963919
 0.384367   1.01527
  2.45114   1.90828
 0.977689  0.547771
 0.124199  0.878407
  2.66896   2.03483
 0.469128    1.0532
  2.39874   2.22092
  2.44105   1.64617
 0.954756  0.260525
  1.85601  0.950965
 0.770117   1.73349
  2.82746   1.81753
  1.76996  0.995115
 0.962423  0.667871
 0.279455   2.87611
0.0736363  0.545931
  2.18373   1.43429
 0.975259  0.873434
  2.88399   2.63969
  2.21881  0.207874
  2.30957   1.22787
   2.2513   2.63316
  2.78453   1.25126
0.0315574   1.88656
 0.603652   2.25502
   2.7061   1.32429
  2.73538  0.301543
   2.4212   1.94296
 0.712406   1.00277
  2.06657   1.49446
 0.145196   2.70927
  2.54292  0.392039
  2.91668  0.725485
  1.77552   1.21287
  1.01375   1.46508
  2.02383  0.165714
  1.57887  0.699943
  1.80441   2.49654
 0.940133   1.12635
  2.80164   0.62963
  2.16545   1.34109
  2.40489  0.451864
  1.06838  0.853579
 0.324991   1.82844
  1.18777   1.54931
 0.722793   2.94178
  1.25166   2.14598
 0.586528   2.77161
  2.13073   1.69295
  1.66667  0.954249
  1.06176   1.82725
  2.82712  0.290621
  1.18408   2.00707
  0.88578  0.569804
  1.01699   2.19074
   2.4914    2.3555
  2.07505   1.15774
  1.19327  0.476771
 0.919815   1.64179
 0.959723  0.761829
 0.772342   1.05069
  2.71775  0.795562
  1.33627   0.33826
 0.948647   2.44979
 0.742212  0.765425
 0.719517   2.19052
 0.546221   1.38627
  1.76472   1.64975
    1.917   1.19519
 0.320926  0.369495
 0.977046   2.48487
 0.401514   1.94939
  2.54219 0.0792098
  1.95702  0.901042
  2.10204   1.00918
   1.4354   2.40383
  1.35937  0.987154
  1.58976  0.337494
0.0644035  0.492501
  2.75703  0.609643
  1.15672   2.56093
  1.95858   2.61697
  2.74928   1.92739
  2.28508  0.537084
  2.93023   1.32475
  2.88089   2.08679
LINKS_SOURCE_DESTINATION_DISTANCE 2524
     0      1      1
     0      3      1
     0      4      1
     0      5      1
     0      7      1
     0      9      1
     0     12      1
     0     20      1
     0     25      1
     0     55      1
     0     82      1
     0    108      1
     0    269      1
     0    302      1
     0    354      1
     0    423      1
     1      0      1
     1      2      1
     1      8      1
     1     16      1
     1     21      1
     1     28      1
     1     98      1
     1    103      1
     1    217      1
     1    345      1
     1    364      1
     1    388      1
     1    498      1
     2      1      1
     2      5      1
     2      6      1
     2     10      1
     2     12      1
     2     13      1
     2     16      1
     2     24      1
     2     28      1
     2     37      1
     2     40      1
     2     72      1
     2    107      1
     2    175      1
     2    176      1
     2    192      1
     2    197      1
     2    224      1
     2    240      1
     2    396      1
     3      0      1
     3      4      1
     3      6      1
     3      7      1
     3      8      1
     3     13      1
     3     18      1
     3     23      1
     3     27      1
     3     39      1
     3     50      1
     3     71      1
     3    102      1
     3    260      1
     3    276      1
     3    288      1
     3    411      1
     4      0      1
     4      3      1
     4      5      1
     4      6      1
     4      9      1
     4     11      1
     4     13      1
     4     15      1
     4     28      1
     4     30      1
     4     89      1
     4    102      1
     4    281      1
     4    331      1
     5      0      1
     5      4      1
     5      2      1
     5      8      1
     5     14      1
     5     17      1
     5     22      1
     5     31      1
     5     34      1
     5     43      1
     5     49      1
     5     70      1
     5    110      1
     5    174      1
     6      3      1
     6      4      1
     6      2      1
     6     10      1
     6     18      1
     6     30      1
     6     39      1
     6     53      1
     6     76      1
     6     80      1
     6     88      1
     6     97      1
     6    161      1
     6    162      1
     6    326      1
     6    480      1
     7      3      1
     7      0      1
     7      9      1
     7     21      1
     7     31      1
     7     95      1
     7    125      1
     7    137      1
     7    139      1
     7    353      1
     8      5      1
     8      1      1
     8      3      1
     8     11      1
     8     17      1
     8     18      1
     8     35      1
     8     59      1
     8     82      1
     8     84      1
     8    169      1
     8    247      1
     8    415      1
     9      0      1
     9      7      1
     9      4      1
     9     19      1
     9     20      1
     9     61      1
     9    120      1
     9    140      1
     9    202      1
    10      2      1
    10      6      1
    10     17      1
    10     35      1
    10     68      1
    10     79      1
    10    134      1
    10    231      1
    10    350      1
    10    451      1
    11      8      1
    11      4      1
    11     12      1
    11     45      1
    11     67      1
    11    166      1
    11    206      1
    11    311      1
    11    361      1
    12     11      1
    12      2      1
    12      0      1
    12     14      1
    12     16      1
    12     26      1
    12     29      1
    12     89      1
    12     94      1
    12    125      1
    13      4      1
    13      2      1
    13      3      1
    13     15      1
    13     27      1
    13     29      1
    13     31      1
    13     48      1
    13     56      1
    13     70      1
    13     76      1
    13     88      1
    13    126      1
    13    362      1
    14      5      1
    14     12      1
    14     25      1
    14     36      1
    14     37      1
    14    273      1
    14    490      1
    15      4      1
    15     13      1
    15     23      1
    15     44      1
    15     64      1
    15     98      1
    15    181      1
    15    184      1
    15    191      1
    15    218      1
    16      1      1
    16      2      1
    16     12      1
    16     24      1
    16     40      1
    16     54      1
    16    120      1
    16    142      1
    16    377      1
    17      8      1
    17      5      1
    17     10      1
    17     19      1
    17     22      1
    17     69      1
    17     83      1
    17     90      1
    17    117      1
    17    194      1
    17    238      1
    17    274      1
    18      8      1
    18      6      1
    18      3      1
    18     20      1
    18     46      1
    18     63      1
    18    118      1
    18    157      1
    18    164      1
    18    440      1
    19      9      1
    19     17      1
    19     24      1
    19     51      1
    19     60      1
    19     81      1
    19     83      1
    19    101      1
    19    147      1
    19    457      1
    20      0      1
    20      9      1
    20     18      1
    20     22      1
    20     26      1
    20     41      1
    20     54      1
    20     59      1
    20     63      1
    20     88      1
    20    284      1
    20    406      1
    21      7      1
    21      1      1
    21     29      1
    21     38      1
    21     50      1
    21     92      1
    21    129      1
    21    164      1
    21    176      1
    21    193      1
    22     17      1
    22     20      1
    22      5      1
    22     32      1
    22     43      1
    22     47      1
    22     56      1
    22     72      1
    22    305      1
    22    323      1
    22    335      1
    23      3      1
    23     15      1
    23     33      1
    23     44      1
    23     81      1
    23     99      1
    23    189      1
    23    244      1
    23    337      1
    23    370      1
    24     16      1
    24      2      1
    24     19      1
    24     25      1
    24     84      1
    24     92      1
    24     94      1
    24    114      1
    24    169      1
    24    183      1
    24    276      1
    25     14      1
    25     24      1
    25      0      1
    25     38      1
    25     63      1
    25     97      1
    25    111      1
    25    325      1
    25    480      1
    26     20      1
    26     12      1
    26     27      1
    26     34      1
    26     65      1
    26     75      1
    26     85      1
    26    142      1
    26    156      1
    26    178      1
    26    287      1
    27      3      1
    27     26      1
    27     13      1
    27     33      1
    27     37      1
    27    106      1
    27    127      1
    27    166      1
    27    193      1
    27    315      1
    28      1      1
    28      4      1
    28      2      1
    28     58      1
    28     68      1
    28     70      1
    28     96      1
    28    100      1
    28    116      1
    28    118      1
    28    303      1
    28    459      1
    29     21      1
    29     13      1
    29     12      1
    29     34      1
    29     35      1
    29     36      1
    29     42      1
    29     48      1
    29     52      1
    29     83      1
    29    189      1
    29    209      1
    29    334      1
    30      6      1
    30      4      1
    30     32      1
    30     41      1
    30     47      1
    30     52      1
    30     55      1
    30     61      1
    30     62      1
    30     75      1
    30    181      1
    30    200      1
    30    452      1
    31     13      1
    31      7      1
    31      5      1
    31     32      1
    31     45      1
    31     57      1
    31     91      1
    31    129      1
    32     22      1
    32     30      1
    32     31      1
    32     74      1
    32     75      1
    32    113      1
    32    149      1
    32    343      1
    32    433      1
    33     27      1
    33     23      1
    33     80      1
    33     90      1
    33    283      1
    33    351      1
    33    356      1
    33    373      1
    33    388      1
    33    390      1
    34      5      1
    34     26      1
    34     29      1
    34     44      1
    34     55      1
    34     93      1
    34     97      1
    34    259      1
    35     29      1
    35      8      1
    35     10      1
    35     49      1
    35    148      1
    35    237      1
    35    382      1
    36     14      1
    36     29      1
    36    174      1
    36    319      1
    36    433      1
    37      2      1
    37     27      1
    37     14      1
    37    105      1
    37    117      1
    37    118      1
    37    123      1
    37    177      1
    37    195      1
    37    220      1
    37    322      1
    37    339      1
    38     21      1
    38     25      1
    38     42      1
    38    132      1
    38    175      1
    38    275      1
    39      6      1
    39      3      1
    39     43      1
    39     46      1
    39     66      1
    39    116      1
    39    171      1
    39    235      1
    39    239      1
    40     16      1
    40      2      1
    40     41      1
    40     65      1
    40     77      1
    40     78      1
    40     87      1
    40    124      1
    40    140      1
    40    193      1
    40    240      1
    40    334      1
    40    344      1
    40    381      1
    40    383      1
    41     30      1
    41     40      1
    41     20      1
    41     60      1
    41     69      1
    41     81      1
    41    136      1
    41    270      1
    42     38      1
    42     29      1
    42     57      1
    42     66      1
    42    138      1
    42    153      1
    42    156      1
    42    177      1
    42    199      1
    42    215      1
    42    258      1
    43      5      1
    43     39      1
    43     22      1
    43     64      1
    43     84      1
    43    151      1
    43    279      1
    43    319      1
    44     34      1
    44     15      1
    44     23      1
    44     45      1
    44    108      1
    44    158      1
    45     11      1
    45     44      1
    45     31      1
    45     51      1
    45     54      1
    45     58      1
    45     93      1
    45    101      1
    45    127      1
    45    226      1
    46     18      1
    46     39      1
    46    159      1
    46    342      1
    46    371      1
    47     22      1
    47     30      1
    47     98      1
    47    125      1
    47    163      1
    48     29      1
    48     13      1
    48     66      1
    48     69      1
    48     73      1
    48    106      1
    48    144      1
    48    218      1
    48    246      1
    48    301      1
    48    304      1
    48    414      1
    48    416      1
    49      5      1
    49     35      1
    49    123      1
    49    168      1
    49    214      1
    49    228      1
    49    396      1
    49    432      1
    50      3      1
    50     21      1
    50     73      1
    50    157      1
    50    180      1
    50    255      1
    51     19      1
    51     45      1
    51     79      1
    51    117      1
    51    150      1
    51    233      1
    51    360      1
    51    382      1
    52     29      1
    52     30      1
    52     53      1
    52    113      1
    52    341      1
    53     52      1
    53      6      1
    53     57      1
    53     60      1
    53    109      1
    53    170      1
    53    208      1
    53    413      1
    54     16      1
    54     20      1
    54     45      1
    54     71      1
    54     74      1
    54     77      1
    54    172      1
    54    185      1
    54    203      1
    54    264      1
    54    272      1
    55     30      1
    55     34      1
    55      0      1
    55     61      1
    55    103      1
    55    104      1
    55    119      1
    55    293      1
    56     13      1
    56     22      1
    56     59      1
    56     78      1
    56    103      1
    56    140      1
    56    205      1
    56    256      1
    56    420      1
    57     42      1
    57     53      1
    57     31      1
    57     67      1
    57     73      1
    57    110      1
    57    132      1
    57    145      1
    57    212      1
    57    278      1
    58     28      1
    58     45      1
    58     91      1
    58    112      1
    58    126      1
    58    188      1
    58    196      1
    58    225      1
    58    284      1
    58    361      1
    58    495      1
    59      8      1
    59     56      1
    59     20      1
    59     62      1
    59     74      1
    59    111      1
    59    141      1
    59    165      1
    59    167      1
    59    222      1
    59    289      1
    59    351      1
    59    437      1
    59    484      1
    60     19      1
    60     53      1
    60     41      1
    60     86      1
    60    124      1
    60    333      1
    60    408      1
    60    471      1
    61     30      1
    61     55      1
    61      9      1
    61     72      1
    61    131      1
    61    187      1
    61    258      1
    62     30      1
    62     59      1
    62    168      1
    62    174      1
    62    237      1
    62    348      1
    62    400      1
    62    489      1
    63     20      1
    63     25      1
    63     18      1
    63     90      1
    63    233      1
    63    245      1
    63    449      1
    64     15      1
    64     43      1
    64    129      1
    64    136      1
    64    147      1
    65     26      1
    65     40      1
    65     67      1
    65    155      1
    65    324      1
    65    434      1
    66     42      1
    66     48      1
    66     39      1
    66     93      1
    66    119      1
    66    142      1
    66    246      1
    67     11      1
    67     65      1
    67     57      1
    67    102      1
    67    143      1
    67    166      1
    67    249      1
    67    369      1
    68     10      1
    68     28      1
    68     86      1
    68    130      1
    68    231      1
    68    241      1
    69     48      1
    69     17      1
    69     41      1
    69    110      1
    69    148      1
    69    199      1
    69    257      1
    69    374      1
    70      5      1
    70     13      1
    70     28      1
    70    141      1
    70    155      1
    70    237      1
    70    352      1
    70    472      1
    70    477      1
    71      3      1
    71     54      1
    71    154      1
    71    180      1
    71    465      1
    72      2      1
    72     61      1
    72     22      1
    72     85      1
    72    136      1
    72    185      1
    72    416      1
    73     50      1
    73     48      1
    73     57      1
    73     77      1
    73    105      1
    73    123      1
    73    139      1
    73    151      1
    73    181      1
    73    277      1
    73    278      1
    73    393      1
    73    474      1
    74     59      1
    74     32      1
    74     54      1
    74     76      1
    74     96      1
    74    107      1
    74    154      1
    74    230      1
    74    283      1
    74    462      1
    75     30      1
    75     32      1
    75     26      1
    75    158      1
    75    232      1
    75    235      1
    75    301      1
    75    389      1
    75    429      1
    75    445      1
    75    458      1
    76      6      1
    76     74      1
    76     13      1
    76    265      1
    76    369      1
    76    469      1
    77     40      1
    77     54      1
    77     73      1
    77     87      1
    77    216      1
    77    272      1
    77    450      1
    78     56      1
    78     40      1
    78     80      1
    78     96      1
    78    165      1
    78    217      1
    78    399      1
    79     10      1
    79     51      1
    79     91      1
    79    112      1
    79    114      1
    79    195      1
    79    232      1
    79    288      1
    80     33      1
    80     78      1
    80      6      1
    80    259      1
    80    475      1
    81     23      1
    81     19      1
    81     41      1
    81    133      1
    81    178      1
    81    201      1
    82      8      1
    82      0      1
    82    115      1
    82    119      1
    82    204      1
    82    216      1
    82    244      1
    82    324      1
    82    367      1
    82    368      1
    82    466      1
    83     29      1
    83     19      1
    83     17      1
    83     95      1
    83     99      1
    83    114      1
    83    150      1
    83    180      1
    83    347      1
    84      8      1
    84     24      1
    84     43      1
    84    100      1
    84    155      1
    84    257      1
    84    384      1
    84    489      1
    85     72      1
    85     26      1
    85    109      1
    85    122      1
    85    137      1
    85    178      1
    85    260      1
    85    350      1
    85    426      1
    86     68      1
    86     60      1
    86    108      1
    86    141      1
    86    161      1
    86    167      1
    86    226      1
    86    287      1
    87     40      1
    87     77      1
    87    121      1
    87    160      1
    87    282      1
    87    393      1
    88     20      1
    88      6      1
    88     13      1
    88    176      1
    88    317      1
    89      4      1
    89     12      1
    89    267      1
    89    295      1
    89    332      1
    90     33      1
    90     17      1
    90     63      1
    90    256      1
    91     31      1
    91     58      1
    91     79      1
    91    309      1
    91    339      1
    91    465      1
    92     24      1
    92     21      1
    92    135      1
    92    145      1
    92    149      1
    92    186      1
    92    297      1
    93     34      1
    93     66      1
    93     45      1
    93    105      1
    93    209      1
    93    274      1
    94     12      1
    94     24      1
    94    126      1
    94    346      1
    95     83      1
    95      7      1
    95    107      1
    95    157      1
    95    167      1
    95    188      1
    95    236      1
    95    365      1
    95    366      1
    95    447      1
    96     74      1
    96     28      1
    96     78      1
    96    131      1
    96    172      1
    96    192      1
    96    279      1
    96    331      1
    96    434      1
    96    484      1
    96    490      1
    97     34      1
    97     25      1
    97      6      1
    97    106      1
    97    185      1
    97    210      1
    97    222      1
    97    378      1
    97    488      1
    98     15      1
    98      1      1
    98     47      1
    98    104      1
    98    161      1
    98    162      1
    98    163      1
    98    171      1
    98    269      1
    98    385      1
    98    472      1
    99     83      1
    99     23      1
    99    104      1
    99    134      1
    99    443      1
   100     84      1
   100     28      1
   100    132      1
   100    144      1
   100    195      1
   100    222      1
   101     45      1
   101     19      1
   101    111      1
   101    336      1
   102      3      1
   102     67      1
   102      4      1
   102    143      1
   102    494      1
   103     55      1
   103      1      1
   103     56      1
   103    115      1
   104     98      1
   104     55      1
   104     99      1
   104    134      1
   104    138      1
   104    182      1
   104    239      1
   104    298      1
   104    338      1
   104    458      1
   104    473      1
   104    488      1
   105     93      1
   105     73      1
   105     37      1
   105    148      1
   105    262      1
   105    376      1
   106     27      1
   106     48      1
   106     97      1
   106    130      1
   106    152      1
   106    316      1
   106    388      1
   106    389      1
   106    481      1
   106    493      1
   107     95      1
   107      2      1
   107     74      1
   107    144      1
   107    173      1
   107    194      1
   107    234      1
   107    242      1
   108      0      1
   108     86      1
   108     44      1
   108    219      1
   108    230      1
   108    297      1
   108    327      1
   108    409      1
   109     85      1
   109     53      1
   109    127      1
   109    128      1
   109    296      1
   109    328      1
   109    395      1
   110     57      1
   110     69      1
   110      5      1
   110    203      1
   110    227      1
   110    463      1
   111     59      1
   111    101      1
   111     25      1
   111    225      1
   111    318      1
   112     79      1
   112     58      1
   112    227      1
   112    434      1
   113     32      1
   113     52      1
   113    128      1
   113    207      1
   113    253      1
   113    336      1
   113    373      1
   114     83      1
   114     79      1
   114     24      1
   114    243      1
   114    252      1
   114    254      1
   114    278      1
   114    394      1
   115    103      1
   115     82      1
   115    131      1
   115    179      1
   116     39      1
   116     28      1
   116    213      1
   116    251      1
   116    294      1
   116    321      1
   117     17      1
   117     37      1
   117     51      1
   117    251      1
   117    292      1
   118     37      1
   118     28      1
   118     18      1
   118    402      1
   119     66      1
   119     55      1
   119     82      1
   119    255      1
   119    398      1
   120     16      1
   120      9      1
   120    121      1
   120    197      1
   120    252      1
   120    305      1
   120    338      1
   120    404      1
   121     87      1
   121    120      1
   121    122      1
   121    124      1
   121    450      1
   121    482      1
   122    121      1
   122     85      1
   122    135      1
   122    224      1
   122    254      1
   122    380      1
   123     49      1
   123     73      1
   123     37      1
   123    138      1
   123    182      1
   123    348      1
   123    390      1
   123    401      1
   124    121      1
   124     40      1
   124     60      1
   124    263      1
   124    418      1
   124    454      1
   125      7      1
   125     47      1
   125     12      1
   125    146      1
   125    208      1
   125    292      1
   125    330      1
   126     58      1
   126     94      1
   126     13      1
   126    139      1
   126    432      1
   127    109      1
   127     45      1
   127     27      1
   127    149      1
   127    158      1
   127    291      1
   128    113      1
   128    109      1
   128    357      1
   128    467      1
   128    488      1
   129     64      1
   129     21      1
   129     31      1
   129    323      1
   129    468      1
   130    106      1
   130     68      1
   130    280      1
   130    294      1
   130    384      1
   130    395      1
   131    115      1
   131     61      1
   131     96      1
   131    133      1
   132     57      1
   132    100      1
   132     38      1
   132    159      1
   133     81      1
   133    131      1
   133    187      1
   133    214      1
   133    223      1
   133    349      1
   134     10      1
   134     99      1
   134    104      1
   134    146      1
   134    173      1
   134    410      1
   135     92      1
   135    122      1
   135    182      1
   135    204      1
   135    367      1
   136     72      1
   136     64      1
   136     41      1
   136    183      1
   136    397      1
   136    442      1
   137     85      1
   137      7      1
   137    170      1
   137    188      1
   137    212      1
   137    321      1
   138    104      1
   138    123      1
   138     42      1
   138    160      1
   138    254      1
   139      7      1
   139     73      1
   139    126      1
   139    337      1
   139    413      1
   139    427      1
   140      9      1
   140     56      1
   140     40      1
   140    153      1
   140    206      1
   140    286      1
   141     86      1
   141     70      1
   141     59      1
   141    485      1
   142     66      1
   142     16      1
   142     26      1
   142    221      1
   142    266      1
   143    102      1
   143     67      1
   143    198      1
   143    204      1
   143    326      1
   144    107      1
   144     48      1
   144    100      1
   144    146      1
   144    330      1
   145     57      1
   145     92      1
   145    152      1
   145    190      1
   146    144      1
   146    134      1
   146    125      1
   146    190      1
   146    220      1
   146    407      1
   146    438      1
   147     64      1
   147     19      1
   147    165      1
   147    210      1
   147    255      1
   147    365      1
   147    421      1
   148    105      1
   148     35      1
   148     69      1
   148    216      1
   148    266      1
   149     32      1
   149     92      1
   149    127      1
   149    198      1
   149    250      1
   149    414      1
   149    457      1
   150     83      1
   150     51      1
   150    375      1
   150    385      1
   151     73      1
   151     43      1
   151    179      1
   151    243      1
   151    248      1
   151    302      1
   151    353      1
   151    471      1
   152    106      1
   152    145      1
   152    404      1
   153     42      1
   153    140      1
   153    221      1
   153    343      1
   154     74      1
   154     71      1
   155     70      1
   155     84      1
   155     65      1
   156     26      1
   156     42      1
   156    201      1
   156    213      1
   157     18      1
   157     95      1
   157     50      1
   157    184      1
   157    233      1
   157    290      1
   157    468      1
   158     44      1
   158     75      1
   158    127      1
   158    277      1
   158    307      1
   159    132      1
   159     46      1
   159    218      1
   160    138      1
   160     87      1
   160    211      1
   160    402      1
   161     86      1
   161     98      1
   161      6      1
   161    221      1
   161    238      1
   161    286      1
   161    426      1
   161    431      1
   162      6      1
   162     98      1
   162    164      1
   162    184      1
   162    200      1
   162    228      1
   162    275      1
   162    304      1
   162    463      1
   163     47      1
   163     98      1
   163    281      1
   163    386      1
   163    464      1
   164    162      1
   164     21      1
   164     18      1
   164    205      1
   164    466      1
   165    147      1
   165     78      1
   165     59      1
   165    330      1
   166     11      1
   166     27      1
   166     67      1
   166    183      1
   166    412      1
   167     95      1
   167     86      1
   167     59      1
   167    190      1
   167    371      1
   168     49      1
   168     62      1
   168    363      1
   169      8      1
   169     24      1
   169    179      1
   170    137      1
   170     53      1
   170    186      1
   170    209      1
   170    231      1
   170    271      1
   170    275      1
   170    322      1
   170    345      1
   171     39      1
   171     98      1
   171    293      1
   171    346      1
   172     96      1
   172     54      1
   172    210      1
   172    223      1
   172    241      1
   172    270      1
   172    346      1
   172    400      1
   173    134      1
   173    107      1
   173    226      1
   173    229      1
   173    349      1
   173    355      1
   173    372      1
   174     62      1
   174      5      1
   174     36      1
   174    281      1
   174    299      1
   175     38      1
   175      2      1
   175    186      1
   175    318      1
   175    364      1
   175    417      1
   176      2      1
   176     88      1
   176     21      1
   176    199      1
   176    201      1
   176    311      1
   176    315      1
   177     37      1
   177     42      1
   177    261      1
   177    491      1
   178     85      1
   178     26      1
   178     81      1
   178    191      1
   179    169      1
   179    151      1
   179    115      1
   179    307      1
   179    495      1
   180     71      1
   180     50      1
   180     83      1
   180    220      1
   180    403      1
   181     30      1
   181     15      1
   181     73      1
   181    285      1
   181    313      1
   181    407      1
   181    428      1
   182    104      1
   182    123      1
   182    135      1
   182    327      1
   183    136      1
   183    166      1
   183     24      1
   183    325      1
   184    157      1
   184     15      1
   184    162      1
   184    383      1
   184    400      1
   185     97      1
   185     72      1
   185     54      1
   185    260      1
   185    335      1
   185    438      1
   185    445      1
   186     92      1
   186    175      1
   186    170      1
   186    202      1
   186    253      1
   186    322      1
   187     61      1
   187    133      1
   187    423      1
   188     58      1
   188     95      1
   188    137      1
   188    196      1
   188    235      1
   188    381      1
   189     23      1
   189     29      1
   189    271      1
   189    287      1
   189    308      1
   189    422      1
   190    146      1
   190    167      1
   190    145      1
   190    242      1
   190    258      1
   190    267      1
   191    178      1
   191     15      1
   191    268      1
   191    311      1
   192      2      1
   192     96      1
   192    196      1
   192    215      1
   192    229      1
   193     40      1
   193     27      1
   193     21      1
   193    377      1
   194     17      1
   194    107      1
   194    211      1
   194    313      1
   194    315      1
   195    100      1
   195     79      1
   195     37      1
   195    264      1
   195    498      1
   196     58      1
   196    188      1
   196    192      1
   197      2      1
   197    120      1
   197    207      1
   197    245      1
   197    438      1
   198    149      1
   198    143      1
   198    421      1
   198    464      1
   199    176      1
   199     69      1
   199     42      1
   199    224      1
   199    272      1
   199    377      1
   199    418      1
   200    162      1
   200     30      1
   200    435      1
   201     81      1
   201    176      1
   201    156      1
   201    252      1
   201    340      1
   201    358      1
   202    186      1
   202      9      1
   202    212      1
   202    215      1
   203     54      1
   203    110      1
   203    236      1
   203    316      1
   203    361      1
   203    363      1
   203    425      1
   203    483      1
   204    143      1
   204    135      1
   204     82      1
   205    164      1
   205     56      1
   205    497      1
   206    140      1
   206     11      1
   206    219      1
   207    197      1
   207    113      1
   207    217      1
   207    368      1
   207    376      1
   208     53      1
   208    125      1
   208    295      1
   208    358      1
   208    359      1
   208    405      1
   208    436      1
   209     93      1
   209    170      1
   209     29      1
   209    360      1
   210    172      1
   210     97      1
   210    147      1
   210    241      1
   210    271      1
   211    160      1
   211    194      1
   211    312      1
   212    137      1
   212     57      1
   212    202      1
   212    227      1
   212    280      1
   212    309      1
   212    314      1
   212    325      1
   212    478      1
   213    156      1
   213    116      1
   213    362      1
   213    391      1
   214    133      1
   214     49      1
   214    247      1
   214    446      1
   215     42      1
   215    192      1
   215    202      1
   215    249      1
   215    262      1
   215    299      1
   216     77      1
   216    148      1
   216     82      1
   216    289      1
   216    341      1
   217    207      1
   217     78      1
   217      1      1
   217    317      1
   217    329      1
   218     48      1
   218     15      1
   218    159      1
   218    225      1
   219    108      1
   219    206      1
   219    441      1
   220    146      1
   220     37      1
   220    180      1
   220    230      1
   220    351      1
   221    161      1
   221    153      1
   221    142      1
   221    297      1
   221    354      1
   221    479      1
   221    499      1
   222    100      1
   222     97      1
   222     59      1
   223    133      1
   223    172      1
   223    465      1
   224      2      1
   224    122      1
   224    199      1
   224    308      1
   224    318      1
   224    417      1
   224    466      1
   225    111      1
   225    218      1
   225     58      1
   226     86      1
   226     45      1
   226    173      1
   226    306      1
   226    390      1
   226    449      1
   227    112      1
   227    212      1
   227    110      1
   227    245      1
   227    370      1
   227    437      1
   227    460      1
   227    476      1
   228    162      1
   228     49      1
   228    474      1
   229    192      1
   229    173      1
   229    234      1
   230    108      1
   230     74      1
   230    220      1
   230    461      1
   231     68      1
   231    170      1
   231     10      1
   231    263      1
   231    303      1
   231    483      1
   231    484      1
   231    487      1
   232     75      1
   232     79      1
   232    446      1
   232    462      1
   233     63      1
   233    157      1
   233     51      1
   233    312      1
   234    229      1
   234    107      1
   234    261      1
   235     39      1
   235    188      1
   235     75      1
   235    334      1
   235    359      1
   236    203      1
   236     95      1
   236    403      1
   236    490      1
   237     62      1
   237     70      1
   237     35      1
   237    246      1
   237    250      1
   237    374      1
   237    424      1
   237    486      1
   238    161      1
   238     17      1
   238    259      1
   239     39      1
   239    104      1
   239    240      1
   239    249      1
   240     40      1
   240    239      1
   240      2      1
   240    268      1
   240    298      1
   240    420      1
   241     68      1
   241    210      1
   241    172      1
   241    320      1
   241    482      1
   242    190      1
   242    107      1
   242    265      1
   242    268      1
   242    276      1
   242    317      1
   243    114      1
   243    151      1
   243    415      1
   244     82      1
   244     23      1
   244    248      1
   244    294      1
   244    341      1
   245     63      1
   245    197      1
   245    227      1
   245    406      1
   246     66      1
   246     48      1
   246    237      1
   246    270      1
   246    300      1
   246    380      1
   246    419      1
   246    468      1
   247    214      1
   247      8      1
   247    441      1
   248    151      1
   248    244      1
   248    327      1
   248    347      1
   248    363      1
   249     67      1
   249    215      1
   249    239      1
   249    301      1
   250    149      1
   250    237      1
   250    263      1
   250    422      1
   251    117      1
   251    116      1
   251    290      1
   252    114      1
   252    120      1
   252    201      1
   252    283      1
   252    437      1
   252    461      1
   253    113      1
   253    186      1
   253    266      1
   253    342      1
   253    486      1
   254    114      1
   254    138      1
   254    122      1
   255     50      1
   255    119      1
   255    147      1
   256     56      1
   256     90      1
   257     69      1
   257     84      1
   257    389      1
   257    478      1
   258    190      1
   258     61      1
   258     42      1
   258    291      1
   258    366      1
   259     80      1
   259     34      1
   259    238      1
   259    296      1
   259    393      1
   260      3      1
   260    185      1
   260     85      1
   260    387      1
   260    455      1
   261    177      1
   261    234      1
   261    357      1
   261    448      1
   262    215      1
   262    105      1
   262    273      1
   262    280      1
   263    231      1
   263    124      1
   263    250      1
   263    290      1
   263    320      1
   263    329      1
   263    367      1
   263    418      1
   264     54      1
   264    195      1
   264    344      1
   264    467      1
   265    242      1
   265     76      1
   265    314      1
   266    253      1
   266    148      1
   266    142      1
   266    282      1
   266    293      1
   266    306      1
   266    470      1
   267    190      1
   267     89      1
   268    191      1
   268    240      1
   268    242      1
   268    386      1
   268    431      1
   268    443      1
   269      0      1
   269     98      1
   269    410      1
   269    439      1
   270    246      1
   270     41      1
   270    172      1
   270    391      1
   271    170      1
   271    189      1
   271    210      1
   271    343      1
   272     54      1
   272    199      1
   272     77      1
   272    285      1
   272    299      1
   273     14      1
   273    262      1
   273    344      1
   274     17      1
   274     93      1
   275    162      1
   275    170      1
   275     38      1
   275    282      1
   275    300      1
   275    372      1
   275    392      1
   276      3      1
   276     24      1
   276    242      1
   276    353      1
   276    476      1
   277    158      1
   277     73      1
   277    328      1
   278    114      1
   278     57      1
   278     73      1
   278    405      1
   278    455      1
   279     96      1
   279     43      1
   279    309      1
   279    332      1
   279    333      1
   279    439      1
   280    262      1
   280    130      1
   280    212      1
   280    378      1
   280    470      1
   281    163      1
   281    174      1
   281      4      1
   281    426      1
   281    477      1
   282     87      1
   282    275      1
   282    266      1
   283     33      1
   283     74      1
   283    252      1
   283    313      1
   283    401      1
   284     58      1
   284     20      1
   284    409      1
   284    461      1
   284    499      1
   285    272      1
   285    181      1
   285    375      1
   286    161      1
   286    140      1
   286    412      1
   287    189      1
   287     26      1
   287     86      1
   287    410      1
   287    453      1
   288      3      1
   288     79      1
   289    216      1
   289     59      1
   290    157      1
   290    251      1
   290    263      1
   290    362      1
   291    258      1
   291    127      1
   291    450      1
   292    125      1
   292    117      1
   292    310      1
   292    425      1
   293     55      1
   293    171      1
   293    266      1
   294    244      1
   294    130      1
   294    116      1
   294    399      1
   294    430      1
   295    208      1
   295     89      1
   296    259      1
   296    109      1
   296    336      1
   297     92      1
   297    221      1
   297    108      1
   298    240      1
   298    104      1
   298    303      1
   298    320      1
   299    215      1
   299    272      1
   299    174      1
   299    455      1
   299    487      1
   300    246      1
   300    275      1
   300    354      1
   300    491      1
   301     48      1
   301    249      1
   301     75      1
   302      0      1
   302    151      1
   303    231      1
   303     28      1
   303    298      1
   303    310      1
   303    355      1
   303    394      1
   303    411      1
   304     48      1
   304    162      1
   305    120      1
   305     22      1
   306    226      1
   306    266      1
   307    158      1
   307    179      1
   307    485      1
   308    189      1
   308    224      1
   308    492      1
   309     91      1
   309    279      1
   309    212      1
   310    292      1
   310    303      1
   310    392      1
   310    473      1
   311    176      1
   311     11      1
   311    191      1
   311    356      1
   311    404      1
   311    435      1
   311    459      1
   312    211      1
   312    233      1
   312    454      1
   312    460      1
   313    283      1
   313    194      1
   313    181      1
   313    331      1
   313    436      1
   314    265      1
   314    212      1
   314    387      1
   315     27      1
   315    194      1
   315    176      1
   316    106      1
   316    203      1
   317     88      1
   317    242      1
   317    217      1
   317    372      1
   318    224      1
   318    111      1
   318    175      1
   319     36      1
   319     43      1
   319    342      1
   319    489      1
   320    263      1
   320    241      1
   320    298      1
   320    448      1
   321    137      1
   321    116      1
   322    170      1
   322    186      1
   322     37      1
   322    374      1
   323    129      1
   323     22      1
   323    340      1
   324     65      1
   324     82      1
   325    183      1
   325     25      1
   325    212      1
   326      6      1
   326    143      1
   326    383      1
   327    248      1
   327    182      1
   327    108      1
   327    403      1
   328    277      1
   328    109      1
   328    428      1
   329    263      1
   329    217      1
   329    348      1
   329    378      1
   329    477      1
   330    144      1
   330    165      1
   330    125      1
   330    407      1
   331    313      1
   331     96      1
   331      4      1
   332     89      1
   332    279      1
   333     60      1
   333    279      1
   333    339      1
   333    424      1
   334    235      1
   334     40      1
   334     29      1
   335     22      1
   335    185      1
   335    483      1
   336    296      1
   336    113      1
   336    101      1
   337    139      1
   337     23      1
   338    120      1
   338    104      1
   338    352      1
   339     37      1
   339     91      1
   339    333      1
   339    444      1
   340    323      1
   340    201      1
   340    456      1
   341    216      1
   341     52      1
   341    244      1
   341    444      1
   342    253      1
   342    319      1
   342     46      1
   342    365      1
   342    379      1
   342    399      1
   342    419      1
   343    153      1
   343     32      1
   343    271      1
   343    360      1
   343    371      1
   343    422      1
   344    273      1
   344    264      1
   344     40      1
   345    170      1
   345      1      1
   345    467      1
   346    172      1
   346    171      1
   346     94      1
   346    456      1
   347     83      1
   347    248      1
   347    409      1
   348     62      1
   348    329      1
   348    123      1
   348    452      1
   349    133      1
   349    173      1
   349    475      1
   350     85      1
   350     10      1
   351     33      1
   351    220      1
   351     59      1
   351    385      1
   352     70      1
   352    338      1
   352    443      1
   353    151      1
   353      7      1
   353    276      1
   353    379      1
   353    444      1
   354    300      1
   354    221      1
   354      0      1
   354    440      1
   355    173      1
   355    303      1
   355    394      1
   355    453      1
   356     33      1
   356    311      1
   356    494      1
   357    261      1
   357    128      1
   357    495      1
   358    208      1
   358    201      1
   359    235      1
   359    208      1
   359    398      1
   359    441      1
   360     51      1
   360    209      1
   360    343      1
   361    203      1
   361     11      1
   361     58      1
   362    213      1
   362    290      1
   362     13      1
   363    203      1
   363    248      1
   363    168      1
   364      1      1
   364    175      1
   365    147      1
   365     95      1
   365    342      1
   365    380      1
   365    445      1
   365    481      1
   365    496      1
   366     95      1
   366    258      1
   367    135      1
   367     82      1
   367    263      1
   367    439      1
   367    453      1
   368    207      1
   368     82      1
   369     76      1
   369     67      1
   369    451      1
   369    496      1
   370     23      1
   370    227      1
   370    433      1
   371    167      1
   371     46      1
   371    343      1
   371    479      1
   372    317      1
   372    173      1
   372    275      1
   373     33      1
   373    113      1
   374     69      1
   374    322      1
   374    237      1
   375    285      1
   375    150      1
   376    105      1
   376    207      1
   376    424      1
   376    460      1
   377    193      1
   377    199      1
   377     16      1
   378     97      1
   378    329      1
   378    280      1
   378    470      1
   379    353      1
   379    342      1
   379    384      1
   379    481      1
   380    365      1
   380    246      1
   380    122      1
   380    392      1
   381    188      1
   381     40      1
   381    427      1
   381    469      1
   382     35      1
   382     51      1
   383    326      1
   383     40      1
   383    184      1
   383    386      1
   383    442      1
   384    379      1
   384    130      1
   384     84      1
   385    150      1
   385     98      1
   385    351      1
   386    163      1
   386    383      1
   386    268      1
   386    397      1
   386    430      1
   387    314      1
   387    260      1
   388    106      1
   388     33      1
   388      1      1
   388    429      1
   389    106      1
   389    257      1
   389     75      1
   390    226      1
   390     33      1
   390    123      1
   391    213      1
   391    270      1
   391    420      1
   392    380      1
   392    275      1
   392    310      1
   392    476      1
   393     73      1
   393     87      1
   393    259      1
   394    355      1
   394    114      1
   394    303      1
   394    402      1
   395    130      1
   395    109      1
   395    456      1
   396     49      1
   396      2      1
   396    432      1
   397    136      1
   397    386      1
   397    408      1
   397    431      1
   398    359      1
   398    119      1
   398    414      1
   399     78      1
   399    342      1
   399    294      1
   400    172      1
   400     62      1
   400    184      1
   401    283      1
   401    123      1
   402    118      1
   402    394      1
   402    160      1
   403    180      1
   403    236      1
   403    327      1
   404    311      1
   404    120      1
   404    152      1
   405    208      1
   405    278      1
   406    245      1
   406     20      1
   407    330      1
   407    146      1
   407    181      1
   408    397      1
   408     60      1
   409    108      1
   409    284      1
   409    347      1
   409    411      1
   409    499      1
   410    287      1
   410    269      1
   410    134      1
   411    303      1
   411      3      1
   411    409      1
   412    286      1
   412    166      1
   413     53      1
   413    139      1
   414    398      1
   414    149      1
   414     48      1
   414    446      1
   415    243      1
   415      8      1
   416     72      1
   416     48      1
   417    224      1
   417    175      1
   418    124      1
   418    199      1
   418    263      1
   419    342      1
   419    246      1
   420     56      1
   420    240      1
   420    391      1
   421    198      1
   421    147      1
   422    250      1
   422    189      1
   422    343      1
   423    187      1
   423      0      1
   424    237      1
   424    376      1
   424    333      1
   425    203      1
   425    292      1
   426    161      1
   426    281      1
   426     85      1
   427    381      1
   427    139      1
   428    181      1
   428    328      1
   429    388      1
   429     75      1
   430    294      1
   430    386      1
   431    161      1
   431    268      1
   431    397      1
   432    396      1
   432     49      1
   432    126      1
   433     36      1
   433     32      1
   433    370      1
   433    469      1
   434    112      1
   434     96      1
   434     65      1
   435    311      1
   435    200      1
   436    313      1
   436    208      1
   437    227      1
   437    252      1
   437     59      1
   438    185      1
   438    146      1
   438    197      1
   439    269      1
   439    279      1
   439    367      1
   440    354      1
   440     18      1
   441    219      1
   441    359      1
   441    247      1
   442    136      1
   442    383      1
   443    352      1
   443     99      1
   443    268      1
   444    339      1
   444    341      1
   444    353      1
   444    451      1
   445     75      1
   445    365      1
   445    185      1
   445    464      1
   445    487      1
   446    214      1
   446    414      1
   446    232      1
   446    447      1
   447    446      1
   447     95      1
   448    261      1
   448    320      1
   449     63      1
   449    226      1
   450     77      1
   450    121      1
   450    291      1
   450    486      1
   450    492      1
   451    444      1
   451    369      1
   451     10      1
   452     30      1
   452    348      1
   453    287      1
   453    355      1
   453    367      1
   453    493      1
   454    124      1
   454    312      1
   455    278      1
   455    299      1
   455    260      1
   456    340      1
   456    395      1
   456    346      1
   457    149      1
   457     19      1
   458    104      1
   458     75      1
   458    492      1
   459    311      1
   459     28      1
   459    494      1
   460    227      1
   460    312      1
   460    376      1
   461    230      1
   461    252      1
   461    284      1
   462     74      1
   462    232      1
   463    162      1
   463    110      1
   464    198      1
   464    445      1
   464    163      1
   465     71      1
   465     91      1
   465    223      1
   466    164      1
   466     82      1
   466    224      1
   467    128      1
   467    264      1
   467    345      1
   468    157      1
   468    246      1
   468    129      1
   469     76      1
   469    433      1
   469    381      1
   470    266      1
   470    378      1
   470    280      1
   471    151      1
   471     60      1
   472     98      1
   472     70      1
   473    104      1
   473    310      1
   474    228      1
   474     73      1
   474    497      1
   475    349      1
   475     80      1
   476    227      1
   476    276      1
   476    392      1
   477    281      1
   477     70      1
   477    329      1
   477    485      1
   477    491      1
   478    257      1
   478    212      1
   479    221      1
   479    371      1
   480      6      1
   480     25      1
   481    365      1
   481    106      1
   481    379      1
   482    241      1
   482    121      1
   483    203      1
   483    335      1
   483    231      1
   484     96      1
   484    231      1
   484     59      1
   485    307      1
   485    141      1
   485    477      1
   486    253      1
   486    237      1
   486    450      1
   487    445      1
   487    231      1
   487    299      1
   488    128      1
   488    104      1
   488     97      1
   489     62      1
   489    319      1
   489     84      1
   490     14      1
   490    236      1
   490     96      1
   491    300      1
   491    477      1
   491    177      1
   492    450      1
   492    458      1
   492    308      1
   493    106      1
   493    453      1
   494    356      1
   494    459      1
   494    102      1
   495    357      1
   495    179      1
   495     58      1
   496    369      1
   496    365      1
   496    498      1
   497    205      1
   497    474      1
   498    195      1
   498      1      1
   498    496      1
   499    284      1
   499    221      1
   499    409      1
