COORD_X_Y 200
  2.68104    2.3953
 0.845161   1.29478
  2.64011   2.85649
  1.37979  0.270474
  2.52662   2.00489
  1.80441   2.30934
  1.92502   2.14314
 0.250302    1.1941
  2.33836   1.21376
  2.09872   2.03979
  1.99738   0.68581
 0.522358    2.7369
 0.120669   1.39433
 0.898837   1.04168
  2.37073   2.23097
  1.32804   2.55237
0.0144709   2.84991
  1.27467   2.85203
  2.78598   2.64922
  1.49412   1.35731
  2.12792   2.53987
  1.45531   1.85061
 0.766364   1.44707
 0.506655  0.760797
  2.76557   2.63432
  2.50041  0.312291
0.0241837   2.59472
  1.34764    2.1331
  2.70367   1.50231
 0.254512   1.98501
   1.4345   2.11528
 0.431523   1.46228
 0.486784   1.23734
  1.58295   1.27358
  0.51114  0.125437
  1.82033   2.33433
   2.9315  0.682968
 0.189566  0.206888
  1.10006   2.56523
  1.19824   2.72868
  1.12411   1.67222
  1.51564   2.31419
  0.81409  0.885559
 0.698164   2.15841
  1.05654  0.815678
  2.50936   2.87017
  2.34473     2.141
  1.46291  0.227998
   1.8357   2.29409
 0.846009   1.37812
  1.04791   2.29452
  2.48357   2.37574
   1.2943   1.78621
  2.21398   1.41308
  1.09178  0.101687
  1.42376   2.14172
   1.2299    1.6108
0.0440851   1.73601
  2.25261   1.83806
  1.48345  0.276289
 0.405217  0.581415
  1.71889   1.17791
  0.54858   1.36537
  1.60928   1.23181
   2.9429   2.91509
 0.831531   1.07897
  1.68163  0.820316
  2.13084  0.942828
  1.15911   1.15525
  0.51874   1.68866
  2.61276 0.0396644
  1.56112   1.06123
 0.114078     2.491
  2.62743   2.02975
  1.48701   2.47413
  1.94667    1.1539
   2.9412  0.983765
  1.64232   2.52726
  2.72646   2.47714
   2.8384    2.7916
   2.5147  0.898085
  1.85257  0.451184
  2.77789   2.95743
  2.34228   1.83033
 0.420488   2.74342
 0.486525    1.3179
  1.83762   1.50057
   1.3334   2.62849
  2.57476   2.99023
  2.45441   0.76691
  1.36673  0.956857
 0.835667   2.99248
 0.601284  0.318965
0.00659137    1.3008
   2.4319   1.52022
0.0935307    2.6134
  1.67529   2.09563
  2.04504   1.36199
 0.586874   2.12077
  2.10604    1.6787
  1.84915   1.79513
 0.634522  0.699951
  2.89729   1.83172
 0.368883  0.659117
0.0487414  0.173862
  2.61728  0.505544
   1.8547   2.62669
  0.73956  0.668063
 0.303049   1.44446
  2.55912   1.00399
 0.364578   1.44724
  2.28082   0.77763
 0.861097   1.42334
  2.48735   2.68253
 0.555197   2.30279
 0.614615   2.88347
  1.43405   1.85524
  1.47233   1.44959
 0.694931   1.57037
  2.00318  0.305313
 0.299494   2.34265
  2.65754  0.128892
  1.33441   2.50749
  1.40254  0.866688
  2.71889  0.829763
  1.58115   1.02813
 0.176175  0.251832
 0.946501   1.04363
   0.2858   2.03284
 0.411464   2.15608
  1.59341  0.694897
0.0545327   2.83254
  2.28351   1.96464
  1.94166  0.140741
  1.59127  0.297186
  1.94972   1.78376
 0.727095   0.17886
  2.97833  0.884433
 0.998508    1.5677
  1.14092   2.82646
0.0625448   2.28909
 0.783865  0.122035
 0.822401    1.9129
 0.760035   1.00764
  1.51326   2.62569
  2.52144   2.06334
  2.08945   2.57299
  2.03127   2.65479
  1.19054   1.09802
 0.373706   1.34954
  1.63927  0.968228
   2.9591  0.886438
  1.16237  0.963956
  1.02225   1.20375
  1.65832   1.34207
 0.176181  0.783406
  1.94075   2.34113
  1.10147  0.510559
  1.95311   1.14005
 0.454654  0.384574
 0.538616   2.30083
  2.37582   2.67257
 0.281311  0.723734
  1.01151  0.824216
 0.388562   2.26671
  0.85602   2.23078
  1.25605   1.72134
  2.39732  0.327726
  1.45445    0.4968
 0.133128   2.86441
 0.184015   1.87193
  1.09528   2.14778
  2.86149   2.97388
 0.191751  0.526645
  2.57549   1.15851
   1.3539   1.90874
  1.11479   1.63862
  0.57491   1.66235
  2.09117   1.95445
  2.23043    1.6703
  1.51672   2.80944
  1.84884   1.15627
  2.58407   2.39713
  1.80101   1.74632
 0.711411   2.16371
  1.88796   2.04525
  1.36035  0.165585
 0.101926  0.682699
  0.48007   1.32711
 0.828221   2.75324
  1.79816  0.350263
  0.45625  0.514962
 0.481518   1.45398
 0.504734   1.34861
  1.49892   1.45585
  1.35008   1.21949
  2.63069  0.159062
0.0299815    2.8712
  1.06268   2.42731
  0.31805   1.68659
LINKS_SOURCE_DESTINATION_DISTANCE 994
     0      1      1
     0      2      1
     0      3      1
     0      4      1
     0     10      1
     0     17      1
     0     48      1
     0     63      1
     0    108      1
     0    136      1
     0    165      1
     1      0      1
     1      4      1
     1      5      1
     1      6      1
     1     11      1
     1     14      1
     1     31      1
     1     35      1
     1     71      1
     1     82      1
     1    102      1
     1    144      1
     2      0      1
     2      5      1
     2      7      1
     2     12      1
     2     14      1
     2     19      1
     2     28      1
     2     38      1
     2     82      1
     2     98      1
     3      0      1
     3      6      1
     3      7      1
     3      8      1
     3      9      1
     3     11      1
     3     15      1
     3     25      1
     3     27      1
     3     36      1
     3     46      1
     3     59      1
     3     72      1
     3     80      1
     3     84      1
     3    112      1
     4      0      1
     4      1      1
     4      7      1
     4     13      1
     4     14      1
     4     32      1
     4     62      1
     4     69      1
     4    187      1
     5      2      1
     5      1      1
     5     13      1
     5     18      1
     5     21      1
     5     24      1
     5     31      1
     5     37      1
     5     92      1
     5    123      1
     5    129      1
     6      1      1
     6      3      1
     6      8      1
     6      9      1
     6     16      1
     6     34      1
     6    112      1
     6    149      1
     7      2      1
     7      3      1
     7      4      1
     7     18      1
     7     30      1
     7     33      1
     7     37      1
     7    175      1
     7    195      1
     8      6      1
     8      3      1
     8     10      1
     8     26      1
     8     29      1
     8     45      1
     8     84      1
     8    102      1
     8    111      1
     8    155      1
     9      3      1
     9      6      1
     9     10      1
     9     22      1
     9     32      1
     9     33      1
     9     95      1
     9    164      1
    10      9      1
    10      0      1
    10      8      1
    10     12      1
    10     15      1
    10     17      1
    10     20      1
    10     21      1
    10     30      1
    10     34      1
    10     43      1
    10     77      1
    10     82      1
    10     85      1
    10    137      1
    10    149      1
    11      3      1
    11      1      1
    11     15      1
    11     23      1
    11     47      1
    11     68      1
    11     76      1
    11    161      1
    12     10      1
    12      2      1
    12     13      1
    12     20      1
    12     57      1
    12    110      1
    12    118      1
    12    133      1
    12    160      1
    13      4      1
    13      5      1
    13     12      1
    13     16      1
    13     17      1
    13     23      1
    13     42      1
    13     50      1
    13     78      1
    13     81      1
    13    186      1
    13    192      1
    14      1      1
    14      2      1
    14      4      1
    14     45      1
    14     49      1
    14     68      1
    14     74      1
    14     97      1
    15     10      1
    15      3      1
    15     11      1
    15     38      1
    15     70      1
    15     71      1
    15     92      1
    15    108      1
    15    113      1
    16     13      1
    16      6      1
    16     20      1
    16     25      1
    16     26      1
    16     33      1
    16     47      1
    16     56      1
    16     87      1
    16    127      1
    16    198      1
    17     13      1
    17     10      1
    17      0      1
    17    103      1
    17    188      1
    18      7      1
    18      5      1
    18     19      1
    18     24      1
    18     28      1
    18     44      1
    18     52      1
    18     64      1
    18     66      1
    18     77      1
    18     92      1
    19     18      1
    19      2      1
    19     55      1
    19     56      1
    19     62      1
    19     64      1
    19     73      1
    19     84      1
    19    187      1
    20     16      1
    20     12      1
    20     10      1
    20     37      1
    20     39      1
    20     41      1
    20     51      1
    20    130      1
    20    146      1
    20    158      1
    20    176      1
    21      5      1
    21     10      1
    21     22      1
    21     25      1
    21     36      1
    21     39      1
    21     40      1
    21     49      1
    21     50      1
    21     66      1
    21    101      1
    21    146      1
    21    148      1
    21    180      1
    22      9      1
    22     21      1
    22     27      1
    22     40      1
    22     60      1
    22     64      1
    22    132      1
    22    150      1
    22    181      1
    23     13      1
    23     11      1
    23     29      1
    23     32      1
    23     79      1
    23     86      1
    23     88      1
    23     99      1
    23    104      1
    23    106      1
    23    151      1
    23    154      1
    24      5      1
    24     18      1
    24    145      1
    25      3      1
    25     16      1
    25     21      1
    25     27      1
    25     39      1
    25     43      1
    25    109      1
    25    165      1
    26     16      1
    26      8      1
    26     30      1
    26     36      1
    26     46      1
    26     67      1
    26     72      1
    26     87      1
    26    143      1
    26    198      1
    27     22      1
    27      3      1
    27     25      1
    27     44      1
    27     67      1
    27    171      1
    27    196      1
    28      2      1
    28     18      1
    28     42      1
    28     49      1
    28     50      1
    28     59      1
    28    113      1
    28    128      1
    29     23      1
    29      8      1
    29     86      1
    29    105      1
    29    111      1
    29    115      1
    30     10      1
    30      7      1
    30     26      1
    30     69      1
    30    172      1
    31      1      1
    31      5      1
    31     35      1
    31     55      1
    31     87      1
    31     94      1
    31    117      1
    31    145      1
    32      9      1
    32     23      1
    32      4      1
    32     41      1
    32    114      1
    32    122      1
    32    185      1
    33     16      1
    33      7      1
    33      9      1
    33     61      1
    33     98      1
    33    126      1
    33    137      1
    33    167      1
    33    183      1
    34     10      1
    34      6      1
    34     41      1
    34    101      1
    35     31      1
    35      1      1
    35     63      1
    35     65      1
    35     97      1
    35    104      1
    36     21      1
    36      3      1
    36     26      1
    36     70      1
    36    194      1
    37      5      1
    37     20      1
    37      7      1
    37     53      1
    37     96      1
    37    181      1
    37    182      1
    38      2      1
    38     15      1
    38     48      1
    38     59      1
    38     88      1
    38    146      1
    38    169      1
    38    177      1
    38    180      1
    39     21      1
    39     25      1
    39     20      1
    39     54      1
    39     68      1
    39     93      1
    39    128      1
    39    177      1
    39    194      1
    40     22      1
    40     21      1
    40     89      1
    40     90      1
    41     34      1
    41     32      1
    41     20      1
    41     58      1
    41     96      1
    41    124      1
    41    152      1
    41    153      1
    41    183      1
    42     28      1
    42     13      1
    42     46      1
    42     51      1
    42     52      1
    42     53      1
    42    173      1
    42    184      1
    43     10      1
    43     25      1
    43     51      1
    43     67      1
    43     99      1
    43    103      1
    43    127      1
    43    197      1
    44     18      1
    44     27      1
    44     78      1
    44    110      1
    44    123      1
    44    125      1
    45     14      1
    45      8      1
    45     53      1
    45    121      1
    45    142      1
    45    193      1
    46     42      1
    46     26      1
    46      3      1
    46     60      1
    46    160      1
    47     16      1
    47     11      1
    47     48      1
    47     57      1
    48      0      1
    48     47      1
    48     38      1
    48     63      1
    48    106      1
    48    119      1
    48    151      1
    48    175      1
    49     28      1
    49     21      1
    49     14      1
    49     55      1
    49     79      1
    49    107      1
    50     28      1
    50     21      1
    50     13      1
    50     58      1
    51     42      1
    51     20      1
    51     43      1
    51     52      1
    51     54      1
    51     62      1
    51    142      1
    51    143      1
    51    158      1
    52     18      1
    52     51      1
    52     42      1
    52     60      1
    52     69      1
    52    109      1
    52    132      1
    52    192      1
    53     37      1
    53     42      1
    53     45      1
    54     39      1
    54     51      1
    54     75      1
    54    180      1
    55     19      1
    55     31      1
    55     49      1
    55     66      1
    55     83      1
    56     19      1
    56     16      1
    57     47      1
    57     12      1
    57     81      1
    57    135      1
    57    136      1
    58     41      1
    58     50      1
    58     61      1
    58    175      1
    59     38      1
    59     28      1
    59      3      1
    59    153      1
    60     52      1
    60     46      1
    60     22      1
    60     75      1
    60     95      1
    60    100      1
    60    116      1
    60    134      1
    60    140      1
    60    178      1
    61     33      1
    61     58      1
    61     65      1
    61     91      1
    61    100      1
    62      4      1
    62     51      1
    62     19      1
    62    129      1
    62    139      1
    63     48      1
    63     35      1
    63      0      1
    63     75      1
    63     90      1
    63     91      1
    63    138      1
    63    143      1
    63    167      1
    64     22      1
    64     19      1
    64     18      1
    64     77      1
    64    144      1
    64    163      1
    65     61      1
    65     35      1
    65     73      1
    65     99      1
    65    189      1
    66     18      1
    66     21      1
    66     55      1
    66     94      1
    67     43      1
    67     26      1
    67     27      1
    68     11      1
    68     39      1
    68     14      1
    69     52      1
    69     30      1
    69      4      1
    69     93      1
    69    177      1
    69    190      1
    70     36      1
    70     15      1
    70     76      1
    70     85      1
    70    170      1
    71      1      1
    71     15      1
    71    148      1
    71    174      1
    72     26      1
    72      3      1
    72     83      1
    72     85      1
    72     91      1
    72    105      1
    72    110      1
    73     65      1
    73     19      1
    73     74      1
    74     14      1
    74     73      1
    75     63      1
    75     54      1
    75     60      1
    75     89      1
    76     70      1
    76     11      1
    76    196      1
    77     64      1
    77     10      1
    77     18      1
    77     80      1
    77    174      1
    78     13      1
    78     44      1
    78    112      1
    79     23      1
    79     49      1
    79    104      1
    79    156      1
    80     77      1
    80      3      1
    80    166      1
    81     57      1
    81     13      1
    81     95      1
    81    150      1
    81    153      1
    81    173      1
    82      1      1
    82      2      1
    82     10      1
    82    179      1
    83     55      1
    83     72      1
    83    135      1
    83    141      1
    84     19      1
    84      3      1
    84      8      1
    84    114      1
    84    157      1
    84    184      1
    85     10      1
    85     72      1
    85     70      1
    85    120      1
    85    167      1
    85    192      1
    86     29      1
    86     23      1
    86    137      1
    86    164      1
    86    190      1
    87     16      1
    87     26      1
    87     31      1
    87    101      1
    87    108      1
    87    116      1
    87    156      1
    88     38      1
    88     23      1
    88    116      1
    88    120      1
    88    130      1
    88    157      1
    89     40      1
    89     75      1
    90     40      1
    90     63      1
    90    133      1
    90    152      1
    91     72      1
    91     63      1
    91     61      1
    91    121      1
    91    131      1
    91    134      1
    92     18      1
    92     15      1
    92      5      1
    93     39      1
    93     69      1
    94     31      1
    94     66      1
    95     81      1
    95      9      1
    95     60      1
    95    168      1
    96     41      1
    96     37      1
    96    183      1
    96    199      1
    97     14      1
    97     35      1
    97     98      1
    97    105      1
    97    119      1
    98     33      1
    98     97      1
    98      2      1
    99     23      1
    99     43      1
    99     65      1
    99    138      1
    99    194      1
   100     61      1
   100     60      1
   100    113      1
   100    115      1
   100    188      1
   101     21      1
   101     87      1
   101     34      1
   101    121      1
   101    147      1
   102      1      1
   102      8      1
   102    109      1
   102    154      1
   102    179      1
   103     43      1
   103     17      1
   103    122      1
   103    140      1
   103    171      1
   104     79      1
   104     35      1
   104     23      1
   104    117      1
   105     72      1
   105     29      1
   105     97      1
   105    119      1
   106     23      1
   106     48      1
   106    107      1
   106    166      1
   107    106      1
   107     49      1
   108     15      1
   108     87      1
   108      0      1
   108    139      1
   109     25      1
   109    102      1
   109     52      1
   109    135      1
   109    160      1
   110     72      1
   110     12      1
   110     44      1
   110    151      1
   110    191      1
   111     29      1
   111      8      1
   112      3      1
   112      6      1
   112     78      1
   112    124      1
   112    126      1
   112    156      1
   113     28      1
   113    100      1
   113     15      1
   114     32      1
   114     84      1
   114    118      1
   114    138      1
   115    100      1
   115     29      1
   115    141      1
   116     87      1
   116     60      1
   116     88      1
   116    122      1
   116    158      1
   117    104      1
   117     31      1
   117    125      1
   117    140      1
   117    172      1
   118    114      1
   118     12      1
   119    105      1
   119     97      1
   119     48      1
   119    120      1
   119    131      1
   120     85      1
   120    119      1
   120     88      1
   120    139      1
   120    152      1
   120    162      1
   121    101      1
   121     91      1
   121     45      1
   121    130      1
   122     32      1
   122    116      1
   122    103      1
   123      5      1
   123     44      1
   123    197      1
   124    112      1
   124     41      1
   124    133      1
   124    182      1
   124    199      1
   125    117      1
   125     44      1
   125    129      1
   126     33      1
   126    112      1
   127     43      1
   127     16      1
   127    131      1
   128     28      1
   128     39      1
   129    125      1
   129      5      1
   129     62      1
   130    121      1
   130     20      1
   130     88      1
   130    132      1
   130    136      1
   131    119      1
   131     91      1
   131    127      1
   132     52      1
   132     22      1
   132    130      1
   133     90      1
   133     12      1
   133    124      1
   133    163      1
   134     91      1
   134     60      1
   135     57      1
   135    109      1
   135     83      1
   135    161      1
   136    130      1
   136      0      1
   136     57      1
   136    141      1
   136    148      1
   136    150      1
   137     10      1
   137     86      1
   137     33      1
   137    147      1
   138     63      1
   138    114      1
   138     99      1
   138    193      1
   139    120      1
   139    108      1
   139     62      1
   140    117      1
   140     60      1
   140    103      1
   140    159      1
   141     83      1
   141    115      1
   141    136      1
   141    171      1
   142     45      1
   142     51      1
   142    155      1
   143     51      1
   143     63      1
   143     26      1
   144      1      1
   144     64      1
   145     24      1
   145     31      1
   145    159      1
   146     21      1
   146     38      1
   146     20      1
   147    137      1
   147    101      1
   147    186      1
   148    136      1
   148     71      1
   148     21      1
   148    161      1
   149      6      1
   149     10      1
   149    168      1
   149    182      1
   149    191      1
   150     81      1
   150     22      1
   150    136      1
   151     23      1
   151     48      1
   151    110      1
   151    162      1
   152    120      1
   152     41      1
   152     90      1
   152    197      1
   153     81      1
   153     41      1
   153     59      1
   153    189      1
   154    102      1
   154     23      1
   155    142      1
   155      8      1
   155    165      1
   155    170      1
   155    176      1
   156     79      1
   156     87      1
   156    112      1
   157     84      1
   157     88      1
   158     51      1
   158    116      1
   158     20      1
   159    140      1
   159    145      1
   160     12      1
   160     46      1
   160    109      1
   160    195      1
   161     11      1
   161    148      1
   161    135      1
   161    169      1
   162    120      1
   162    151      1
   162    169      1
   162    199      1
   163     64      1
   163    133      1
   164     86      1
   164      9      1
   164    173      1
   164    178      1
   165      0      1
   165    155      1
   165     25      1
   166     80      1
   166    106      1
   167     63      1
   167     33      1
   167     85      1
   167    174      1
   168    149      1
   168     95      1
   168    170      1
   168    184      1
   169    161      1
   169    162      1
   169     38      1
   170    168      1
   170    155      1
   170     70      1
   171    103      1
   171    141      1
   171     27      1
   171    181      1
   172    117      1
   172     30      1
   173    164      1
   173     81      1
   173     42      1
   174     71      1
   174    167      1
   174     77      1
   174    189      1
   175     58      1
   175     48      1
   175      7      1
   175    191      1
   176    155      1
   176     20      1
   177     39      1
   177     38      1
   177     69      1
   177    185      1
   178    164      1
   178     60      1
   178    196      1
   178    198      1
   179     82      1
   179    102      1
   180     21      1
   180     38      1
   180     54      1
   181     22      1
   181    171      1
   181     37      1
   182    124      1
   182    149      1
   182     37      1
   183     33      1
   183     41      1
   183     96      1
   184    168      1
   184     84      1
   184     42      1
   185    177      1
   185     32      1
   186     13      1
   186    147      1
   187      4      1
   187     19      1
   188     17      1
   188    100      1
   189     65      1
   189    174      1
   189    153      1
   190     86      1
   190     69      1
   191    149      1
   191    175      1
   191    110      1
   192     52      1
   192     13      1
   192     85      1
   193     45      1
   193    138      1
   194     39      1
   194     36      1
   194     99      1
   195    160      1
   195      7      1
   196    178      1
   196     27      1
   196     76      1
   197    123      1
   197     43      1
   197    152      1
   198     26      1
   198    178      1
   198     16      1
   199     96      1
   199    162      1
   199    124      1
