COORD_X_Y 500
  2.81659  0.755347
  2.14088  0.699181
 0.314645  0.625183
 0.601678   1.93463
  2.77554  0.808405
  1.08248  0.492974
  1.27533  0.896791
 0.497191    2.3975
  2.68248   2.45927
  2.97866   2.10813
 0.339607   1.75261
  2.52779  0.580259
 0.170291    2.6931
 0.133782  0.343138
  2.26957   2.73879
  1.54182   2.08054
  1.28913   1.04766
  2.69826    1.5611
  1.88911   1.97916
  1.00096   1.72022
  2.94808   2.42401
 0.599393   2.49097
0.00708137  0.635729
  1.36604  0.773199
  2.25609   1.92296
  2.97665   2.99222
 0.797772   2.28265
  1.53079   2.96997
  1.41618   1.56073
  1.16114  0.884538
 0.281461  0.717119
  0.23654  0.302673
 0.311174  0.446977
 0.709697   1.15357
  1.41058    1.3062
  2.43908  0.420246
  2.67016  0.870832
0.0326835  0.999516
  1.27564   1.96165
 0.206954 0.00480281
  1.48996   1.80595
 0.890978   2.70712
  2.39574   2.24293
  0.28949  0.690082
 0.644154   2.79094
 0.316285   2.99098
 0.507096    2.1041
  0.21695   2.23218
  2.56068   2.90656
  1.99765   1.75322
    2.627  0.228213
  2.65932   2.87614
 0.479209   1.98031
  1.45754   1.38742
 0.923923   2.67869
  2.60042  0.847779
    2.949  0.612758
  1.36802  0.340037
 0.362119  0.911517
 0.486544  0.324912
  1.45474  0.761247
  2.27652   1.87693
  1.64018  0.341315
  2.46649   2.40169
  1.94343   1.36213
  2.38042   2.30648
  1.27042   1.76398
0.00565207   1.72271
 0.394117   2.37268
  2.63262   2.87108
  1.80522  0.513395
 0.401485    2.6872
 0.929538  0.656372
 0.751494    1.0525
  2.18085   2.77887
  2.90538   2.64689
 0.985545   2.97013
  2.26918   1.89097
   2.0536   1.34611
  2.31945  0.800001
  2.08263   2.55895
 0.419223   1.85604
 0.427941   1.78657
  2.13649   1.63282
  2.45303   2.74021
 0.444156  0.796602
  2.03554  0.952839
  0.17602   1.60398
  2.20921   1.09278
  1.77439   2.22851
  2.58373   2.53565
  2.44853  0.842266
  2.77141   2.62376
  1.21365  0.713325
  2.56307   2.60418
    2.419  0.997748
  2.37109  0.256654
0.0393513  0.347811
  2.50023  0.343309
  2.05193   1.85032
 0.768048   1.03891
 0.894435   1.23089
 0.418399  0.196601
0.0432331   2.46562
  2.28488   1.55981
  1.20743  0.947313
 0.791083   1.65642
   1.4762   2.66635
  1.98082   2.22594
   1.4575  0.332757
   2.2919    0.7133
  2.72371  0.749463
 0.901194   2.33282
 0.216895   2.81629
  2.57075   2.85099
  2.97946  0.291194
   0.2226   2.83552
  2.97397   2.55599
 0.697639   2.60101
 0.448213   1.42993
 0.659745   2.45803
  1.04288  0.884619
  1.74704   2.66058
 0.252945  0.686774
  2.46891   2.15564
  1.69058   1.70875
  2.98093   2.80956
  1.66023  0.778548
  2.00224   2.19662
 0.510909   2.65875
  2.81684   1.98445
 0.271104   2.54533
  2.19352   1.18289
  1.41261  0.272315
 0.201409  0.822679
  1.32137   1.18162
  1.83781   2.36874
 0.459479   1.60667
  1.34682  0.346112
  1.26235   2.35794
  0.59242  0.339971
 0.432479  0.398568
  1.69416   2.49553
  2.82248  0.339146
  1.05539 0.00900449
 0.735369   2.79119
   2.2068   2.70011
  1.02875   2.92502
  1.59888    1.6262
  1.87728   2.66524
 0.246018   2.58697
 0.837926  0.728779
    0.634   2.40819
  2.35346   1.45156
  2.33669 0.0294044
  2.20971   1.98662
 0.219415   1.83995
  1.63759  0.668132
  1.66597    1.9521
  2.18122   1.39721
  2.41867   2.18459
  1.00478  0.332381
  2.78782   1.70692
  1.31621   2.80612
  1.30636  0.632318
  2.15126   2.82756
  1.55555   2.32112
  1.46054     2.552
  1.52373  0.651333
  1.37275   1.86999
   2.3455   2.15809
  1.27045  0.197334
  2.61029  0.520753
 0.130102  0.578769
  2.12797   1.42243
  0.61821   1.46773
  2.71103  0.670446
 0.102774   1.24434
  2.11734   2.10998
  0.36665   1.96459
  2.13697  0.738479
  1.83365   2.95273
 0.217132   2.55014
   1.3496   1.97728
  0.13693   2.14441
  2.18816   2.68798
  1.79118  0.693281
 0.105275  0.134763
  2.14321  0.509312
  2.19049   2.93849
   0.8372   1.24296
  1.50651   2.24743
 0.867964  0.883139
 0.780575   2.36162
 0.369074   2.72958
  2.71277  0.716592
 0.737587  0.832845
  1.68794  0.335699
 0.259974   1.71194
   1.7989  0.409916
 0.351196   1.72299
  1.86417   1.70352
   1.1395    1.7076
  0.29745   2.70825
 0.650091   1.96311
  1.31243   1.86318
  2.87747  0.338884
  1.53448   1.34325
0.0418559 0.0174463
  1.15084  0.139274
  2.15408   2.14261
  2.27106   1.48656
 0.391948   2.25918
  0.74849   1.27678
  2.69747   2.30234
  1.36447   2.11763
  2.71182   2.31235
 0.856043     1.153
 0.298492   1.46165
 0.146459    1.4907
 0.397891  0.242785
 0.872234   1.77235
  2.13523  0.801656
  2.72028   2.90602
0.0543548   2.29475
 0.669992   1.92052
  2.74336  0.538032
  1.33038   1.42822
  1.77861   0.87465
  1.19057  0.220545
  1.72168    1.8255
 0.941484   2.87406
  1.94989   2.90624
  1.61656   2.58837
  2.20892   2.24973
 0.155129   2.26757
  1.34896   1.58457
 0.789216   1.86534
 0.827321  0.952857
  1.42236   1.76464
  1.99572   1.99214
 0.497636    2.9722
  2.70691  0.245859
 0.899887   2.79578
  1.65565  0.788378
 0.185469  0.955765
  2.34456   1.78159
  2.73553   2.13918
  1.21712   2.34354
 0.711827   2.42131
  1.53768   2.28078
   1.1806   2.68641
 0.456902   2.28112
   2.1285  0.655162
   1.1455   2.23998
    2.983  0.612295
  1.51047  0.914869
 0.271579   2.64103
  2.00335  0.246818
  1.99836    1.0202
 0.408013   1.09764
   1.5382   2.00957
  2.18956   1.56474
 0.628696  0.372664
 0.132871   2.36146
  1.62371  0.213705
 0.924302   2.81102
 0.393749   2.37793
 0.132542   1.33827
 0.228367   2.35445
  1.59739   2.59047
  2.09622   1.36525
  0.25067   1.63354
   1.7292   1.50145
  1.30777   1.57617
 0.143693   1.50328
  2.42967  0.946978
   1.1894 0.0759564
 0.220611   2.01287
 0.629566   1.54593
 0.104834   0.75462
  1.02672   1.48754
  2.56854     1.036
  2.01781   1.98847
  2.38084   0.10551
  2.23687   2.35703
   2.8479   1.77431
  1.74803    1.3577
  2.49971  0.686895
 0.368386   2.86091
  1.23814   2.64916
   2.4362   1.70343
  2.57307   2.38727
   1.9904   1.26742
   2.1142   1.31576
  2.36198   1.71509
  1.78577  0.388107
  1.57641 0.0910828
  2.14593   2.07051
 0.377869  0.399156
  1.58287   2.76089
 0.530729   2.41156
  2.07005  0.507156
 0.400773   2.29371
  2.62422    0.3407
  2.93083 0.0151921
  1.17202  0.658879
  2.85963   2.50084
  2.84446   1.01576
  1.29003   2.02012
  1.15464    1.7921
  1.74952   1.74196
 0.767629   2.57438
 0.514444   2.77522
 0.675268   1.23636
  1.49213  0.977391
 0.998919   1.71179
 0.420476  0.649028
  1.25919   2.13054
  2.52694   1.38245
  1.95516  0.993032
   1.5464   2.15607
  1.20234   1.75656
  1.12963   2.03107
 0.727106    2.4175
  1.47476    1.7227
  2.50766  0.742657
  1.72574  0.329176
0.0819322  0.150497
  2.09046   1.84999
 0.699003  0.987276
  2.34051  0.957187
 0.761199    2.2152
 0.441217   2.96991
  2.79114   1.98348
  2.83767   2.19777
  1.63486   1.54794
  1.65484   1.01812
0.00448784   2.18247
0.0237434   1.41262
 0.514349 0.0209046
  0.56572   2.90444
 0.703385   2.87374
  2.20058   2.46066
  1.41978   2.56076
  1.40653   1.42845
 0.584287  0.756018
  2.75059  0.392973
  2.79645    1.2205
  2.40469   1.71903
  2.01287   1.64914
  1.66428 0.0488883
 0.118403   1.15867
  2.18854   1.93595
  2.19805   2.38086
   2.8606   1.21358
  1.18771   2.01923
 0.559023  0.700483
  0.33103   2.78533
 0.459423   1.07937
  2.44388   0.10276
  1.82517   1.40525
  2.73068   2.97186
  1.55994   2.24834
  1.61952   0.34005
  1.00583   1.75043
 0.390154  0.332166
  2.36999    2.4274
  2.64958   1.44628
 0.568875   2.49797
  0.63763  0.890842
  1.65527   1.94521
 0.406749  0.453333
 0.325796  0.749429
  0.73953   2.56553
  0.49313   2.92338
   2.5231   2.61745
  1.22119  0.391527
  2.58525   1.05638
  2.42155  0.515317
  1.28686   1.24087
  2.17241    2.3286
0.0718974 0.0214615
 0.887063   2.70773
   1.3145   1.50213
  1.44061    1.3945
  1.17602   1.26639
  2.45248  0.425874
  1.75036  0.351986
  1.65705  0.834717
  2.57472   1.29397
  2.80102   1.87194
   1.3269   2.65121
 0.267728   1.79337
  1.49659   2.04133
 0.841471    2.6884
  1.13395    2.5146
  1.72098  0.519946
   1.2055   2.75748
  1.81563   1.12204
0.00349497  0.910035
  2.81895   2.71497
  1.76317   1.26461
   1.2235  0.196471
   1.9934  0.148451
0.0603912   1.01007
  1.48232    1.2724
 0.396979  0.440473
  1.16769    1.6717
  2.05392   1.30219
  2.14297   1.42173
  1.51982   1.72393
  1.32928  0.227597
  2.54078  0.655555
  1.00523   1.32104
 0.322403   1.80268
  2.11202  0.476736
  2.86105  0.983027
  2.34573  0.370499
  1.02296   1.37877
 0.966809  0.741905
 0.844034  0.530679
  1.32542   2.25147
  1.61323   2.13792
  1.52852   2.89119
  2.39358   1.39359
  1.27898   1.60485
 0.858523   1.65418
  2.58998   1.33292
 0.793544  0.283276
  1.71531  0.766788
 0.588891 0.0537981
  1.51936   2.50699
  1.81921   2.65224
  2.66468   2.40012
  2.24071   1.34853
 0.450385    2.2647
  2.54504   2.36289
0.0827228  0.588905
0.0343858   2.78903
 0.587692   2.46667
   1.1966   1.50508
    2.376   1.38448
  2.95951    1.4474
  1.41446   2.65382
  1.26008  0.219861
   1.1464   1.01442
  2.45147  0.734525
0.0994659   1.44606
  1.32011   2.15734
  1.85635   1.31283
 0.274828   1.22576
 0.472331   1.64879
 0.896296   2.07522
  2.67742   1.22348
 0.893089   2.16805
   1.1592   2.28862
  1.56525   2.17543
  2.98778   1.23747
  1.24848    2.9519
   2.3428  0.453229
  2.46933   2.28179
  2.61809  0.275631
  1.46327   1.50373
  2.05778  0.101783
  1.23832   2.04464
  2.76547   1.48871
  2.74533   2.73476
  1.04129   0.32724
  1.71644   2.65737
   2.1143   1.84571
  1.37668   2.20004
   1.1418    1.0575
  2.57904   1.60621
  2.38425  0.358455
  2.53553   1.21772
  1.28121 0.0874424
  2.15399   1.33219
  0.67781   2.84587
 0.527345   1.48895
 0.347742   2.04926
 0.648586   1.27128
   1.7504   2.16242
  1.72296   1.86275
 0.925098   1.00183
    2.695  0.347389
 0.511923    0.4273
  2.23917  0.708412
  1.46269  0.513696
  1.41314  0.144115
 0.414721   2.44947
  1.68667  0.141856
  0.26241   2.69086
  2.47771  0.330225
   1.2315    1.0289
  2.67377    2.0576
  2.49498  0.247748
 0.356272   2.07166
  2.69839   1.90868
  1.83335   1.99683
LINKS_SOURCE_DESTINATION_DISTANCE 2464
     0      1      1
     0      2      1
     0      4      1
     0      5      1
     0     18      1
     0     20      1
     0     21      1
     0     34      1
     0     42      1
     0     92      1
     0    145      1
     1      0      1
     1      3      1
     1      4      1
     1      5      1
     1      8      1
     1     11      1
     1     28      1
     1     41      1
     1     52      1
     1    115      1
     2      0      1
     2      6      1
     2      7      1
     2     14      1
     2     33      1
     2     46      1
     2     48      1
     2     72      1
     2     73      1
     2    163      1
     2    184      1
     2    284      1
     2    299      1
     2    304      1
     2    384      1
     2    412      1
     2    424      1
     3      1      1
     3      6      1
     3     12      1
     3     23      1
     3     60      1
     3     62      1
     3     75      1
     3     83      1
     3     86      1
     3     93      1
     3    132      1
     3    277      1
     3    396      1
     4      0      1
     4      1      1
     4      6      1
     4      7      1
     4      8      1
     4      9      1
     4     13      1
     4     15      1
     4     30      1
     4     34      1
     4     67      1
     4     78      1
     4    204      1
     4    307      1
     4    312      1
     4    350      1
     4    436      1
     4    462      1
     5      0      1
     5      1      1
     5      9      1
     5     10      1
     5     11      1
     5     16      1
     5     21      1
     5     30      1
     5     71      1
     5     75      1
     5    100      1
     5    141      1
     5    218      1
     6      3      1
     6      2      1
     6      4      1
     6      8      1
     6     13      1
     6     17      1
     6     18      1
     6     36      1
     6     58      1
     6    100      1
     6    134      1
     6    160      1
     6    166      1
     6    195      1
     7      4      1
     7      2      1
     7     10      1
     7     17      1
     7     22      1
     7     41      1
     7     61      1
     7     74      1
     7    110      1
     7    270      1
     8      4      1
     8      6      1
     8      1      1
     8     10      1
     8     24      1
     8     41      1
     8     74      1
     8    139      1
     8    212      1
     8    214      1
     8    289      1
     9      5      1
     9      4      1
     9     12      1
     9     14      1
     9     15      1
     9     16      1
     9     22      1
     9     23      1
     9     27      1
     9     48      1
     9     52      1
     9     66      1
     9    185      1
     9    205      1
     9    213      1
    10      8      1
    10      7      1
    10      5      1
    10     16      1
    10     42      1
    10     72      1
    10    200      1
    10    294      1
    11      5      1
    11      1      1
    11     19      1
    11     20      1
    11     25      1
    11     27      1
    11     29      1
    11     56      1
    11     75      1
    11     85      1
    11     97      1
    11    153      1
    11    366      1
    11    399      1
    11    480      1
    12      3      1
    12      9      1
    12     19      1
    12     64      1
    12     83      1
    12    120      1
    12    226      1
    13      6      1
    13      4      1
    13     15      1
    13     28      1
    13     31      1
    13     40      1
    13     53      1
    13     57      1
    13     89      1
    13    105      1
    13    119      1
    13    342      1
    13    476      1
    14      9      1
    14      2      1
    14     19      1
    14     24      1
    14     25      1
    14     32      1
    14     37      1
    14     40      1
    14     54      1
    14     65      1
    14    204      1
    14    258      1
    14    497      1
    15      4      1
    15     13      1
    15      9      1
    15     21      1
    15     37      1
    15     39      1
    15     85      1
    15    135      1
    15    162      1
    15    169      1
    15    207      1
    15    235      1
    16     10      1
    16      5      1
    16      9      1
    16     24      1
    16     39      1
    16     84      1
    16    107      1
    16    109      1
    16    198      1
    16    261      1
    16    393      1
    16    428      1
    16    449      1
    16    493      1
    17      7      1
    17      6      1
    17     31      1
    17     47      1
    17     54      1
    17     64      1
    17    144      1
    17    220      1
    17    253      1
    17    290      1
    17    337      1
    17    379      1
    17    425      1
    17    450      1
    17    464      1
    18      6      1
    18      0      1
    18     35      1
    18     44      1
    18     63      1
    18    256      1
    18    323      1
    19     12      1
    19     14      1
    19     11      1
    19     29      1
    19     53      1
    19    144      1
    19    340      1
    19    402      1
    20      0      1
    20     11      1
    20     33      1
    20     38      1
    20     39      1
    20     46      1
    20     55      1
    20     65      1
    20     81      1
    20     89      1
    20    118      1
    20    123      1
    20    175      1
    20    350      1
    21     15      1
    21      0      1
    21      5      1
    21     25      1
    21     26      1
    21     29      1
    21     79      1
    21    336      1
    21    372      1
    22      9      1
    22      7      1
    22     36      1
    22     45      1
    22     59      1
    22    171      1
    22    197      1
    22    278      1
    22    287      1
    22    361      1
    22    377      1
    23      9      1
    23      3      1
    23     26      1
    23     32      1
    23     67      1
    23     82      1
    23     90      1
    23    105      1
    23    125      1
    23    199      1
    23    273      1
    23    343      1
    24     14      1
    24     16      1
    24      8      1
    24     71      1
    24    228      1
    24    383      1
    25     14      1
    25     21      1
    25     11      1
    25     28      1
    25     30      1
    25     32      1
    25     47      1
    25     86      1
    25    100      1
    25    131      1
    26     21      1
    26     23      1
    26     56      1
    26    110      1
    26    114      1
    26    137      1
    26    178      1
    26    291      1
    26    301      1
    27     11      1
    27      9      1
    27     44      1
    27     60      1
    27     69      1
    27     96      1
    27    102      1
    27    172      1
    27    244      1
    27    449      1
    28     13      1
    28     25      1
    28      1      1
    28     58      1
    28     63      1
    28    116      1
    28    148      1
    28    192      1
    28    206      1
    28    208      1
    28    405      1
    29     11      1
    29     19      1
    29     21      1
    29     34      1
    29     36      1
    29     61      1
    29     78      1
    29     98      1
    29    201      1
    30      5      1
    30     25      1
    30      4      1
    30     85      1
    30    177      1
    30    300      1
    31     13      1
    31     17      1
    31     49      1
    31     51      1
    31     59      1
    31     62      1
    31    145      1
    31    159      1
    31    191      1
    31    195      1
    31    246      1
    31    288      1
    32     14      1
    32     25      1
    32     23      1
    32     88      1
    32    146      1
    32    176      1
    32    224      1
    33      2      1
    33     20      1
    33     35      1
    33     95      1
    33    477      1
    34     29      1
    34      4      1
    34      0      1
    34     51      1
    34     68      1
    34    142      1
    34    147      1
    34    294      1
    34    481      1
    35     18      1
    35     33      1
    35     43      1
    35     49      1
    35     69      1
    35    448      1
    36      6      1
    36     29      1
    36     22      1
    36     38      1
    36     45      1
    36     50      1
    36    125      1
    36    318      1
    36    343      1
    36    464      1
    37     15      1
    37     14      1
    37     60      1
    37    111      1
    37    143      1
    37    168      1
    37    202      1
    37    305      1
    37    370      1
    38     36      1
    38     20      1
    38     43      1
    38     73      1
    38     78      1
    38     95      1
    38    103      1
    38    132      1
    38    181      1
    38    231      1
    38    293      1
    39     16      1
    39     20      1
    39     15      1
    39     57      1
    39     69      1
    39     76      1
    39     77      1
    39    104      1
    39    106      1
    39    125      1
    39    133      1
    39    142      1
    39    162      1
    39    201      1
    39    331      1
    39    355      1
    40     13      1
    40     14      1
    40     46      1
    40     55      1
    40     58      1
    40     59      1
    40     70      1
    40    114      1
    40    172      1
    40    249      1
    40    461      1
    40    474      1
    41      8      1
    41      1      1
    41      7      1
    41     54      1
    42      0      1
    42     10      1
    42     45      1
    42     61      1
    42     79      1
    42     95      1
    42    238      1
    42    257      1
    43     38      1
    43     35      1
    43     53      1
    43     72      1
    43    128      1
    43    149      1
    43    165      1
    43    357      1
    43    432      1
    43    436      1
    44     27      1
    44     18      1
    44     68      1
    44     92      1
    44    103      1
    44    155      1
    44    294      1
    44    337      1
    44    438      1
    44    463      1
    45     22      1
    45     36      1
    45     42      1
    45     71      1
    45    132      1
    46     40      1
    46     20      1
    46      2      1
    46     84      1
    46    112      1
    46    368      1
    47     17      1
    47     25      1
    47     49      1
    47     67      1
    47    101      1
    47    128      1
    47    134      1
    47    150      1
    47    260      1
    47    328      1
    48      9      1
    48      2      1
    48     50      1
    48     65      1
    48     82      1
    48    101      1
    48    122      1
    48    140      1
    48    414      1
    49     35      1
    49     47      1
    49     31      1
    49     55      1
    49     77      1
    49    156      1
    49    353      1
    50     36      1
    50     48      1
    50    309      1
    51     31      1
    51     34      1
    51     87      1
    51     91      1
    51    299      1
    51    400      1
    51    407      1
    52      9      1
    52      1      1
    52     87      1
    52    107      1
    52    138      1
    52    213      1
    52    239      1
    53     13      1
    53     43      1
    53     19      1
    53    233      1
    53    330      1
    54     17      1
    54     14      1
    54     41      1
    54     82      1
    54    160      1
    54    296      1
    54    377      1
    54    440      1
    54    455      1
    54    499      1
    55     49      1
    55     40      1
    55     20      1
    55    359      1
    55    403      1
    56     11      1
    56     26      1
    56     80      1
    56    105      1
    56    136      1
    56    139      1
    56    200      1
    56    230      1
    56    419      1
    56    485      1
    57     13      1
    57     39      1
    57     80      1
    57     99      1
    57    124      1
    57    143      1
    57    155      1
    57    208      1
    57    234      1
    57    263      1
    57    335      1
    57    387      1
    58      6      1
    58     28      1
    58     40      1
    58     76      1
    58    102      1
    58    168      1
    58    278      1
    58    303      1
    59     31      1
    59     40      1
    59     22      1
    59     96      1
    59    106      1
    59    119      1
    59    229      1
    59    262      1
    59    281      1
    59    373      1
    60     27      1
    60     37      1
    60      3      1
    60    118      1
    61     42      1
    61     29      1
    61      7      1
    61     66      1
    61     93      1
    61    117      1
    61    127      1
    61    160      1
    61    194      1
    61    256      1
    61    279      1
    61    469      1
    62      3      1
    62     31      1
    62     70      1
    62     93      1
    62    188      1
    62    315      1
    62    359      1
    62    375      1
    63     28      1
    63     18      1
    63     64      1
    63     98      1
    63    116      1
    63    170      1
    63    181      1
    63    234      1
    63    314      1
    63    369      1
    64     17      1
    64     63      1
    64     12      1
    64     97      1
    64    108      1
    64    113      1
    64    287      1
    64    414      1
    65     14      1
    65     20      1
    65     48      1
    65     94      1
    65     99      1
    66     61      1
    66      9      1
    66    102      1
    66    316      1
    66    377      1
    66    447      1
    67     23      1
    67      4      1
    67     47      1
    67     68      1
    67    104      1
    67    150      1
    67    206      1
    67    265      1
    67    374      1
    68     44      1
    68     34      1
    68     67      1
    68     94      1
    69     27      1
    69     35      1
    69     39      1
    69    147      1
    69    148      1
    69    157      1
    69    173      1
    69    177      1
    69    253      1
    69    391      1
    69    423      1
    69    430      1
    70     40      1
    70     62      1
    70    308      1
    70    327      1
    70    424      1
    71     45      1
    71     24      1
    71      5      1
    71     80      1
    71     91      1
    71    130      1
    71    201      1
    71    221      1
    71    237      1
    71    282      1
    71    423      1
    72     43      1
    72     10      1
    72      2      1
    72    202      1
    72    274      1
    72    407      1
    72    475      1
    73     38      1
    73      2      1
    73    325      1
    73    351      1
    74      7      1
    74      8      1
    74    101      1
    74    158      1
    74    240      1
    74    265      1
    74    435      1
    74    438      1
    74    487      1
    75     11      1
    75      3      1
    75      5      1
    75     88      1
    75     90      1
    75    118      1
    75    126      1
    75    152      1
    75    251      1
    75    303      1
    76     39      1
    76     58      1
    76    149      1
    76    154      1
    76    173      1
    76    252      1
    76    255      1
    77     49      1
    77     39      1
    77    104      1
    77    155      1
    77    230      1
    77    420      1
    77    445      1
    78      4      1
    78     38      1
    78     29      1
    78    176      1
    78    272      1
    78    392      1
    79     42      1
    79     21      1
    79     92      1
    79    109      1
    79    153      1
    79    227      1
    80     57      1
    80     71      1
    80     56      1
    80     81      1
    80    123      1
    80    130      1
    80    158      1
    80    410      1
    81     20      1
    81     80      1
    81     89      1
    81    190      1
    81    210      1
    81    257      1
    82     54      1
    82     48      1
    82     23      1
    82    141      1
    82    159      1
    82    164      1
    82    297      1
    82    442      1
    82    481      1
    83      3      1
    83     12      1
    83    112      1
    83    120      1
    83    187      1
    83    244      1
    84     46      1
    84     16      1
    84    388      1
    85     15      1
    85     30      1
    85     11      1
    85     96      1
    85    121      1
    85    133      1
    85    164      1
    85    165      1
    85    166      1
    85    277      1
    85    323      1
    85    392      1
    85    491      1
    86      3      1
    86     25      1
    86    352      1
    87     51      1
    87     52      1
    87    167      1
    87    318      1
    88     32      1
    88     75      1
    88    121      1
    88    284      1
    88    301      1
    88    338      1
    89     13      1
    89     81      1
    89     20      1
    89    168      1
    89    171      1
    89    450      1
    90     23      1
    90     75      1
    90     97      1
    90    156      1
    90    239      1
    91     71      1
    91     51      1
    91     94      1
    91    147      1
    91    167      1
    91    232      1
    91    319      1
    92     44      1
    92     79      1
    92      0      1
    92    108      1
    92    184      1
    92    316      1
    92    338      1
    92    364      1
    93     61      1
    93     62      1
    93      3      1
    93    151      1
    93    175      1
    93    227      1
    93    442      1
    94     68      1
    94     91      1
    94     65      1
    94    108      1
    94    109      1
    94    113      1
    94    114      1
    94    116      1
    94    167      1
    94    186      1
    94    383      1
    95     42      1
    95     33      1
    95     38      1
    95    164      1
    95    214      1
    95    300      1
    95    486      1
    96     59      1
    96     27      1
    96     85      1
    96    129      1
    96    169      1
    96    266      1
    96    279      1
    96    386      1
    96    395      1
    96    409      1
    96    411      1
    97     11      1
    97     64      1
    97     90      1
    97    107      1
    97    162      1
    97    304      1
    97    399      1
    98     29      1
    98     63      1
    98    111      1
    98    243      1
    98    300      1
    99     57      1
    99     65      1
    99    193      1
    99    242      1
    99    247      1
    99    459      1
   100      5      1
   100      6      1
   100     25      1
   100    211      1
   100    271      1
   100    274      1
   100    324      1
   101     48      1
   101     47      1
   101     74      1
   101    110      1
   101    140      1
   101    266      1
   101    444      1
   102     27      1
   102     66      1
   102     58      1
   102    386      1
   102    451      1
   103     38      1
   103     44      1
   103    202      1
   103    241      1
   103    456      1
   104     67      1
   104     77      1
   104     39      1
   104    123      1
   104    174      1
   104    247      1
   104    494      1
   105     23      1
   105     56      1
   105     13      1
   105    192      1
   105    371      1
   106     39      1
   106     59      1
   106    126      1
   106    131      1
   106    170      1
   106    178      1
   106    215      1
   106    321      1
   107     97      1
   107     52      1
   107     16      1
   107    161      1
   107    182      1
   107    333      1
   107    371      1
   108     64      1
   108     92      1
   108     94      1
   108    295      1
   108    297      1
   108    360      1
   108    384      1
   109     79      1
   109     94      1
   109     16      1
   109    112      1
   109    194      1
   109    376      1
   109    456      1
   109    472      1
   110      7      1
   110     26      1
   110    101      1
   110    127      1
   110    135      1
   110    156      1
   110    381      1
   110    408      1
   111     98      1
   111     37      1
   111    117      1
   111    250      1
   111    327      1
   111    448      1
   112     46      1
   112    109      1
   112     83      1
   112    115      1
   112    236      1
   112    459      1
   113     64      1
   113     94      1
   113    203      1
   113    284      1
   113    364      1
   114     40      1
   114     94      1
   114     26      1
   114    197      1
   114    476      1
   115      1      1
   115    112      1
   115    176      1
   115    209      1
   115    358      1
   116     94      1
   116     28      1
   116     63      1
   116    222      1
   116    479      1
   117     61      1
   117    111      1
   117    122      1
   117    137      1
   117    146      1
   117    354      1
   117    389      1
   117    495      1
   118     75      1
   118     60      1
   118     20      1
   118    281      1
   118    334      1
   119     59      1
   119     13      1
   119    124      1
   119    129      1
   119    136      1
   119    191      1
   119    405      1
   120     12      1
   120     83      1
   120    145      1
   120    216      1
   120    299      1
   120    378      1
   121     88      1
   121     85      1
   121    150      1
   121    266      1
   121    292      1
   121    330      1
   121    474      1
   122    117      1
   122     48      1
   122    161      1
   122    241      1
   122    247      1
   123     20      1
   123     80      1
   123    104      1
   123    169      1
   123    347      1
   123    447      1
   124    119      1
   124     57      1
   124    134      1
   124    185      1
   124    351      1
   124    356      1
   124    367      1
   124    372      1
   124    497      1
   125     39      1
   125     36      1
   125     23      1
   125    183      1
   125    193      1
   125    238      1
   125    346      1
   125    354      1
   126    106      1
   126     75      1
   126    136      1
   126    196      1
   126    203      1
   126    254      1
   126    340      1
   127     61      1
   127    110      1
   127    157      1
   127    207      1
   127    254      1
   128     47      1
   128     43      1
   128    268      1
   129    119      1
   129     96      1
   129    232      1
   129    429      1
   130     80      1
   130     71      1
   130    179      1
   131     25      1
   131    106      1
   131    152      1
   131    175      1
   131    183      1
   131    198      1
   132     38      1
   132     45      1
   132      3      1
   132    191      1
   132    447      1
   133     85      1
   133     39      1
   133    138      1
   133    151      1
   133    180      1
   133    302      1
   133    318      1
   134     47      1
   134      6      1
   134    124      1
   134    214      1
   134    223      1
   134    243      1
   134    259      1
   134    293      1
   134    332      1
   134    474      1
   135    110      1
   135     15      1
   135    148      1
   135    173      1
   135    189      1
   135    246      1
   135    289      1
   135    326      1
   135    398      1
   135    428      1
   135    467      1
   136     56      1
   136    119      1
   136    126      1
   136    210      1
   136    226      1
   136    432      1
   137     26      1
   137    117      1
   137    153      1
   137    154      1
   137    174      1
   137    278      1
   137    311      1
   137    396      1
   137    416      1
   137    419      1
   137    471      1
   138     52      1
   138    133      1
   138    143      1
   138    392      1
   139     56      1
   139      8      1
   139    151      1
   139    215      1
   139    317      1
   139    334      1
   139    344      1
   140    101      1
   140     48      1
   140    269      1
   140    325      1
   141      5      1
   141     82      1
   141    227      1
   142     39      1
   142     34      1
   142    252      1
   142    273      1
   142    426      1
   143    138      1
   143     37      1
   143     57      1
   143    149      1
   143    225      1
   143    248      1
   143    394      1
   144     17      1
   144     19      1
   144    260      1
   144    281      1
   144    345      1
   144    354      1
   145      0      1
   145     31      1
   145    120      1
   145    184      1
   145    216      1
   145    218      1
   145    220      1
   145    397      1
   146     32      1
   146    117      1
   146    163      1
   146    211      1
   146    431      1
   146    438      1
   146    489      1
   147     34      1
   147     91      1
   147     69      1
   147    228      1
   147    310      1
   148     69      1
   148    135      1
   148     28      1
   148    315      1
   149     76      1
   149     43      1
   149    143      1
   149    204      1
   149    217      1
   149    250      1
   149    322      1
   149    487      1
   150     47      1
   150     67      1
   150    121      1
   150    437      1
   150    470      1
   150    488      1
   151    133      1
   151    139      1
   151     93      1
   151    222      1
   151    307      1
   151    413      1
   151    465      1
   152     75      1
   152    131      1
   152    189      1
   153    137      1
   153     11      1
   153     79      1
   153    174      1
   153    267      1
   153    390      1
   154     76      1
   154    137      1
   154    216      1
   154    290      1
   154    372      1
   155     44      1
   155     57      1
   155     77      1
   155    182      1
   155    186      1
   155    253      1
   156    110      1
   156     90      1
   156     49      1
   156    196      1
   156    200      1
   156    342      1
   157     69      1
   157    127      1
   157    425      1
   158     74      1
   158     80      1
   158    229      1
   159     82      1
   159     31      1
   159    264      1
   159    454      1
   160     61      1
   160     54      1
   160      6      1
   160    209      1
   160    231      1
   160    335      1
   161    107      1
   161    122      1
   161    270      1
   162     97      1
   162     15      1
   162     39      1
   162    258      1
   163      2      1
   163    146      1
   163    288      1
   163    317      1
   163    403      1
   164     82      1
   164     95      1
   164     85      1
   164    186      1
   165     85      1
   165     43      1
   165    183      1
   165    211      1
   165    228      1
   165    248      1
   165    295      1
   165    433      1
   166     85      1
   166      6      1
   166    179      1
   166    224      1
   166    249      1
   166    339      1
   166    483      1
   167     91      1
   167     94      1
   167     87      1
   167    298      1
   168     37      1
   168     89      1
   168     58      1
   168    251      1
   168    313      1
   168    373      1
   168    383      1
   168    393      1
   169    123      1
   169     96      1
   169     15      1
   169    178      1
   169    203      1
   169    350      1
   170     63      1
   170    106      1
   170    212      1
   170    226      1
   170    285      1
   170    468      1
   171     89      1
   171     22      1
   171    182      1
   171    194      1
   171    222      1
   171    455      1
   172     27      1
   172     40      1
   172    180      1
   172    262      1
   172    293      1
   172    304      1
   172    329      1
   172    363      1
   172    434      1
   173    135      1
   173     76      1
   173     69      1
   173    187      1
   173    338      1
   173    374      1
   174    153      1
   174    104      1
   174    137      1
   174    210      1
   175     20      1
   175     93      1
   175    131      1
   175    352      1
   176     78      1
   176     32      1
   176    115      1
   177     69      1
   177     30      1
   177    245      1
   177    258      1
   177    268      1
   177    320      1
   177    342      1
   178    106      1
   178     26      1
   178    169      1
   178    185      1
   178    190      1
   178    257      1
   178    271      1
   178    272      1
   179    130      1
   179    166      1
   179    205      1
   179    219      1
   179    427      1
   180    172      1
   180    133      1
   181     38      1
   181     63      1
   181    188      1
   181    193      1
   181    236      1
   181    286      1
   181    450      1
   182    107      1
   182    155      1
   182    171      1
   182    199      1
   182    313      1
   182    369      1
   182    385      1
   183    165      1
   183    125      1
   183    131      1
   183    233      1
   183    301      1
   183    395      1
   184     92      1
   184    145      1
   184      2      1
   184    496      1
   185      9      1
   185    124      1
   185    178      1
   186    164      1
   186     94      1
   186    155      1
   186    368      1
   187    173      1
   187     83      1
   187    259      1
   187    400      1
   188     62      1
   188    181      1
   188    452      1
   189    152      1
   189    135      1
   189    348      1
   189    401      1
   190    178      1
   190     81      1
   190    207      1
   190    225      1
   190    279      1
   190    365      1
   191    132      1
   191    119      1
   191     31      1
   191    457      1
   192    105      1
   192     28      1
   192    205      1
   192    242      1
   192    256      1
   192    271      1
   192    421      1
   193    125      1
   193     99      1
   193    181      1
   193    260      1
   194    171      1
   194     61      1
   194    109      1
   194    245      1
   195      6      1
   195     31      1
   195    223      1
   195    323      1
   195    343      1
   196    126      1
   196    156      1
   196    235      1
   196    263      1
   197    114      1
   197     22      1
   197    261      1
   197    398      1
   197    417      1
   198    131      1
   198     16      1
   198    219      1
   198    244      1
   198    285      1
   199     23      1
   199    182      1
   199    404      1
   200     10      1
   200     56      1
   200    156      1
   201     39      1
   201     29      1
   201     71      1
   201    225      1
   201    265      1
   201    309      1
   201    310      1
   201    315      1
   202     37      1
   202     72      1
   202    103      1
   203    126      1
   203    113      1
   203    169      1
   203    352      1
   203    388      1
   204     14      1
   204    149      1
   204      4      1
   204    305      1
   204    316      1
   204    380      1
   205      9      1
   205    179      1
   205    192      1
   205    291      1
   205    324      1
   205    417      1
   205    420      1
   206     28      1
   206     67      1
   206    241      1
   207     15      1
   207    190      1
   207    127      1
   207    212      1
   207    255      1
   207    405      1
   207    409      1
   207    413      1
   208     57      1
   208     28      1
   208    349      1
   208    394      1
   208    471      1
   209    160      1
   209    115      1
   209    480      1
   210     81      1
   210    136      1
   210    174      1
   210    237      1
   210    414      1
   211    100      1
   211    165      1
   211    146      1
   211    310      1
   211    460      1
   212      8      1
   212    170      1
   212    207      1
   212    437      1
   213     52      1
   213      9      1
   213    336      1
   214      8      1
   214     95      1
   214    134      1
   214    306      1
   215    106      1
   215    139      1
   215    314      1
   215    441      1
   216    120      1
   216    154      1
   216    145      1
   216    217      1
   216    240      1
   216    361      1
   216    467      1
   217    149      1
   217    216      1
   217    221      1
   217    295      1
   218    145      1
   218      5      1
   218    250      1
   218    288      1
   218    333      1
   218    429      1
   219    179      1
   219    198      1
   219    286      1
   219    327      1
   219    366      1
   220    145      1
   220     17      1
   220    243      1
   220    368      1
   220    458      1
   221     71      1
   221    217      1
   221    410      1
   222    151      1
   222    171      1
   222    116      1
   222    259      1
   222    302      1
   222    400      1
   223    195      1
   223    134      1
   223    245      1
   223    276      1
   223    399      1
   224     32      1
   224    166      1
   224    275      1
   224    402      1
   225    201      1
   225    143      1
   225    190      1
   225    320      1
   225    328      1
   225    373      1
   226    170      1
   226    136      1
   226     12      1
   227    141      1
   227     79      1
   227     93      1
   227    276      1
   227    314      1
   227    422      1
   228     24      1
   228    147      1
   228    165      1
   228    280      1
   228    331      1
   229    158      1
   229     59      1
   229    267      1
   229    470      1
   230     77      1
   230     56      1
   230    237      1
   230    280      1
   230    482      1
   231    160      1
   231     38      1
   231    457      1
   232     91      1
   232    129      1
   232    440      1
   233     53      1
   233    183      1
   233    264      1
   233    306      1
   233    333      1
   233    341      1
   233    422      1
   233    460      1
   234     57      1
   234     63      1
   234    308      1
   235     15      1
   235    196      1
   235    269      1
   235    443      1
   236    112      1
   236    181      1
   236    240      1
   237    230      1
   237     71      1
   237    210      1
   237    339      1
   237    485      1
   238     42      1
   238    125      1
   238    332      1
   239     90      1
   239     52      1
   240    216      1
   240     74      1
   240    236      1
   240    292      1
   240    362      1
   241    206      1
   241    122      1
   241    103      1
   241    381      1
   242    192      1
   242     99      1
   242    268      1
   243     98      1
   243    220      1
   243    134      1
   243    378      1
   243    496      1
   244     83      1
   244    198      1
   244     27      1
   244    344      1
   245    223      1
   245    177      1
   245    194      1
   245    440      1
   246    135      1
   246     31      1
   246    280      1
   247    122      1
   247    104      1
   247     99      1
   248    143      1
   248    165      1
   249     40      1
   249    166      1
   250    218      1
   250    149      1
   250    111      1
   250    382      1
   250    462      1
   251    168      1
   251     75      1
   252     76      1
   252    142      1
   252    255      1
   252    277      1
   252    356      1
   252    426      1
   252    473      1
   253    155      1
   253     69      1
   253     17      1
   253    482      1
   254    127      1
   254    126      1
   254    353      1
   255     76      1
   255    207      1
   255    252      1
   256     18      1
   256     61      1
   256    192      1
   256    296      1
   257     81      1
   257    178      1
   257     42      1
   257    275      1
   257    347      1
   258    177      1
   258     14      1
   258    162      1
   258    282      1
   258    428      1
   259    134      1
   259    222      1
   259    187      1
   259    283      1
   259    494      1
   260    144      1
   260    193      1
   260     47      1
   261     16      1
   261    197      1
   261    459      1
   262    172      1
   262     59      1
   262    345      1
   262    479      1
   263    196      1
   263     57      1
   264    233      1
   264    159      1
   264    286      1
   264    351      1
   265     74      1
   265    201      1
   265     67      1
   265    312      1
   265    387      1
   265    446      1
   266    121      1
   266    101      1
   266     96      1
   267    153      1
   267    229      1
   267    298      1
   267    341      1
   267    362      1
   267    434      1
   268    177      1
   268    242      1
   268    128      1
   268    308      1
   269    235      1
   269    140      1
   270      7      1
   270    161      1
   270    319      1
   270    321      1
   270    484      1
   271    192      1
   271    178      1
   271    100      1
   271    416      1
   272     78      1
   272    178      1
   272    358      1
   273    142      1
   273     23      1
   273    274      1
   273    362      1
   274     72      1
   274    273      1
   274    100      1
   275    224      1
   275    257      1
   275    470      1
   275    490      1
   276    223      1
   276    227      1
   277    252      1
   277      3      1
   277     85      1
   277    355      1
   277    380      1
   278    137      1
   278     22      1
   278     58      1
   278    283      1
   278    359      1
   278    452      1
   279     96      1
   279     61      1
   279    190      1
   280    246      1
   280    230      1
   280    228      1
   281     59      1
   281    144      1
   281    118      1
   281    336      1
   281    444      1
   282    258      1
   282     71      1
   283    278      1
   283    259      1
   283    329      1
   284    113      1
   284     88      1
   284      2      1
   284    287      1
   285    198      1
   285    170      1
   285    344      1
   286    264      1
   286    219      1
   286    181      1
   286    329      1
   286    389      1
   286    443      1
   287     22      1
   287     64      1
   287    284      1
   287    322      1
   287    446      1
   287    498      1
   288     31      1
   288    218      1
   288    163      1
   288    408      1
   289      8      1
   289    135      1
   290     17      1
   290    154      1
   290    360      1
   291    205      1
   291     26      1
   291    410      1
   292    121      1
   292    240      1
   292    402      1
   293    172      1
   293    134      1
   293     38      1
   293    311      1
   293    498      1
   294     44      1
   294     34      1
   294     10      1
   295    108      1
   295    165      1
   295    217      1
   295    439      1
   296    256      1
   296     54      1
   297     82      1
   297    108      1
   297    466      1
   298    167      1
   298    267      1
   299     51      1
   299    120      1
   299      2      1
   299    311      1
   299    385      1
   299    458      1
   300     98      1
   300     30      1
   300     95      1
   300    432      1
   301    183      1
   301     26      1
   301     88      1
   301    461      1
   301    485      1
   302    222      1
   302    133      1
   302    469      1
   302    489      1
   303     75      1
   303     58      1
   303    313      1
   303    382      1
   303    492      1
   304      2      1
   304     97      1
   304    172      1
   304    499      1
   305     37      1
   305    204      1
   305    488      1
   306    214      1
   306    233      1
   306    423      1
   307      4      1
   307    151      1
   307    363      1
   308     70      1
   308    268      1
   308    234      1
   309    201      1
   309     50      1
   310    201      1
   310    147      1
   310    211      1
   310    328      1
   311    137      1
   311    299      1
   311    293      1
   311    453      1
   312    265      1
   312      4      1
   312    326      1
   312    367      1
   312    446      1
   313    168      1
   313    303      1
   313    182      1
   313    349      1
   313    390      1
   314     63      1
   314    227      1
   314    215      1
   315    201      1
   315     62      1
   315    148      1
   316     92      1
   316     66      1
   316    204      1
   316    430      1
   316    434      1
   317    139      1
   317    163      1
   318    133      1
   318     36      1
   318     87      1
   318    370      1
   318    430      1
   318    433      1
   318    465      1
   318    481      1
   319     91      1
   319    270      1
   319    348      1
   319    376      1
   320    177      1
   320    225      1
   320    397      1
   320    416      1
   320    483      1
   321    106      1
   321    270      1
   321    419      1
   322    149      1
   322    287      1
   323    195      1
   323     85      1
   323     18      1
   323    460      1
   323    475      1
   323    493      1
   324    205      1
   324    100      1
   325     73      1
   325    140      1
   325    370      1
   325    457      1
   326    135      1
   326    312      1
   326    346      1
   327    111      1
   327    219      1
   327     70      1
   328     47      1
   328    310      1
   328    225      1
   328    365      1
   329    283      1
   329    286      1
   329    172      1
   329    358      1
   329    397      1
   330    121      1
   330     53      1
   330    401      1
   331     39      1
   331    228      1
   331    375      1
   331    413      1
   332    134      1
   332    238      1
   332    473      1
   333    107      1
   333    218      1
   333    233      1
   333    409      1
   334    139      1
   334    118      1
   334    435      1
   334    478      1
   335     57      1
   335    160      1
   336    281      1
   336     21      1
   336    213      1
   336    463      1
   337     17      1
   337     44      1
   338     88      1
   338    173      1
   338     92      1
   339    237      1
   339    166      1
   339    495      1
   340    126      1
   340     19      1
   340    415      1
   340    461      1
   341    267      1
   341    233      1
   341    451      1
   342     13      1
   342    156      1
   342    177      1
   342    477      1
   343     36      1
   343     23      1
   343    195      1
   344    244      1
   344    139      1
   344    285      1
   344    406      1
   345    144      1
   345    262      1
   345    411      1
   346    125      1
   346    326      1
   346    454      1
   347    123      1
   347    257      1
   348    189      1
   348    319      1
   348    357      1
   349    313      1
   349    208      1
   349    391      1
   349    441      1
   350    169      1
   350      4      1
   350     20      1
   350    480      1
   351    264      1
   351     73      1
   351    124      1
   351    426      1
   352    203      1
   352     86      1
   352    175      1
   353     49      1
   353    254      1
   354    125      1
   354    117      1
   354    144      1
   354    406      1
   355    277      1
   355     39      1
   356    252      1
   356    124      1
   356    381      1
   357    348      1
   357     43      1
   357    478      1
   358    115      1
   358    329      1
   358    272      1
   358    367      1
   359    278      1
   359     55      1
   359     62      1
   360    108      1
   360    290      1
   360    404      1
   361     22      1
   361    216      1
   361    379      1
   362    240      1
   362    273      1
   362    267      1
   362    453      1
   363    307      1
   363    172      1
   363    415      1
   363    445      1
   363    475      1
   364     92      1
   364    113      1
   364    385      1
   365    190      1
   365    328      1
   365    412      1
   365    498      1
   366     11      1
   366    219      1
   366    408      1
   367    124      1
   367    312      1
   367    358      1
   367    418      1
   368    220      1
   368    186      1
   368     46      1
   369    182      1
   369     63      1
   370    318      1
   370     37      1
   370    325      1
   371    107      1
   371    105      1
   372     21      1
   372    124      1
   372    154      1
   373    225      1
   373    168      1
   373     59      1
   373    448      1
   373    492      1
   374     67      1
   374    173      1
   375    331      1
   375     62      1
   375    454      1
   375    486      1
   375    490      1
   376    109      1
   376    319      1
   376    393      1
   377     22      1
   377     66      1
   377     54      1
   378    243      1
   378    120      1
   379    361      1
   379     17      1
   379    387      1
   379    424      1
   380    277      1
   380    204      1
   381    110      1
   381    356      1
   381    241      1
   381    417      1
   382    250      1
   382    303      1
   382    418      1
   383     24      1
   383     94      1
   383    168      1
   383    439      1
   384      2      1
   384    108      1
   385    364      1
   385    299      1
   385    182      1
   386    102      1
   386     96      1
   386    421      1
   387     57      1
   387    379      1
   387    265      1
   387    449      1
   388    203      1
   388     84      1
   389    286      1
   389    117      1
   390    313      1
   390    153      1
   390    431      1
   391    349      1
   391     69      1
   392     85      1
   392    138      1
   392     78      1
   393    376      1
   393    168      1
   393     16      1
   393    427      1
   393    496      1
   394    143      1
   394    208      1
   395     96      1
   395    183      1
   396    137      1
   396      3      1
   396    439      1
   396    466      1
   396    488      1
   397    145      1
   397    320      1
   397    329      1
   398    135      1
   398    197      1
   398    471      1
   399    223      1
   399     97      1
   399     11      1
   400    222      1
   400    187      1
   400     51      1
   401    189      1
   401    330      1
   401    425      1
   402    224      1
   402    292      1
   402     19      1
   403    163      1
   403     55      1
   404    360      1
   404    199      1
   405    207      1
   405     28      1
   405    119      1
   406    354      1
   406    344      1
   407     72      1
   407     51      1
   408    288      1
   408    110      1
   408    366      1
   409     96      1
   409    333      1
   409    207      1
   410    291      1
   410     80      1
   410    221      1
   411     96      1
   411    345      1
   411    472      1
   412    365      1
   412      2      1
   413    207      1
   413    331      1
   413    151      1
   414     64      1
   414     48      1
   414    210      1
   415    340      1
   415    363      1
   416    137      1
   416    271      1
   416    320      1
   417    197      1
   417    205      1
   417    381      1
   418    382      1
   418    367      1
   419     56      1
   419    137      1
   419    321      1
   420    205      1
   420     77      1
   421    192      1
   421    386      1
   422    227      1
   422    233      1
   423     71      1
   423     69      1
   423    306      1
   423    467      1
   424      2      1
   424     70      1
   424    379      1
   425    157      1
   425    401      1
   425     17      1
   425    487      1
   426    142      1
   426    351      1
   426    252      1
   427    393      1
   427    179      1
   428     16      1
   428    135      1
   428    258      1
   429    129      1
   429    218      1
   429    455      1
   430    316      1
   430     69      1
   430    318      1
   430    452      1
   431    146      1
   431    390      1
   432     43      1
   432    300      1
   432    136      1
   432    456      1
   433    165      1
   433    318      1
   434    172      1
   434    267      1
   434    316      1
   435     74      1
   435    334      1
   436      4      1
   436     43      1
   437    150      1
   437    212      1
   438     44      1
   438     74      1
   438    146      1
   439    295      1
   439    383      1
   439    396      1
   439    468      1
   439    494      1
   440    245      1
   440     54      1
   440    232      1
   441    349      1
   441    215      1
   442     93      1
   442     82      1
   443    235      1
   443    286      1
   443    491      1
   444    101      1
   444    281      1
   444    484      1
   445     77      1
   445    363      1
   446    287      1
   446    312      1
   446    265      1
   446    469      1
   447    123      1
   447    132      1
   447     66      1
   448    111      1
   448    373      1
   448     35      1
   449     27      1
   449     16      1
   449    387      1
   450     89      1
   450     17      1
   450    181      1
   451    341      1
   451    102      1
   452    188      1
   452    430      1
   452    278      1
   453    311      1
   453    362      1
   453    458      1
   454    159      1
   454    346      1
   454    375      1
   455    171      1
   455    429      1
   455     54      1
   456    103      1
   456    432      1
   456    109      1
   457    191      1
   457    231      1
   457    325      1
   458    220      1
   458    453      1
   458    299      1
   458    464      1
   459     99      1
   459    112      1
   459    261      1
   460    233      1
   460    323      1
   460    211      1
   461     40      1
   461    301      1
   461    340      1
   462    250      1
   462      4      1
   463     44      1
   463    336      1
   464     17      1
   464     36      1
   464    458      1
   465    318      1
   465    151      1
   466    396      1
   466    297      1
   467    216      1
   467    423      1
   467    135      1
   468    170      1
   468    439      1
   469    302      1
   469     61      1
   469    446      1
   470    229      1
   470    275      1
   470    150      1
   471    398      1
   471    137      1
   471    208      1
   472    109      1
   472    411      1
   473    252      1
   473    332      1
   473    483      1
   474    121      1
   474     40      1
   474    134      1
   475     72      1
   475    323      1
   475    363      1
   476     13      1
   476    114      1
   477    342      1
   477     33      1
   478    334      1
   478    357      1
   479    262      1
   479    116      1
   480    209      1
   480    350      1
   480     11      1
   481    318      1
   481     34      1
   481     82      1
   482    230      1
   482    253      1
   483    473      1
   483    320      1
   483    166      1
   484    444      1
   484    270      1
   485     56      1
   485    301      1
   485    237      1
   486     95      1
   486    375      1
   487     74      1
   487    149      1
   487    425      1
   488    305      1
   488    150      1
   488    396      1
   489    302      1
   489    146      1
   490    275      1
   490    375      1
   491    443      1
   491     85      1
   492    373      1
   492    303      1
   493    323      1
   493     16      1
   494    259      1
   494    439      1
   494    104      1
   495    339      1
   495    117      1
   496    393      1
   496    243      1
   496    184      1
   497     14      1
   497    124      1
   498    365      1
   498    293      1
   498    287      1
   499    304      1
   499     54      1
