COORD_X_Y 200
   2.8484  0.187688
 0.993605   1.21996
  1.60873   1.89579
   1.8397   2.62421
  2.10226  0.156515
 0.769001   2.44418
  0.21596   2.47838
  2.91852    2.8866
 0.405427  0.887395
  2.94946  0.614266
  1.65455    2.9198
 0.228651   2.15734
 0.683963   2.54308
  1.16574  0.185428
  2.55551  0.975847
  1.34312   1.24094
  1.93674   2.14758
   1.2357   1.44438
  2.27191   1.38449
  2.90819  0.831465
  1.85569   1.04512
  1.36181  0.403135
  1.89436  0.391351
  2.24143   2.98603
  2.76063 0.0643659
  2.89546   2.88658
 0.872928   0.66793
   2.8129   2.37327
  2.87394   1.69003
  2.64893   1.15307
  1.47215   1.78076
  1.17671   1.89175
 0.900408   2.93368
  1.46486  0.963245
0.0913219   1.11891
 0.130569   1.57282
  2.91055   1.24026
 0.356019   1.10276
  2.93774   1.54175
  2.65031    2.0518
 0.389608  0.346594
 0.805731   1.19226
 0.941013   2.80128
  2.80333   1.07609
 0.636953   2.27337
 0.709672  0.821139
 0.259648   1.76187
  1.79638  0.460682
  2.79915  0.040455
  1.11711   1.50193
  1.54388  0.129708
  1.67731 0.0610999
  2.52215  0.307236
   1.7106  0.879234
  2.49126    2.8802
  2.45478   2.47362
  1.14816   2.85881
  1.74679    2.3234
  1.66396   1.63788
  1.65891   2.65553
0.0334473  0.412872
0.0911424  0.714285
  2.93321   1.87004
 0.935374   2.64192
  2.85774   2.34881
  2.86148  0.895204
  1.12532    1.8667
  2.23206   1.96528
    0.485   2.00955
  1.67025  0.158545
  1.31833  0.991457
  1.37225  0.337236
  1.13411   1.83453
  1.35825  0.521023
  2.26281  0.267791
  1.90996   2.76039
  1.61121    0.9711
 0.493778   1.88493
  1.15823   2.06581
  2.50977   1.76047
0.0890881   2.63947
 0.324726  0.930909
  1.54821   2.08242
 0.431766   2.85313
  1.61274  0.324444
  2.95387  0.918629
0.0857643   1.64258
  0.38748   1.23941
 0.998046  0.923909
  2.03937   1.91031
  2.05352 0.0457501
  1.83553  0.528262
 0.723106  0.554802
  2.06208   1.78908
  1.45787   1.74338
  2.83471   2.32191
  2.86166   1.15553
  2.10064  0.488609
0.0585743   2.63944
  2.43324  0.342388
0.0204096  0.833322
  2.37062  0.230338
0.0540657   2.67384
 0.956502   1.72154
  2.24157  0.719195
  2.94291   1.49637
  2.74216    2.8956
  1.30352   1.33174
  1.13517   2.40642
  2.78747   1.33428
  1.61047   1.73031
  1.00387   0.38514
  2.32892   1.58766
  1.31214   2.27332
  1.21984    2.2297
   1.4069   2.84729
 0.726511   1.04787
  1.89047   1.35551
 0.390269   2.06792
  1.53768   1.63958
  0.55739   2.13842
 0.311266   2.92383
 0.580657   2.05447
  1.71498  0.529626
  2.15548   0.95547
 0.959643   1.54689
 0.396811  0.744049
0.0678576  0.801081
  2.61087   1.49478
  2.35125  0.453243
  2.57214   2.91946
 0.409483  0.728612
  2.02658    1.6109
  1.99507   1.33613
  1.77259  0.326363
  2.46381    2.4657
  1.06695   1.99681
  1.37908    1.3501
  0.95777   2.23835
  1.71865   1.93221
  1.65104   1.73145
  2.70091   1.03799
 0.147771   2.31395
  1.49179  0.686262
  1.74013   0.97694
  1.13313   1.07044
  1.59661   2.45815
 0.275748   1.06049
 0.933478    2.5729
  1.85953   1.10789
  2.97523  0.618884
  1.20149   2.02577
 0.988218 0.0608261
 0.329753   2.21224
  1.44005   1.24162
  1.06075   1.64259
  2.09405   2.62861
  1.82638  0.960883
  2.15834   2.26864
  2.88491   0.30144
  1.29712  0.994475
  2.49353  0.553231
 0.877103   0.64938
  1.09696   2.93208
  2.50746   1.14459
 0.297187   2.13545
  1.68524   1.81535
 0.698495   0.44329
  1.47905   2.62248
  0.64448   2.90616
  1.97056   1.45943
  1.84752  0.258536
   2.9522  0.688813
  1.50861  0.704911
  2.22835   2.76401
 0.637047   1.92245
 0.645066 0.0886831
  2.72065   2.81113
  1.55039   1.75874
  1.66207   1.75288
  1.42041  0.863664
  1.26596   1.12286
0.0888345   1.42115
0.0941735  0.841981
  2.88854   2.02879
  1.92551    2.3004
  1.11048  0.873811
0.0764206  0.386829
  1.06839   2.42584
 0.819068   2.82865
 0.435575  0.633783
   2.5934   2.26899
  2.40643   0.09112
  2.13769  0.807845
 0.450669   1.02072
  1.30835 0.0239154
  1.65804  0.711088
  2.99846  0.385011
 0.789534   1.96378
  2.49456   2.86486
LINKS_SOURCE_DESTINATION_DISTANCE 996
     0      1      1
     0      3      1
     0      5      1
     0      6      1
     0     10      1
     0     13      1
     0     23      1
     0     31      1
     0     32      1
     0     40      1
     0     46      1
     0     57      1
     0    103      1
     1      0      1
     1      2      1
     1      4      1
     1      6      1
     1      8      1
     1      9      1
     1     19      1
     1     34      1
     1    112      1
     2      1      1
     2      6      1
     2      7      1
     2     11      1
     2     14      1
     2     21      1
     2     45      1
     2    132      1
     2    149      1
     2    162      1
     2    163      1
     3      0      1
     3      4      1
     3      5      1
     3     10      1
     3     12      1
     3     18      1
     3     25      1
     3     27      1
     3     31      1
     3     35      1
     3     37      1
     3     68      1
     4      1      1
     4      3      1
     4      7      1
     4      8      1
     4     13      1
     4     16      1
     4     17      1
     4     21      1
     4     41      1
     4     42      1
     4     51      1
     4     63      1
     4     87      1
     4    140      1
     4    150      1
     4    164      1
     5      3      1
     5      0      1
     5      7      1
     5     18      1
     5     32      1
     5     50      1
     5     64      1
     5    128      1
     5    147      1
     5    169      1
     6      2      1
     6      0      1
     6      1      1
     6      9      1
     6     30      1
     6     41      1
     6     82      1
     6    106      1
     6    153      1
     7      2      1
     7      5      1
     7      4      1
     7      9      1
     7     11      1
     7     13      1
     7     14      1
     7     19      1
     7     28      1
     7     40      1
     7     42      1
     8      1      1
     8      4      1
     8     16      1
     8     36      1
     8    143      1
     9      6      1
     9      1      1
     9      7      1
     9     12      1
     9     36      1
     9     40      1
     9     79      1
     9    134      1
     9    159      1
    10      0      1
    10      3      1
    10     16      1
    10     20      1
    10     24      1
    10     36      1
    10     39      1
    10     48      1
    10     50      1
    10     51      1
    10     66      1
    11      7      1
    11      2      1
    11     15      1
    11     17      1
    11     18      1
    11     22      1
    11     26      1
    11     35      1
    11     57      1
    11     61      1
    11     67      1
    11     84      1
    11     89      1
    11    105      1
    11    179      1
    12      3      1
    12      9      1
    12     15      1
    12     19      1
    12     20      1
    12     31      1
    12     62      1
    12     86      1
    12    105      1
    12    112      1
    13      7      1
    13      4      1
    13      0      1
    13     14      1
    13     21      1
    13     22      1
    13     29      1
    13     35      1
    13     53      1
    13     64      1
    13     74      1
    13     76      1
    13     92      1
    13    117      1
    13    129      1
    13    157      1
    14     13      1
    14      7      1
    14      2      1
    14     15      1
    14     27      1
    14    168      1
    15     11      1
    15     12      1
    15     14      1
    15     26      1
    15     27      1
    15     30      1
    15     39      1
    15    177      1
    16     10      1
    16      8      1
    16      4      1
    16     20      1
    16     33      1
    16     47      1
    16     49      1
    16     52      1
    16     62      1
    16    121      1
    16    184      1
    17     11      1
    17      4      1
    17     30      1
    17     43      1
    17    118      1
    17    141      1
    18      3      1
    18      5      1
    18     11      1
    18     47      1
    18     91      1
    19      1      1
    19     12      1
    19      7      1
    19     33      1
    19     85      1
    19    125      1
    19    142      1
    20     12      1
    20     16      1
    20     10      1
    20     23      1
    20     34      1
    20     41      1
    20    132      1
    21      4      1
    21      2      1
    21     13      1
    21     22      1
    21     38      1
    21     42      1
    21     84      1
    21     88      1
    21    176      1
    22     21      1
    22     11      1
    22     13      1
    22     80      1
    22     98      1
    22    155      1
    22    197      1
    23      0      1
    23     20      1
    23     24      1
    23     25      1
    23     56      1
    23     65      1
    24     23      1
    24     10      1
    24     47      1
    24     93      1
    24    104      1
    24    108      1
    24    141      1
    24    151      1
    24    173      1
    25      3      1
    25     23      1
    25     29      1
    25     38      1
    25     57      1
    25     58      1
    25     77      1
    25     87      1
    25    129      1
    26     15      1
    26     11      1
    26     28      1
    26     46      1
    26     75      1
    26     82      1
    26     86      1
    26    112      1
    27     14      1
    27     15      1
    27      3      1
    27     58      1
    27     71      1
    27     89      1
    27    109      1
    27    111      1
    27    150      1
    27    183      1
    28     26      1
    28      7      1
    28     48      1
    28     80      1
    28    136      1
    28    185      1
    29     25      1
    29     13      1
    29     37      1
    29     54      1
    29     78      1
    29     96      1
    29    105      1
    30      6      1
    30     15      1
    30     17      1
    30     39      1
    30    114      1
    30    161      1
    30    163      1
    31      0      1
    31     12      1
    31      3      1
    31     34      1
    31     49      1
    31     60      1
    31     62      1
    31    118      1
    32      5      1
    32      0      1
    32    103      1
    32    118      1
    32    181      1
    33     19      1
    33     16      1
    33     38      1
    33     44      1
    33     48      1
    33    106      1
    33    115      1
    33    140      1
    33    178      1
    34     31      1
    34     20      1
    34      1      1
    34     52      1
    34     55      1
    34     76      1
    34    119      1
    35     13      1
    35      3      1
    35     11      1
    35     43      1
    35     66      1
    35     79      1
    35    196      1
    36     10      1
    36      9      1
    36      8      1
    36     59      1
    36     72      1
    36    144      1
    37      3      1
    37     29      1
    37     44      1
    37    131      1
    38     21      1
    38     25      1
    38     33      1
    38     60      1
    38     69      1
    38     73      1
    38     99      1
    38    113      1
    38    184      1
    38    192      1
    39     15      1
    39     30      1
    39     10      1
    39     45      1
    39    130      1
    39    169      1
    40      9      1
    40      7      1
    40      0      1
    40     50      1
    40     63      1
    40     71      1
    40    176      1
    41      4      1
    41     20      1
    41      6      1
    41     82      1
    41    146      1
    42     21      1
    42      7      1
    42      4      1
    42     77      1
    42    124      1
    42    152      1
    43     17      1
    43     35      1
    43     65      1
    43    139      1
    44     33      1
    44     37      1
    44     90      1
    45     39      1
    45      2      1
    45     53      1
    45     54      1
    45     59      1
    45     67      1
    45     72      1
    45    126      1
    45    135      1
    46     26      1
    46      0      1
    46     58      1
    46     64      1
    46    163      1
    46    189      1
    47     16      1
    47     24      1
    47     18      1
    47     63      1
    47     81      1
    47    122      1
    48     10      1
    48     33      1
    48     28      1
    48     74      1
    48     77      1
    48    188      1
    49     31      1
    49     16      1
    49     89      1
    49    145      1
    50     40      1
    50     10      1
    50      5      1
    50     55      1
    50     81      1
    50    100      1
    50    148      1
    51      4      1
    51     10      1
    51     53      1
    51     56      1
    51    114      1
    52     34      1
    52     16      1
    52     75      1
    52    109      1
    52    113      1
    53     45      1
    53     51      1
    53     13      1
    53     54      1
    53    110      1
    53    111      1
    53    123      1
    53    153      1
    53    157      1
    54     53      1
    54     29      1
    54     45      1
    54     65      1
    54     73      1
    54     88      1
    55     50      1
    55     34      1
    55     68      1
    55     69      1
    55     99      1
    55    108      1
    55    140      1
    56     23      1
    56     51      1
    56    130      1
    56    147      1
    56    199      1
    57      0      1
    57     25      1
    57     11      1
    57    161      1
    58     27      1
    58     25      1
    58     46      1
    58     66      1
    58    122      1
    58    124      1
    59     45      1
    59     36      1
    59     61      1
    59    102      1
    59    113      1
    59    129      1
    60     38      1
    60     31      1
    60     75      1
    61     59      1
    61     11      1
    61     83      1
    61     90      1
    61     97      1
    61    136      1
    61    186      1
    62     12      1
    62     16      1
    62     31      1
    62     91      1
    62    101      1
    62    115      1
    63     40      1
    63     47      1
    63      4      1
    63     85      1
    63    114      1
    63    156      1
    64     46      1
    64      5      1
    64     13      1
    64     70      1
    64     72      1
    64     74      1
    65     54      1
    65     43      1
    65     23      1
    65     70      1
    65     92      1
    65     95      1
    65    102      1
    65    120      1
    65    155      1
    65    183      1
    66     58      1
    66     10      1
    66     35      1
    66     91      1
    66    104      1
    66    154      1
    66    164      1
    66    165      1
    66    181      1
    67     45      1
    67     11      1
    67    100      1
    67    117      1
    67    146      1
    67    151      1
    68     55      1
    68      3      1
    69     38      1
    69     55      1
    70     64      1
    70     65      1
    70     96      1
    70    116      1
    71     40      1
    71     27      1
    71     95      1
    71     99      1
    71    191      1
    72     45      1
    72     64      1
    72     36      1
    72     86      1
    72     97      1
    73     38      1
    73     54      1
    73     78      1
    73     81      1
    73    160      1
    73    185      1
    73    187      1
    73    198      1
    74     64      1
    74     13      1
    74     48      1
    75     26      1
    75     60      1
    75     52      1
    75    191      1
    76     34      1
    76     13      1
    76    103      1
    76    134      1
    76    160      1
    76    162      1
    77     42      1
    77     48      1
    77     25      1
    77     83      1
    77     98      1
    77    107      1
    78     73      1
    78     29      1
    78    101      1
    78    143      1
    78    174      1
    79     35      1
    79      9      1
    80     22      1
    80     28      1
    80     92      1
    80    116      1
    80    179      1
    81     73      1
    81     50      1
    81     47      1
    81    120      1
    81    131      1
    81    195      1
    82     41      1
    82      6      1
    82     26      1
    82     93      1
    82     94      1
    82    166      1
    83     77      1
    83     61      1
    83    107      1
    83    126      1
    83    154      1
    83    186      1
    83    193      1
    84     21      1
    84     11      1
    84    108      1
    84    127      1
    84    142      1
    85     63      1
    85     19      1
    85    171      1
    86     26      1
    86     72      1
    86     12      1
    87     25      1
    87      4      1
    87     94      1
    87     98      1
    88     21      1
    88     54      1
    88     93      1
    88    132      1
    88    135      1
    88    172      1
    89     27      1
    89     49      1
    89     11      1
    89    119      1
    90     44      1
    90     61      1
    90    101      1
    90    190      1
    91     62      1
    91     66      1
    91     18      1
    91    167      1
    92     65      1
    92     13      1
    92     80      1
    93     88      1
    93     82      1
    93     24      1
    93    137      1
    93    168      1
    94     82      1
    94     87      1
    95     71      1
    95     65      1
    95    100      1
    95    106      1
    95    149      1
    95    166      1
    96     70      1
    96     29      1
    96    111      1
    96    159      1
    97     61      1
    97     72      1
    97    110      1
    97    137      1
    97    145      1
    97    153      1
    97    180      1
    97    187      1
    98     87      1
    98     77      1
    98     22      1
    98    123      1
    98    196      1
    99     38      1
    99     71      1
    99     55      1
    99    127      1
   100     95      1
   100     67      1
   100     50      1
   100    148      1
   101     78      1
   101     62      1
   101     90      1
   101    121      1
   101    144      1
   101    187      1
   101    193      1
   102     65      1
   102     59      1
   102    145      1
   103     76      1
   103     32      1
   103      0      1
   103    104      1
   103    152      1
   103    180      1
   104     66      1
   104    103      1
   104     24      1
   104    149      1
   105     29      1
   105     12      1
   105     11      1
   106     33      1
   106      6      1
   106     95      1
   106    117      1
   107     83      1
   107     77      1
   108     84      1
   108     24      1
   108     55      1
   109     52      1
   109     27      1
   109    116      1
   110     53      1
   110     97      1
   110    158      1
   110    160      1
   111     27      1
   111     53      1
   111     96      1
   111    175      1
   112     12      1
   112      1      1
   112     26      1
   112    133      1
   113     52      1
   113     59      1
   113     38      1
   113    122      1
   114     63      1
   114     51      1
   114     30      1
   114    131      1
   114    173      1
   115     33      1
   115     62      1
   115    167      1
   116     70      1
   116     80      1
   116    109      1
   116    146      1
   117    106      1
   117     13      1
   117     67      1
   117    137      1
   117    158      1
   118     31      1
   118     32      1
   118     17      1
   118    169      1
   118    182      1
   118    192      1
   119     34      1
   119     89      1
   119    196      1
   120     65      1
   120     81      1
   120    133      1
   121    101      1
   121     16      1
   121    125      1
   121    157      1
   122    113      1
   122     47      1
   122     58      1
   122    128      1
   122    130      1
   123     98      1
   123     53      1
   123    139      1
   124     58      1
   124     42      1
   124    128      1
   125     19      1
   125    121      1
   126     45      1
   126     83      1
   126    197      1
   127     84      1
   127     99      1
   127    190      1
   128    122      1
   128      5      1
   128    124      1
   128    138      1
   129     59      1
   129     25      1
   129     13      1
   130    122      1
   130     56      1
   130     39      1
   131    114      1
   131     37      1
   131     81      1
   131    173      1
   131    177      1
   132      2      1
   132     20      1
   132     88      1
   132    138      1
   133    112      1
   133    120      1
   133    135      1
   133    179      1
   134     76      1
   134      9      1
   134    154      1
   135     45      1
   135    133      1
   135     88      1
   135    165      1
   135    167      1
   136     28      1
   136     61      1
   136    178      1
   136    189      1
   137    117      1
   137     97      1
   137     93      1
   138    128      1
   138    132      1
   138    189      1
   139    123      1
   139     43      1
   139    190      1
   140      4      1
   140     33      1
   140     55      1
   140    195      1
   141     24      1
   141     17      1
   141    156      1
   141    166      1
   142     19      1
   142     84      1
   142    147      1
   142    156      1
   142    170      1
   143     78      1
   143      8      1
   143    175      1
   144    101      1
   144     36      1
   145    102      1
   145     97      1
   145     49      1
   145    148      1
   146    116      1
   146     67      1
   146     41      1
   147      5      1
   147    142      1
   147     56      1
   147    152      1
   147    195      1
   148    145      1
   148    100      1
   148     50      1
   149     95      1
   149    104      1
   149      2      1
   149    171      1
   150      4      1
   150     27      1
   151     67      1
   151     24      1
   152    103      1
   152     42      1
   152    147      1
   152    176      1
   153     97      1
   153      6      1
   153     53      1
   154     83      1
   154     66      1
   154    134      1
   155     65      1
   155     22      1
   156    141      1
   156     63      1
   156    142      1
   156    177      1
   157    121      1
   157     13      1
   157     53      1
   157    174      1
   158    110      1
   158    117      1
   158    175      1
   159     96      1
   159      9      1
   160     73      1
   160     76      1
   160    110      1
   160    170      1
   161     57      1
   161     30      1
   162      2      1
   162     76      1
   163      2      1
   163     30      1
   163     46      1
   163    164      1
   164    163      1
   164     66      1
   164      4      1
   164    188      1
   165     66      1
   165    135      1
   165    191      1
   165    198      1
   166     82      1
   166     95      1
   166    141      1
   166    168      1
   167    115      1
   167     91      1
   167    135      1
   167    185      1
   168     93      1
   168     14      1
   168    166      1
   169      5      1
   169    118      1
   169     39      1
   169    194      1
   170    160      1
   170    142      1
   170    186      1
   171    149      1
   171     85      1
   171    172      1
   171    182      1
   171    184      1
   172     88      1
   172    171      1
   173    114      1
   173    131      1
   173     24      1
   174    157      1
   174     78      1
   175    143      1
   175    111      1
   175    158      1
   176     21      1
   176     40      1
   176    152      1
   177     15      1
   177    156      1
   177    131      1
   177    194      1
   178    136      1
   178     33      1
   179     11      1
   179     80      1
   179    133      1
   180     97      1
   180    103      1
   181     66      1
   181     32      1
   182    118      1
   182    171      1
   182    199      1
   183     65      1
   183     27      1
   184     16      1
   184     38      1
   184    171      1
   185     73      1
   185     28      1
   185    167      1
   186     83      1
   186     61      1
   186    170      1
   187    101      1
   187     97      1
   187     73      1
   188    164      1
   188     48      1
   189    136      1
   189     46      1
   189    138      1
   190    127      1
   190     90      1
   190    139      1
   191     71      1
   191     75      1
   191    165      1
   192     38      1
   192    118      1
   192    199      1
   193     83      1
   193    101      1
   194    169      1
   194    177      1
   195     81      1
   195    147      1
   195    140      1
   196    119      1
   196     98      1
   196     35      1
   197    126      1
   197     22      1
   198    165      1
   198     73      1
   199     56      1
   199    182      1
   199    192      1
