COORD_X_Y 100
  1.14322  0.726144
  1.47067   2.96309
  2.26582  0.590649
  2.54761  0.793753
  2.27612   2.44664
  1.78535   1.90651
   1.0157  0.819374
  2.36211   0.74113
  2.50002   1.25197
 0.678878  0.235245
  2.94084   2.25826
  2.77271  0.178952
    2.845  0.376631
  2.30222   1.90953
 0.892318   1.95661
  2.10934   1.75977
 0.165015  0.580048
 0.226811   1.78859
  1.64119  0.656098
  1.09886   2.46272
  2.46065   1.57421
  1.12249    1.0808
  2.21265   2.26924
  2.73515   1.93134
0.0407559  0.744056
  0.32668   1.43522
  2.57949   2.38176
 0.926364   1.62221
  2.68383  0.149882
  0.68017   2.82113
  1.26808    1.2148
  1.11938  0.903394
  1.65752    2.4277
   1.1801   0.95207
  2.95423   2.43794
  2.17831  0.267607
  1.25658   1.66847
 0.648167  0.829569
  1.57997   2.91948
 0.190501   1.85948
 0.470325   1.83222
   1.1501   1.41001
 0.118126   1.98493
 0.908109   1.15859
  1.67002   1.10145
  1.31665   2.23444
  2.97538   1.59596
 0.976798    2.0139
  2.74262 0.0975437
  1.63042  0.997052
  2.35551  0.044991
 0.234514   2.42831
  2.03063   2.22273
 0.460768   2.24391
  2.61109   0.60203
  1.29531   1.03501
  2.46207   1.93065
 0.640113   0.84104
  2.90969   2.25924
  2.08961   2.04874
   0.2173   1.46753
  1.72864   2.11422
   2.5513   1.92762
 0.332182   2.88454
  2.09519   1.88674
   1.7429  0.730928
 0.613807   1.79679
  2.67771  0.823659
 0.116995   1.57308
  1.00262   1.18536
  2.40354   2.40054
  2.07562   1.52997
  1.10028  0.906126
 0.144482   1.49577
  2.62722   1.46171
  2.13808   2.19994
  2.57655   2.10071
 0.460309    2.1331
 0.399062  0.599573
  2.81872   1.64551
  2.54625   1.76217
  2.18869   0.44902
  1.55049  0.120834
  1.19609   1.94365
0.0937877   2.35182
 0.330436  0.417947
  2.01856  0.204186
  2.14706  0.756264
  1.40133   1.38404
 0.776374  0.405917
  1.74379   1.01544
  1.84752   1.71252
0.00345808  0.495408
  1.54926   2.06339
  2.93087  0.405089
  1.11727   2.77125
  1.67979   1.10861
 0.988351   2.78303
  2.04128   2.67202
 0.757571   1.83011
LINKS_SOURCE_DESTINATION_DISTANCE 484
     0      1      1
     0      4      1
     0      5      1
     0     13      1
     0     16      1
     0     19      1
     0     27      1
     0     45      1
     0     74      1
     1      0      1
     1      2      1
     1     11      1
     1     24      1
     1     28      1
     1     33      1
     1     48      1
     1     51      1
     1     75      1
     1     98      1
     2      1      1
     2      3      1
     2      4      1
     2      5      1
     2      8      1
     2     10      1
     2     27      1
     2     42      1
     2     50      1
     2     52      1
     2     57      1
     2     58      1
     2     59      1
     2     92      1
     3      2      1
     3      7      1
     3     13      1
     3     53      1
     3     57      1
     4      0      1
     4      2      1
     4      6      1
     4      8      1
     4     18      1
     4     24      1
     4     38      1
     4     62      1
     4     69      1
     4     76      1
     5      2      1
     5      0      1
     5      6      1
     5      9      1
     5     10      1
     5     17      1
     5     31      1
     5     34      1
     5     42      1
     5     43      1
     5     78      1
     5     82      1
     6      4      1
     6      5      1
     6      7      1
     6     12      1
     6     14      1
     6     22      1
     6     37      1
     6     46      1
     7      6      1
     7      3      1
     7      9      1
     7     10      1
     7     15      1
     7     32      1
     7     65      1
     8      4      1
     8      2      1
     8     26      1
     8     32      1
     8     38      1
     8     43      1
     8     54      1
     8     55      1
     9      5      1
     9      7      1
     9     12      1
     9     24      1
     9     29      1
     9     41      1
     9     85      1
    10      7      1
    10      5      1
    10      2      1
    10     11      1
    10     17      1
    10     25      1
    10     32      1
    10     42      1
    10     51      1
    10     60      1
    10     62      1
    10     95      1
    11      1      1
    11     10      1
    11     18      1
    11     23      1
    11     25      1
    11     35      1
    11     65      1
    12      6      1
    12      9      1
    12     15      1
    12     18      1
    12     36      1
    13      0      1
    13      3      1
    13     14      1
    13     16      1
    13     20      1
    13     33      1
    13     39      1
    14     13      1
    14      6      1
    14     55      1
    15      7      1
    15     12      1
    15     17      1
    15     25      1
    15     36      1
    15     40      1
    15     45      1
    15     52      1
    15     68      1
    16     13      1
    16      0      1
    16     21      1
    16     30      1
    16     31      1
    16     91      1
    17      5      1
    17     15      1
    17     10      1
    17     20      1
    17     21      1
    17     34      1
    17     37      1
    17     53      1
    18      4      1
    18     12      1
    18     11      1
    18     19      1
    18     22      1
    18     88      1
    18     97      1
    19     18      1
    19      0      1
    19     23      1
    19     44      1
    19     49      1
    19     69      1
    19     82      1
    20     17      1
    20     13      1
    20     46      1
    20     52      1
    20     72      1
    20     99      1
    21     16      1
    21     17      1
    21     78      1
    21     83      1
    21     86      1
    22      6      1
    22     18      1
    22     36      1
    22     41      1
    22     66      1
    23     11      1
    23     19      1
    23     28      1
    23     35      1
    23     81      1
    24      4      1
    24      9      1
    24      1      1
    24     26      1
    24     31      1
    24     43      1
    24     46      1
    24     54      1
    24     91      1
    25     11      1
    25     10      1
    25     15      1
    25     26      1
    25     27      1
    25     30      1
    25     38      1
    25     49      1
    25     85      1
    25     90      1
    26      8      1
    26     25      1
    26     24      1
    26     29      1
    26     30      1
    26     39      1
    26     53      1
    26     66      1
    26     95      1
    27     25      1
    27      2      1
    27      0      1
    27     58      1
    27     75      1
    27     96      1
    28      1      1
    28     23      1
    28     29      1
    28     37      1
    29      9      1
    29     28      1
    29     26      1
    29     48      1
    29     57      1
    29     68      1
    30     25      1
    30     16      1
    30     26      1
    30     40      1
    30     71      1
    30     96      1
    31      5      1
    31     16      1
    31     24      1
    31     55      1
    31     70      1
    31     80      1
    32      8      1
    32     10      1
    32      7      1
    32     50      1
    32     56      1
    33     13      1
    33      1      1
    33     50      1
    33     93      1
    34     17      1
    34      5      1
    34     47      1
    34     77      1
    34     88      1
    35     11      1
    35     23      1
    35     86      1
    36     15      1
    36     22      1
    36     12      1
    36     58      1
    36     63      1
    36     67      1
    37     17      1
    37     28      1
    37      6      1
    37     74      1
    38     25      1
    38      8      1
    38      4      1
    38     44      1
    38     63      1
    38     75      1
    39     26      1
    39     13      1
    39     63      1
    39     87      1
    40     15      1
    40     30      1
    40     65      1
    41      9      1
    41     22      1
    41     45      1
    41     47      1
    41     54      1
    42      2      1
    42      5      1
    42     10      1
    43      5      1
    43      8      1
    43     24      1
    43     44      1
    44     38      1
    44     43      1
    44     19      1
    45      0      1
    45     41      1
    45     15      1
    45     59      1
    45     73      1
    46      6      1
    46     24      1
    46     20      1
    46     95      1
    46     97      1
    47     34      1
    47     41      1
    47     51      1
    47     93      1
    48      1      1
    48     29      1
    48     64      1
    48     92      1
    49     25      1
    49     19      1
    49     64      1
    50     32      1
    50     33      1
    50      2      1
    50     60      1
    50     71      1
    50     73      1
    51     47      1
    51      1      1
    51     10      1
    51     61      1
    51     74      1
    51     81      1
    51     83      1
    52     15      1
    52     20      1
    52      2      1
    53     26      1
    53     17      1
    53      3      1
    54     24      1
    54     41      1
    54      8      1
    54     56      1
    54     84      1
    55     14      1
    55     31      1
    55      8      1
    55     60      1
    56     54      1
    56     32      1
    56     84      1
    56     89      1
    57     29      1
    57      2      1
    57      3      1
    58     36      1
    58     27      1
    58      2      1
    59      2      1
    59     45      1
    59     61      1
    60     10      1
    60     55      1
    60     50      1
    60     67      1
    60     70      1
    60     77      1
    60     79      1
    61     59      1
    61     51      1
    61     90      1
    62      4      1
    62     10      1
    62     67      1
    63     38      1
    63     39      1
    63     36      1
    63     76      1
    64     48      1
    64     49      1
    64     96      1
    65     11      1
    65     40      1
    65      7      1
    66     26      1
    66     22      1
    66     99      1
    67     36      1
    67     62      1
    67     60      1
    67     72      1
    68     29      1
    68     15      1
    68     80      1
    69     19      1
    69      4      1
    70     31      1
    70     60      1
    70     77      1
    70     79      1
    71     50      1
    71     30      1
    71     89      1
    71     92      1
    71     98      1
    72     67      1
    72     20      1
    72     79      1
    73     50      1
    73     45      1
    73     94      1
    74      0      1
    74     51      1
    74     37      1
    74     90      1
    75     27      1
    75      1      1
    75     38      1
    76     63      1
    76      4      1
    77     60      1
    77     70      1
    77     34      1
    77     83      1
    78     21      1
    78      5      1
    78     89      1
    79     72      1
    79     60      1
    79     70      1
    79     82      1
    79     98      1
    80     68      1
    80     31      1
    81     23      1
    81     51      1
    82     19      1
    82      5      1
    82     79      1
    82     87      1
    83     21      1
    83     51      1
    83     77      1
    84     56      1
    84     54      1
    85      9      1
    85     25      1
    86     35      1
    86     21      1
    86     87      1
    86     99      1
    87     82      1
    87     39      1
    87     86      1
    88     18      1
    88     34      1
    88     93      1
    89     56      1
    89     78      1
    89     71      1
    90     61      1
    90     25      1
    90     74      1
    91     16      1
    91     24      1
    92     48      1
    92     71      1
    92      2      1
    92     94      1
    93     33      1
    93     47      1
    93     88      1
    93     94      1
    94     92      1
    94     93      1
    94     73      1
    95     10      1
    95     46      1
    95     26      1
    96     27      1
    96     64      1
    96     30      1
    97     18      1
    97     46      1
    98     71      1
    98      1      1
    98     79      1
    99     86      1
    99     20      1
    99     66      1
