COORD_X_Y 500
   1.6439   0.40877
  1.22373   2.63955
 0.800732   2.87784
  1.73469   1.99977
 0.700577    2.9448
  2.80077   2.14153
  1.06264   1.76999
  1.67863  0.238351
 0.549059   1.41113
  1.17721   2.10006
  1.95509   1.32847
    2.328  0.897784
  1.08743  0.917621
 0.707666     1.347
   2.5438   1.97928
  2.00409  0.544973
  2.86475  0.325937
 0.006785 0.0198964
 0.403904   1.65167
 0.676613   2.76047
  1.39204   2.65223
  1.73724   1.87001
  1.11623  0.503485
  1.06692   1.67347
  2.00456  0.973637
  2.42541   1.97323
   1.3419  0.561213
  2.17434   2.78256
  1.99978   2.66608
 0.434032   2.01807
 0.385386  0.670584
  1.57001  0.383988
 0.343464   2.58592
  2.35116   1.59818
  2.18404   1.71158
  2.48108   2.92476
 0.928927   2.21789
  1.12694  0.913222
  2.75751   2.96463
  2.92786    2.9021
  1.70624 0.0401963
  1.04717   2.75046
  1.79778   0.58959
 0.956178   2.75972
 0.105192  0.248065
  2.21357   1.74445
  2.74509   2.29861
   2.0577   1.94428
  2.68874   1.82135
  1.62285  0.967117
  2.03386   1.69949
  2.07106   2.87514
  2.43682   2.40838
 0.284493   1.62148
  0.86191   2.70254
   1.1208  0.683561
  2.63129  0.545443
  1.07673   2.67477
0.0692669   2.10062
  2.83347  0.316571
 0.098969   2.92068
  2.87778   1.41305
  2.46224    1.6593
   2.7624   2.39258
  2.84777   2.64783
  2.45058 0.0350838
 0.696858   2.66017
 0.111468   1.80061
  2.70169    2.5939
  1.26345   1.31915
  1.12253   1.30873
 0.321309  0.278614
  2.63932 0.0935782
 0.249043   1.60975
 0.264367   1.47623
  1.24666   2.58627
 0.998134   1.52781
  2.18712   0.98727
  1.82541  0.194573
   1.9973  0.315797
 0.399629  0.726527
  2.53804   1.59457
  1.60619   1.17824
 0.347641   1.80119
 0.944685  0.607357
 0.175963   2.44145
 0.890624  0.148088
  2.10921   1.52455
  1.87326   1.15751
  2.58735    1.2137
 0.822881   1.04639
 0.156455  0.516296
  2.17659   1.23294
  1.71828   1.35393
  2.31041   1.49683
 0.965898   1.92846
 0.272459   1.25045
 0.838045 0.0533555
   2.8561  0.831447
  1.94734   1.11369
   1.4714   1.47648
  2.02102   2.79858
  1.33242   1.75105
  1.31679   2.13748
  1.76547   1.44906
  2.85209  0.264445
  2.60217   1.72074
  1.44364   1.67343
  2.18107  0.104709
  1.98032   1.53353
   1.1987   1.61106
 0.964091   1.10474
  2.13647  0.333084
  2.05622   1.69674
  1.69342  0.207888
 0.251914   1.05209
0.0312305  0.635069
  2.06009   2.32429
  1.45318  0.774281
  1.68389   1.14683
  2.43283   2.80892
0.0774439   1.14743
  2.92314   2.90792
 0.236641   2.60804
 0.116806   1.27942
   1.4117   2.43568
  2.53906   1.28214
  2.08899   1.04331
  1.90889 0.0108615
  2.35789    1.7572
  1.51362  0.456086
  2.62512   2.01813
  2.30723   1.91883
  2.90127    0.5838
  1.56447   1.66328
  2.29491   0.17527
  1.55881  0.190132
  1.34443   2.19773
 0.612444   1.60831
 0.717934    2.9795
  2.92399   2.74409
  2.25283   1.26558
  1.19383   2.47076
 0.635454   1.69254
 0.832161  0.110966
     2.83   1.03463
  1.96251   2.68001
  1.26938  0.705601
  2.55784 0.0186228
 0.777574   2.62797
  1.21307   2.46014
  2.74476   1.04279
  1.03535  0.753512
  2.46245    1.3078
  2.43109  0.105399
 0.647322  0.893831
  1.26069 0.0158289
  1.19666 0.00966248
 0.742534   0.25826
  1.62249   1.06422
  1.45481   1.52319
  2.60588  0.342223
   2.8188   1.73743
  2.25862   2.67128
  2.54372   2.55757
 0.330915  0.150111
0.0370387   2.56075
  2.70942   2.31736
 0.442697 0.0815004
  2.67155 0.0855426
  1.87135  0.956481
 0.454235   0.64928
 0.314878  0.738329
 0.774087   2.71924
  1.29681   1.47065
 0.904951  0.170471
  2.62857  0.396225
  1.67569  0.790482
 0.304741   1.67701
  1.37473  0.756927
  1.53314  0.335398
   2.3837   1.11835
 0.334626   1.68674
  0.37702   1.58723
  2.10918   1.30572
  1.46522   1.33192
  1.84317   1.52893
  1.33522    1.9075
 0.781117   1.17559
 0.297537   2.84532
 0.882948   2.87174
 0.389273   1.26556
 0.442418   1.28333
  2.66749  0.677596
  2.62418   1.72855
  1.49239   1.82776
  1.87895   2.43832
 0.297288   2.80865
   1.8157    2.4402
  2.13936  0.703431
 0.277052   1.48941
  1.60202    2.4552
 0.373538  0.185596
 0.819796   1.13944
   2.0167   2.87523
   1.8614   0.49422
  2.36427   2.88208
 0.640192 0.0853997
 0.572277  0.861786
  1.74182   2.40049
  1.50073  0.981287
 0.599441   2.01927
  1.69849  0.930123
 0.578377  0.236996
  2.35877  0.446269
  1.70459   2.91621
  0.10648  0.451161
  2.09497  0.963656
  2.43774  0.916228
0.0656685   1.65332
     1.83  0.324047
  1.00779   2.35102
  2.68012   2.36552
  1.32896  0.661573
  2.05971   1.28373
  1.96439  0.750388
  2.19233   2.43931
 0.602113   1.02216
  1.67608  0.840482
  1.90725   1.05042
  1.98879   2.97207
 0.697654   1.75318
  1.74638   1.91205
   1.2843    1.1129
  2.32905  0.734637
  2.64484   1.36328
    2.103   1.00478
  2.39526   2.59761
  1.47113   1.70179
  2.20333   1.92615
 0.491879  0.660475
  2.50064   2.25282
 0.325579   1.76086
  0.74425   1.29134
   2.3279   1.85749
 0.351321    0.1072
0.0247852   2.99124
  2.26395   2.17782
   2.7556   2.53201
 0.611668   2.08594
  2.77229   2.90767
 0.970945  0.363786
  1.49513     2.022
  1.67638    2.6689
  2.93819   0.92928
  1.57755   2.95797
   1.9454    2.5894
 0.274818   1.49432
  2.52215  0.563645
  1.60099   1.79194
 0.148711   2.94256
  1.94313   1.52626
  2.27161   1.08345
 0.562642    2.1823
  2.53141 0.0651102
  2.44704  0.853335
  2.96141   2.46228
  1.34441   1.65851
  1.06815   2.31821
  1.21252    2.8926
  2.30001   2.33329
0.0174812   1.37069
  2.28729   1.35512
  1.99523  0.703528
  2.62543   1.51903
  2.42003  0.462967
 0.778601   1.49947
 0.625654   1.47526
 0.368131   1.78832
  1.32413    1.9345
 0.594818   2.34576
  1.49808  0.546686
 0.215102   1.09335
 0.243255   1.12332
   1.3375   1.01298
  2.01487   2.88882
  2.29678   1.76861
  1.83615   2.23233
  1.99274 0.0210169
 0.627382  0.614323
  0.63342   0.47762
    1.264   0.89853
  2.22374   2.56466
 0.399747  0.621612
 0.130619  0.317433
  1.09334   1.39774
 0.127859  0.576894
 0.986459   2.59772
   1.8989   2.49655
  2.67629    2.7644
  2.30659  0.138638
 0.782535   2.40287
  1.15048  0.879924
  2.27006    1.3299
 0.696419   1.15316
  0.09801   1.30276
  1.82623    1.1598
  1.19439   1.40255
 0.253253   2.20733
  1.30143  0.948942
 0.330494   1.69573
 0.106529  0.998481
  2.93242   2.48583
 0.902533   1.02733
  2.58789   1.23128
  1.11133  0.283271
 0.175014  0.400373
  1.10079   2.92836
  2.17818   1.03185
  1.64972 0.0876572
  2.18197  0.612564
 0.362064  0.813269
  2.82703   1.73224
 0.678381   2.30295
  1.50611   2.32984
  2.05264 0.0381902
  1.88229   1.51553
  1.10036  0.114142
  1.17667   1.36684
 0.366605  0.488688
  2.22466  0.132005
  1.23644  0.756437
 0.138282  0.349446
  1.34448   2.42174
  2.45767   2.75878
 0.540463   2.84037
  2.59963   2.25587
  1.38732   2.15987
  2.96548   2.51502
 0.726836  0.944461
  1.35774   2.05604
  2.68154  0.928997
 0.415059   1.69725
 0.560702   1.67265
  1.74484  0.126566
  1.67308   2.74414
  1.57832   1.84048
  2.53062   1.17027
  1.07884   1.59058
   1.7041    1.8996
  1.20736 0.0746773
  0.13448   2.92839
  1.67585 0.0114703
 0.341395  0.987489
  2.01477   1.22487
   2.6129   1.43374
 0.621453   2.45213
   2.5439   1.44471
  1.94859   1.51932
 0.266715   1.96239
  1.50266    1.2915
  1.72947   2.76377
 0.106954   1.28962
  1.38378    2.4116
 0.747687   2.33078
  1.21548   1.04285
  1.29487  0.247146
  2.00987   1.50416
 0.183395    1.3566
  1.07464  0.657095
  2.10901  0.901454
  2.67007   1.49802
 0.176795  0.709352
   2.6043  0.556343
  2.31437   1.46076
  2.01302   0.83678
  0.76057   2.10928
 0.313746   1.01681
  2.71309  0.915542
  1.23132  0.800924
 0.242369   2.80039
 0.262477   1.74583
 0.160221   2.90109
   2.1715  0.369664
  2.93124  0.767289
  1.24532   1.66774
  1.70237  0.341569
  2.99685  0.341809
 0.652769   2.08588
 0.498931   1.49209
   2.0383    2.8324
  1.13104  0.141882
    1.681   2.30728
  2.69327   2.88473
  2.55831   1.32933
  2.36879   1.79437
  1.81334   1.93681
  2.71197   2.97142
 0.822073   1.96008
0.00587554    1.0154
0.0111322  0.613202
 0.297702   1.10004
  2.72423   1.41116
 0.100513   2.11458
0.0857914   2.22612
  1.48029   2.54803
  2.00135   2.25548
  1.61007   2.69411
  2.59356   1.32561
  2.80524  0.747272
  1.85503  0.622493
  1.36397   1.86939
  2.78846  0.247524
  1.29305  0.571108
  1.30367  0.301627
0.0974632   1.53494
  2.30304   1.58229
   1.2862   1.63776
    2.488   1.09677
 0.997327  0.301735
  1.06167   1.05454
  1.34482   1.64911
 0.452233  0.562218
  2.94647  0.240721
  2.95771    1.3578
  0.15257  0.385138
  1.25581   2.49254
  2.44806 0.0389301
  2.34353   2.86444
 0.719121   1.33683
  2.46429   1.72105
 0.996206  0.660276
  0.78478   1.19782
  1.01364   2.57792
0.0648686  0.522591
  2.86473   2.02266
  2.65499   2.89661
  2.40065   1.54547
  2.13248    1.2757
  1.22829    1.0826
  1.95406   1.95042
  2.86339   2.23715
 0.598789  0.441192
  1.32126   1.67178
  2.35096   1.35037
  1.80182  0.616554
  1.16235   1.06299
  1.82823    1.4037
  2.42602   2.74998
  1.88245   2.21767
 0.746871   0.94476
  2.12272   1.04439
 0.184921   1.22529
  2.29059  0.921046
   2.7341  0.843573
  1.12964   1.34462
 0.601398  0.845076
  2.08173    2.9651
  2.72162   2.89674
  2.52639   2.31802
 0.335874  0.698056
 0.385153    2.0794
 0.603141   2.68158
 0.170247  0.288437
  1.12081    1.2555
  1.19626   2.03114
  1.13045   1.76222
 0.869003   1.36815
  1.62354   1.83134
 0.685312   0.12795
 0.833703 0.0212306
  2.83574   2.77559
 0.443181  0.159083
  2.25168  0.557326
  2.11811   1.03897
 0.399783  0.191988
  2.47334   1.03203
  1.93406  0.447103
  2.96951   1.77171
    1.778  0.761791
   2.5784  0.860628
   2.1111   1.21222
 0.737501   1.21632
 0.658319  0.160612
  2.43163   1.29031
 0.352614   1.13346
  2.20574   2.12737
  1.45248   1.20493
  1.81004  0.860962
 0.483511  0.150349
 0.324372  0.358296
 0.774979   2.11435
  1.71155   2.57231
  2.14206  0.386284
 0.610934   1.33155
 0.402821   1.09429
 0.602038  0.133999
  2.02843   1.30656
 0.651018    2.3355
  2.18376   1.63261
LINKS_SOURCE_DESTINATION_DISTANCE 2468
     0      1      1
     0      3      1
     0      4      1
     0      8      1
     0     22      1
     0     24      1
     0     39      1
     0     84      1
     0    283      1
     0    305      1
     1      0      1
     1      2      1
     1      6      1
     1     13      1
     1     47      1
     1    130      1
     1    179      1
     1    204      1
     1    209      1
     1    223      1
     1    364      1
     1    483      1
     2      1      1
     2      4      1
     2      5      1
     2      9      1
     2     17      1
     2     18      1
     2     31      1
     2     40      1
     2     45      1
     2     53      1
     2    326      1
     2    390      1
     2    411      1
     2    476      1
     3      0      1
     3      4      1
     3      5      1
     3      6      1
     3      9      1
     3     10      1
     3     30      1
     3     52      1
     3     53      1
     3     72      1
     3     82      1
     3     87      1
     3     89      1
     3    158      1
     3    451      1
     4      3      1
     4      2      1
     4      0      1
     4      5      1
     4      8      1
     4     10      1
     4     11      1
     4     12      1
     4     16      1
     4     18      1
     4     25      1
     4     34      1
     4     56      1
     4     57      1
     4    362      1
     4    396      1
     5      4      1
     5      2      1
     5      3      1
     5      7      1
     5     11      1
     5     14      1
     5     19      1
     5     21      1
     5     22      1
     5     31      1
     5     61      1
     5     90      1
     5    103      1
     5    107      1
     5    109      1
     5    130      1
     5    152      1
     6      3      1
     6      1      1
     6      7      1
     6     20      1
     6     27      1
     6    107      1
     6    155      1
     6    158      1
     6    163      1
     6    201      1
     6    329      1
     6    399      1
     6    428      1
     7      5      1
     7      6      1
     7      8      1
     7      9      1
     7     15      1
     7     64      1
     7     65      1
     7     74      1
     7    134      1
     7    145      1
     7    162      1
     7    241      1
     7    459      1
     8      7      1
     8      4      1
     8      0      1
     8     11      1
     8     12      1
     8     15      1
     8     20      1
     8     23      1
     8     26      1
     8     37      1
     8     68      1
     8     94      1
     8    269      1
     8    305      1
     8    338      1
     8    484      1
     9      3      1
     9      7      1
     9      2      1
     9     14      1
     9     23      1
     9     37      1
     9     41      1
     9     51      1
     9     80      1
     9    127      1
     9    225      1
    10      3      1
    10      4      1
    10     26      1
    10     27      1
    10     74      1
    10     76      1
    10     98      1
    10    105      1
    10    235      1
    10    473      1
    11      5      1
    11      4      1
    11      8      1
    11     12      1
    11     13      1
    11     18      1
    11     25      1
    11     46      1
    11     59      1
    11    115      1
    11    118      1
    11    149      1
    11    164      1
    11    346      1
    11    454      1
    12      4      1
    12      8      1
    12     11      1
    12     19      1
    12     22      1
    12     24      1
    12     26      1
    12    154      1
    12    244      1
    12    304      1
    12    371      1
    12    394      1
    12    411      1
    12    471      1
    12    496      1
    13      1      1
    13     11      1
    13     14      1
    13     16      1
    13     62      1
    13    105      1
    13    168      1
    13    235      1
    13    259      1
    13    260      1
    13    350      1
    13    409      1
    14     13      1
    14      5      1
    14      9      1
    14     23      1
    14     29      1
    14     40      1
    14     95      1
    14     96      1
    14    119      1
    14    137      1
    14    182      1
    14    192      1
    14    213      1
    14    267      1
    14    300      1
    15      7      1
    15      8      1
    15     28      1
    15     39      1
    15     52      1
    15     59      1
    15     62      1
    15    105      1
    15    108      1
    15    157      1
    15    187      1
    15    218      1
    15    365      1
    16      4      1
    16     13      1
    16     17      1
    16     68      1
    16     97      1
    16    113      1
    16    119      1
    16    169      1
    16    181      1
    16    225      1
    17      2      1
    17     16      1
    17     31      1
    17     46      1
    17     81      1
    17     93      1
    17    222      1
    17    237      1
    17    293      1
    17    363      1
    17    466      1
    18      2      1
    18      4      1
    18     11      1
    18     21      1
    18     37      1
    18     50      1
    18     57      1
    18    132      1
    18    190      1
    18    199      1
    18    287      1
    19      5      1
    19     12      1
    19     30      1
    19     32      1
    19     34      1
    19     60      1
    19     66      1
    19     80      1
    19    109      1
    19    143      1
    19    174      1
    19    356      1
    19    449      1
    19    462      1
    20      8      1
    20      6      1
    20     38      1
    20    115      1
    20    192      1
    20    257      1
    20    323      1
    20    379      1
    20    445      1
    20    472      1
    21      5      1
    21     18      1
    21     29      1
    21     63      1
    21     82      1
    21    121      1
    21    161      1
    21    282      1
    21    310      1
    22      0      1
    22      5      1
    22     12      1
    22     33      1
    22     75      1
    22     86      1
    22     95      1
    22    112      1
    22    121      1
    22    184      1
    22    186      1
    22    202      1
    23     14      1
    23      8      1
    23      9      1
    23     35      1
    23     41      1
    23     51      1
    23     69      1
    23     70      1
    23     72      1
    23    241      1
    23    247      1
    23    250      1
    23    253      1
    23    377      1
    24     12      1
    24      0      1
    24     33      1
    24     39      1
    24     45      1
    24     54      1
    24     60      1
    24     79      1
    24    117      1
    24    135      1
    24    297      1
    25      4      1
    25     11      1
    25     28      1
    25     32      1
    25     43      1
    25     44      1
    25     85      1
    25    100      1
    25    114      1
    25    167      1
    25    181      1
    26     12      1
    26      8      1
    26     10      1
    26     35      1
    26     38      1
    26     67      1
    26     78      1
    26    101      1
    26    123      1
    26    158      1
    26    160      1
    26    163      1
    27      6      1
    27     10      1
    27     43      1
    27     61      1
    27    264      1
    27    296      1
    27    306      1
    28     15      1
    28     25      1
    28     47      1
    28     48      1
    28     90      1
    28    118      1
    28    136      1
    29     21      1
    29     14      1
    29     32      1
    29     46      1
    29     50      1
    29     83      1
    29    403      1
    29    420      1
    30     19      1
    30      3      1
    30     36      1
    30     67      1
    30     96      1
    30    152      1
    30    176      1
    31     17      1
    31      2      1
    31      5      1
    31    103      1
    31    146      1
    31    221      1
    31    240      1
    31    294      1
    31    383      1
    31    399      1
    32     25      1
    32     19      1
    32     29      1
    32     77      1
    32    100      1
    32    156      1
    32    287      1
    33     24      1
    33     22      1
    33     40      1
    33     63      1
    33     75      1
    33    207      1
    33    229      1
    33    346      1
    33    425      1
    34      4      1
    34     19      1
    34     79      1
    34    118      1
    34    144      1
    34    344      1
    34    392      1
    34    451      1
    35     26      1
    35     23      1
    35     36      1
    35     73      1
    35     92      1
    35    122      1
    35    211      1
    35    301      1
    35    368      1
    35    424      1
    35    496      1
    35    498      1
    36     35      1
    36     30      1
    36     70      1
    36     86      1
    36     94      1
    36     97      1
    36    331      1
    36    387      1
    36    434      1
    36    496      1
    37      8      1
    37     18      1
    37      9      1
    37     42      1
    37     43      1
    37    112      1
    37    126      1
    37    153      1
    37    233      1
    37    320      1
    38     20      1
    38     26      1
    38     58      1
    38    101      1
    38    245      1
    39      0      1
    39     24      1
    39     15      1
    39     42      1
    39     48      1
    39    164      1
    39    177      1
    39    249      1
    39    340      1
    40      2      1
    40     14      1
    40     33      1
    40     49      1
    40     82      1
    40    373      1
    41      9      1
    41     23      1
    41     44      1
    41     61      1
    41     68      1
    41     72      1
    41     79      1
    41     99      1
    41    110      1
    41    116      1
    41    260      1
    41    330      1
    41    429      1
    42     37      1
    42     39      1
    42     56      1
    42     76      1
    42    102      1
    42    153      1
    42    215      1
    42    217      1
    42    265      1
    42    273      1
    42    354      1
    42    440      1
    43     37      1
    43     25      1
    43     27      1
    43     85      1
    43     88      1
    43    107      1
    43    120      1
    43    128      1
    43    161      1
    43    214      1
    43    258      1
    43    266      1
    43    412      1
    43    427      1
    43    431      1
    43    458      1
    43    487      1
    44     41      1
    44     25      1
    44     49      1
    44     52      1
    44     66      1
    44    207      1
    44    257      1
    44    291      1
    44    378      1
    45      2      1
    45     24      1
    45     59      1
    45    137      1
    45    148      1
    45    386      1
    46     17      1
    46     11      1
    46     29      1
    46    213      1
    46    234      1
    46    312      1
    47      1      1
    47     28      1
    47     55      1
    47     58      1
    47     91      1
    47     93      1
    47    457      1
    48     28      1
    48     39      1
    48     73      1
    48    104      1
    48    147      1
    48    335      1
    49     44      1
    49     40      1
    49     57      1
    49    148      1
    49    150      1
    49    199      1
    49    295      1
    49    348      1
    50     18      1
    50     29      1
    50     54      1
    50     81      1
    50     99      1
    50    419      1
    51      9      1
    51     23      1
    51     64      1
    51    124      1
    51    216      1
    51    282      1
    51    450      1
    51    467      1
    52      3      1
    52     44      1
    52     15      1
    52     63      1
    52     88      1
    53      2      1
    53      3      1
    53     56      1
    53     60      1
    53     81      1
    53    110      1
    53    176      1
    53    191      1
    54     24      1
    54     50      1
    54     55      1
    54     84      1
    54    111      1
    54    125      1
    54    129      1
    54    194      1
    54    196      1
    54    210      1
    55     54      1
    55     47      1
    55     75      1
    55     92      1
    55     98      1
    55    136      1
    55    143      1
    55    265      1
    55    291      1
    55    298      1
    56     42      1
    56     53      1
    56      4      1
    56    133      1
    56    256      1
    57     49      1
    57      4      1
    57     18      1
    57    170      1
    57    171      1
    57    192      1
    57    242      1
    57    342      1
    57    343      1
    58     47      1
    58     38      1
    58     67      1
    58    127      1
    58    350      1
    58    408      1
    59     15      1
    59     11      1
    59     45      1
    59     65      1
    59     70      1
    59     89      1
    59    120      1
    59    131      1
    59    156      1
    59    204      1
    59    343      1
    59    429      1
    60     53      1
    60     19      1
    60     24      1
    60     77      1
    60     87      1
    60    147      1
    60    149      1
    60    212      1
    60    413      1
    61     41      1
    61     27      1
    61      5      1
    61    123      1
    61    128      1
    61    321      1
    61    493      1
    62     15      1
    62     13      1
    62     71      1
    62     76      1
    62     83      1
    62    148      1
    62    189      1
    62    407      1
    62    445      1
    63     52      1
    63     33      1
    63     21      1
    63     69      1
    63    175      1
    63    226      1
    64     51      1
    64      7      1
    64     71      1
    64    127      1
    64    159      1
    64    193      1
    64    228      1
    64    240      1
    64    245      1
    64    307      1
    65     59      1
    65      7      1
    65     84      1
    65    132      1
    65    242      1
    65    270      1
    65    272      1
    65    439      1
    66     44      1
    66     19      1
    66     90      1
    66    157      1
    66    205      1
    67     30      1
    67     58      1
    67     26      1
    67     86      1
    67    114      1
    67    138      1
    67    172      1
    68      8      1
    68     16      1
    68     41      1
    68    131      1
    68    230      1
    68    255      1
    69     23      1
    69     63      1
    69    259      1
    69    406      1
    70     36      1
    70     59      1
    70     23      1
    70    124      1
    70    132      1
    70    164      1
    70    169      1
    70    217      1
    70    319      1
    71     62      1
    71     64      1
    71    111      1
    71    113      1
    72      3      1
    72     41      1
    72     23      1
    72     91      1
    72    233      1
    72    322      1
    72    341      1
    72    355      1
    73     48      1
    73     35      1
    73    165      1
    73    167      1
    73    421      1
    74     10      1
    74      7      1
    74    106      1
    74    108      1
    74    161      1
    74    299      1
    74    348      1
    75     55      1
    75     22      1
    75     33      1
    75     78      1
    75     96      1
    75    113      1
    75    131      1
    75    140      1
    75    177      1
    75    189      1
    76     62      1
    76     10      1
    76     42      1
    76     99      1
    76    104      1
    76    125      1
    76    141      1
    76    152      1
    76    200      1
    76    224      1
    77     60      1
    77     32      1
    77    308      1
    77    310      1
    78     75      1
    78     26      1
    78     83      1
    78    289      1
    78    313      1
    78    351      1
    78    379      1
    78    478      1
    79     24      1
    79     34      1
    79     41      1
    79    146      1
    79    216      1
    79    222      1
    79    264      1
    79    290      1
    79    305      1
    80      9      1
    80     19      1
    80    116      1
    80    162      1
    80    197      1
    80    299      1
    80    309      1
    81     50      1
    81     53      1
    81     17      1
    81    106      1
    81    214      1
    81    240      1
    82     21      1
    82     40      1
    82      3      1
    82    104      1
    82    206      1
    82    224      1
    82    229      1
    82    263      1
    82    390      1
    82    395      1
    82    400      1
    82    450      1
    82    468      1
    83     78      1
    83     62      1
    83     29      1
    83    151      1
    83    285      1
    83    304      1
    83    485      1
    83    489      1
    84      0      1
    84     54      1
    84     65      1
    85     25      1
    85     43      1
    85     97      1
    85    119      1
    85    174      1
    85    354      1
    85    433      1
    86     36      1
    86     67      1
    86     22      1
    86    114      1
    86    133      1
    86    210      1
    86    372      1
    87      3      1
    87     60      1
    87    162      1
    87    359      1
    87    466      1
    88     52      1
    88     43      1
    88    135      1
    88    137      1
    88    147      1
    88    178      1
    88    199      1
    88    371      1
    89      3      1
    89     59      1
    89    134      1
    89    312      1
    90      5      1
    90     66      1
    90     28      1
    90    226      1
    90    401      1
    90    463      1
    91     47      1
    91     72      1
    91    163      1
    91    203      1
    91    212      1
    91    239      1
    91    401      1
    92     35      1
    92     55      1
    92    154      1
    92    170      1
    92    329      1
    92    456      1
    93     47      1
    93     17      1
    93    236      1
    93    322      1
    94     36      1
    94      8      1
    94    130      1
    94    140      1
    94    206      1
    94    235      1
    94    394      1
    94    482      1
    95     14      1
    95     22      1
    95    168      1
    95    173      1
    95    184      1
    96     14      1
    96     75      1
    96     30      1
    96    102      1
    96    133      1
    96    177      1
    97     16      1
    97     36      1
    97     85      1
    97    117      1
    97    155      1
    97    255      1
    97    299      1
    98     10      1
    98     55      1
    98    185      1
    98    228      1
    99     76      1
    99     41      1
    99     50      1
    99    112      1
    99    302      1
    99    355      1
    99    403      1
    99    408      1
   100     25      1
   100     32      1
   100    176      1
   100    357      1
   101     26      1
   101     38      1
   101    159      1
   102     42      1
   102     96      1
   102    108      1
   102    141      1
   102    181      1
   102    187      1
   102    197      1
   102    294      1
   103      5      1
   103     31      1
   103    273      1
   103    302      1
   103    347      1
   103    383      1
   103    440      1
   104     82      1
   104     48      1
   104     76      1
   104    166      1
   104    175      1
   105     13      1
   105     15      1
   105     10      1
   105    153      1
   105    166      1
   105    256      1
   106     74      1
   106     81      1
   106    129      1
   106    136      1
   106    393      1
   106    448      1
   107      6      1
   107     43      1
   107      5      1
   107    208      1
   107    288      1
   107    301      1
   107    469      1
   107    499      1
   108    102      1
   108     74      1
   108     15      1
   108    139      1
   108    207      1
   108    276      1
   108    300      1
   109     19      1
   109      5      1
   109    333      1
   110     53      1
   110     41      1
   110    361      1
   110    433      1
   110    446      1
   111     71      1
   111     54      1
   111    116      1
   111    121      1
   111    325      1
   112     99      1
   112     22      1
   112     37      1
   112    138      1
   112    149      1
   112    151      1
   113     75      1
   113     71      1
   113     16      1
   113    122      1
   113    264      1
   113    356      1
   114     86      1
   114     25      1
   114     67      1
   114    178      1
   114    278      1
   115     20      1
   115     11      1
   115    174      1
   115    225      1
   115    319      1
   116    111      1
   116     80      1
   116     41      1
   116    123      1
   116    144      1
   116    420      1
   116    471      1
   117     97      1
   117     24      1
   117    219      1
   117    441      1
   117    472      1
   118     11      1
   118     34      1
   118     28      1
   118    180      1
   118    248      1
   118    490      1
   119     16      1
   119     85      1
   119     14      1
   119    125      1
   120     59      1
   120     43      1
   120    124      1
   120    195      1
   120    227      1
   120    296      1
   120    321      1
   120    342      1
   120    344      1
   121     22      1
   121    111      1
   121     21      1
   121    126      1
   121    196      1
   121    209      1
   121    351      1
   122     35      1
   122    113      1
   122    166      1
   122    228      1
   122    247      1
   122    311      1
   122    328      1
   122    366      1
   122    412      1
   123     61      1
   123     26      1
   123    116      1
   123    145      1
   123    293      1
   124     51      1
   124    120      1
   124     70      1
   124    180      1
   124    184      1
   125    119      1
   125     54      1
   125     76      1
   125    335      1
   125    396      1
   125    417      1
   125    477      1
   126    121      1
   126     37      1
   126    142      1
   126    182      1
   126    190      1
   126    263      1
   126    303      1
   127     58      1
   127     64      1
   127      9      1
   127    165      1
   127    469      1
   128     43      1
   128     61      1
   128    143      1
   128    232      1
   128    279      1
   128    489      1
   129     54      1
   129    106      1
   129    353      1
   129    381      1
   130      1      1
   130     94      1
   130      5      1
   130    150      1
   130    179      1
   130    188      1
   131     59      1
   131     68      1
   131     75      1
   131    139      1
   131    142      1
   131    186      1
   131    495      1
   132     70      1
   132     65      1
   132     18      1
   132    146      1
   132    341      1
   133     56      1
   133     96      1
   133     86      1
   133    175      1
   133    208      1
   133    309      1
   133    369      1
   133    384      1
   133    388      1
   134      7      1
   134     89      1
   134    180      1
   134    194      1
   134    215      1
   134    271      1
   135     88      1
   135     24      1
   135    160      1
   135    220      1
   135    258      1
   135    276      1
   135    367      1
   136     28      1
   136    106      1
   136     55      1
   136    459      1
   136    499      1
   137     45      1
   137     14      1
   137     88      1
   137    481      1
   138    112      1
   138     67      1
   138    251      1
   138    307      1
   138    357      1
   138    374      1
   139    131      1
   139    108      1
   139    265      1
   139    382      1
   139    480      1
   140     75      1
   140     94      1
   140    191      1
   141     76      1
   141    102      1
   141    159      1
   141    415      1
   142    131      1
   142    126      1
   142    173      1
   143    128      1
   143     19      1
   143     55      1
   143    156      1
   143    172      1
   143    213      1
   144     34      1
   144    116      1
   144    186      1
   144    301      1
   145      7      1
   145    123      1
   145    205      1
   145    306      1
   146    132      1
   146     79      1
   146     31      1
   146    195      1
   146    262      1
   146    281      1
   147     88      1
   147     60      1
   147     48      1
   147    246      1
   147    337      1
   147    452      1
   148     62      1
   148     45      1
   148     49      1
   148    232      1
   148    404      1
   149     60      1
   149    112      1
   149     11      1
   149    193      1
   150     49      1
   150    130      1
   150    268      1
   150    380      1
   151     83      1
   151    112      1
   151    188      1
   151    429      1
   152     76      1
   152      5      1
   152     30      1
   152    167      1
   152    233      1
   153     42      1
   153    105      1
   153     37      1
   153    243      1
   153    266      1
   153    391      1
   154     92      1
   154     12      1
   154    179      1
   154    202      1
   154    216      1
   155      6      1
   155     97      1
   155    171      1
   156     59      1
   156    143      1
   156     32      1
   156    298      1
   157     66      1
   157     15      1
   157    160      1
   158      6      1
   158     26      1
   158      3      1
   158    173      1
   158    185      1
   158    303      1
   158    473      1
   159    101      1
   159    141      1
   159     64      1
   159    178      1
   159    183      1
   159    275      1
   159    308      1
   160    157      1
   160    135      1
   160     26      1
   160    313      1
   160    407      1
   161     74      1
   161     43      1
   161     21      1
   161    231      1
   161    273      1
   162      7      1
   162     80      1
   162     87      1
   162    215      1
   162    378      1
   163     26      1
   163      6      1
   163     91      1
   163    172      1
   163    260      1
   163    308      1
   163    359      1
   163    422      1
   164     70      1
   164     39      1
   164     11      1
   164    219      1
   164    297      1
   165     73      1
   165    127      1
   165    221      1
   165    266      1
   165    394      1
   165    397      1
   165    402      1
   166    122      1
   166    104      1
   166    105      1
   166    236      1
   166    414      1
   167    152      1
   167     25      1
   167     73      1
   167    290      1
   168     95      1
   168     13      1
   168    200      1
   168    274      1
   168    346      1
   168    400      1
   168    465      1
   169     70      1
   169     16      1
   169    438      1
   170     57      1
   170     92      1
   170    188      1
   171     57      1
   171    155      1
   171    223      1
   171    303      1
   172     67      1
   172    143      1
   172    163      1
   172    218      1
   172    226      1
   172    277      1
   172    398      1
   173     95      1
   173    158      1
   173    142      1
   173    470      1
   174     19      1
   174    115      1
   174     85      1
   174    363      1
   174    374      1
   175    133      1
   175     63      1
   175    104      1
   175    326      1
   175    360      1
   176     53      1
   176     30      1
   176    100      1
   176    324      1
   177     75      1
   177     39      1
   177     96      1
   177    214      1
   177    314      1
   177    331      1
   177    364      1
   178    114      1
   178    159      1
   178     88      1
   178    470      1
   178    493      1
   179      1      1
   179    130      1
   179    154      1
   179    195      1
   179    322      1
   179    332      1
   179    385      1
   179    491      1
   180    118      1
   180    134      1
   180    124      1
   180    376      1
   181    102      1
   181     25      1
   181     16      1
   181    198      1
   181    284      1
   182    126      1
   182     14      1
   182    183      1
   182    204      1
   182    262      1
   182    456      1
   183    182      1
   183    159      1
   183    234      1
   183    246      1
   183    249      1
   183    251      1
   184     22      1
   184     95      1
   184    124      1
   184    316      1
   185     98      1
   185    158      1
   185    463      1
   186     22      1
   186    144      1
   186    131      1
   186    201      1
   186    248      1
   186    432      1
   187    102      1
   187     15      1
   187    220      1
   187    243      1
   188    151      1
   188    130      1
   188    170      1
   188    290      1
   189     75      1
   189     62      1
   189    259      1
   190    126      1
   190     18      1
   191    140      1
   191     53      1
   191    317      1
   192     57      1
   192     20      1
   192     14      1
   192    193      1
   192    348      1
   192    357      1
   193    192      1
   193     64      1
   193    149      1
   193    377      1
   193    494      1
   194    134      1
   194     54      1
   194    292      1
   195    146      1
   195    120      1
   195    179      1
   195    223      1
   195    369      1
   196     54      1
   196    121      1
   196    198      1
   197    102      1
   197     80      1
   197    248      1
   197    427      1
   198    181      1
   198    196      1
   198    318      1
   198    324      1
   199     49      1
   199     18      1
   199     88      1
   200    168      1
   200     76      1
   200    261      1
   200    323      1
   200    430      1
   201      6      1
   201    186      1
   201    340      1
   201    418      1
   201    482      1
   202    154      1
   202     22      1
   202    203      1
   202    212      1
   202    345      1
   202    404      1
   202    486      1
   203     91      1
   203    202      1
   203    384      1
   204      1      1
   204    182      1
   204     59      1
   204    448      1
   204    455      1
   205     66      1
   205    145      1
   205    344      1
   206     82      1
   206     94      1
   206    315      1
   206    377      1
   207     44      1
   207    108      1
   207     33      1
   207    257      1
   208    133      1
   208    107      1
   208    239      1
   209    121      1
   209      1      1
   209    211      1
   209    238      1
   209    335      1
   210     54      1
   210     86      1
   210    252      1
   210    292      1
   210    311      1
   210    318      1
   211     35      1
   211    209      1
   211    241      1
   211    244      1
   211    421      1
   212     60      1
   212    202      1
   212     91      1
   212    231      1
   212    232      1
   212    237      1
   212    468      1
   213    143      1
   213     14      1
   213     46      1
   213    227      1
   213    230      1
   213    270      1
   213    271      1
   213    422      1
   214     81      1
   214     43      1
   214    177      1
   214    250      1
   214    261      1
   214    320      1
   214    338      1
   214    415      1
   215     42      1
   215    134      1
   215    162      1
   215    376      1
   216     79      1
   216    154      1
   216     51      1
   216    254      1
   216    298      1
   216    334      1
   216    424      1
   217     70      1
   217     42      1
   217    339      1
   217    365      1
   217    448      1
   218     15      1
   218    172      1
   218    381      1
   218    387      1
   218    486      1
   219    117      1
   219    164      1
   220    187      1
   220    135      1
   220    251      1
   220    277      1
   221     31      1
   221    165      1
   221    291      1
   221    382      1
   222     79      1
   222     17      1
   222    243      1
   222    247      1
   222    296      1
   222    407      1
   222    443      1
   223      1      1
   223    171      1
   223    195      1
   223    319      1
   223    381      1
   223    391      1
   223    392      1
   224     76      1
   224     82      1
   224    268      1
   224    285      1
   225      9      1
   225    115      1
   225     16      1
   225    269      1
   225    337      1
   225    341      1
   226    172      1
   226     63      1
   226     90      1
   226    272      1
   226    295      1
   227    120      1
   227    213      1
   227    238      1
   227    292      1
   227    295      1
   228    122      1
   228     64      1
   228     98      1
   228    253      1
   229     33      1
   229     82      1
   229    353      1
   229    358      1
   229    497      1
   230    213      1
   230     68      1
   230    460      1
   231    161      1
   231    212      1
   231    242      1
   231    283      1
   231    317      1
   231    442      1
   231    443      1
   232    212      1
   232    148      1
   232    128      1
   233    152      1
   233     72      1
   233     37      1
   233    435      1
   234     46      1
   234    183      1
   234    239      1
   234    274      1
   235     13      1
   235     10      1
   235     94      1
   235    280      1
   235    423      1
   236     93      1
   236    166      1
   236    249      1
   236    289      1
   237     17      1
   237    212      1
   237    252      1
   237    278      1
   238    209      1
   238    227      1
   239    208      1
   239     91      1
   239    234      1
   239    386      1
   240     81      1
   240     64      1
   240     31      1
   240    281      1
   241     23      1
   241    211      1
   241      7      1
   241    316      1
   241    360      1
   241    433      1
   242     57      1
   242    231      1
   242     65      1
   243    153      1
   243    187      1
   243    222      1
   243    470      1
   244     12      1
   244    211      1
   244    263      1
   244    312      1
   245     38      1
   245     64      1
   245    254      1
   245    370      1
   245    497      1
   246    147      1
   246    183      1
   247    122      1
   247    222      1
   247     23      1
   247    362      1
   247    393      1
   248    197      1
   248    118      1
   248    186      1
   248    350      1
   248    434      1
   249    236      1
   249     39      1
   249    183      1
   249    294      1
   249    349      1
   249    426      1
   250     23      1
   250    214      1
   251    183      1
   251    220      1
   251    138      1
   251    334      1
   251    432      1
   252    210      1
   252    237      1
   252    413      1
   253    228      1
   253     23      1
   253    356      1
   253    365      1
   253    488      1
   254    245      1
   254    216      1
   254    329      1
   255     68      1
   255     97      1
   255    284      1
   256    105      1
   256     56      1
   256    332      1
   256    349      1
   256    442      1
   257     20      1
   257     44      1
   257    207      1
   257    275      1
   257    330      1
   257    372      1
   257    373      1
   258    135      1
   258     43      1
   258    475      1
   259     69      1
   259    189      1
   259     13      1
   259    327      1
   259    339      1
   259    485      1
   259    490      1
   260     41      1
   260     13      1
   260    163      1
   261    214      1
   261    200      1
   261    307      1
   261    352      1
   261    378      1
   261    405      1
   261    464      1
   262    182      1
   262    146      1
   263    244      1
   263     82      1
   263    126      1
   263    267      1
   263    317      1
   263    318      1
   263    419      1
   263    445      1
   263    484      1
   264    113      1
   264     79      1
   264     27      1
   265     55      1
   265     42      1
   265    139      1
   265    288      1
   266    153      1
   266     43      1
   266    165      1
   266    324      1
   267     14      1
   267    263      1
   268    224      1
   268    150      1
   268    281      1
   268    345      1
   268    388      1
   269      8      1
   269    225      1
   269    286      1
   270     65      1
   270    213      1
   270    359      1
   270    490      1
   271    134      1
   271    213      1
   271    311      1
   272    226      1
   272     65      1
   272    379      1
   273    103      1
   273    161      1
   273     42      1
   273    293      1
   274    234      1
   274    168      1
   274    279      1
   275    159      1
   275    257      1
   275    370      1
   276    108      1
   276    135      1
   277    220      1
   277    172      1
   278    237      1
   278    114      1
   278    371      1
   278    438      1
   279    128      1
   279    274      1
   279    280      1
   279    300      1
   280    279      1
   280    235      1
   280    315      1
   281    146      1
   281    240      1
   281    268      1
   281    326      1
   281    366      1
   281    369      1
   281    375      1
   282     51      1
   282     21      1
   282    285      1
   282    368      1
   282    417      1
   283      0      1
   283    231      1
   283    347      1
   284    255      1
   284    181      1
   285    282      1
   285    224      1
   285     83      1
   285    286      1
   286    285      1
   286    269      1
   287     18      1
   287     32      1
   287    339      1
   288    265      1
   288    107      1
   288    475      1
   289    236      1
   289     78      1
   289    386      1
   290    188      1
   290     79      1
   290    167      1
   290    325      1
   290    454      1
   290    465      1
   291    221      1
   291     44      1
   291     55      1
   291    399      1
   292    210      1
   292    194      1
   292    227      1
   292    333      1
   292    416      1
   293    123      1
   293     17      1
   293    273      1
   294    102      1
   294     31      1
   294    249      1
   294    338      1
   294    442      1
   294    476      1
   295    227      1
   295    226      1
   295     49      1
   295    314      1
   295    333      1
   295    366      1
   295    409      1
   295    422      1
   296     27      1
   296    120      1
   296    222      1
   296    328      1
   296    423      1
   297    164      1
   297     24      1
   297    347      1
   297    389      1
   297    406      1
   298    216      1
   298    156      1
   298     55      1
   298    408      1
   299     74      1
   299     80      1
   299     97      1
   300    108      1
   300     14      1
   300    279      1
   300    423      1
   300    483      1
   301     35      1
   301    144      1
   301    107      1
   301    304      1
   302     99      1
   302    103      1
   302    492      1
   303    158      1
   303    126      1
   303    171      1
   304     83      1
   304    301      1
   304     12      1
   305      8      1
   305      0      1
   305     79      1
   306    145      1
   306     27      1
   306    321      1
   307    261      1
   307    138      1
   307     64      1
   308     77      1
   308    163      1
   308    159      1
   309    133      1
   309     80      1
   309    372      1
   309    398      1
   310     21      1
   310     77      1
   311    271      1
   311    122      1
   311    210      1
   311    336      1
   311    455      1
   312     89      1
   312    244      1
   312     46      1
   312    368      1
   313    160      1
   313     78      1
   313    461      1
   314    177      1
   314    295      1
   315    280      1
   315    206      1
   316    241      1
   316    184      1
   317    191      1
   317    263      1
   317    231      1
   317    343      1
   317    361      1
   318    198      1
   318    263      1
   318    210      1
   318    459      1
   319    115      1
   319     70      1
   319    223      1
   320    214      1
   320     37      1
   320    327      1
   320    336      1
   320    389      1
   321     61      1
   321    120      1
   321    306      1
   322     93      1
   322     72      1
   322    179      1
   323     20      1
   323    200      1
   323    352      1
   323    395      1
   324    266      1
   324    198      1
   324    176      1
   324    327      1
   325    111      1
   325    290      1
   326      2      1
   326    175      1
   326    281      1
   326    409      1
   327    259      1
   327    320      1
   327    324      1
   328    296      1
   328    122      1
   328    428      1
   329    254      1
   329      6      1
   329     92      1
   329    461      1
   330     41      1
   330    257      1
   330    436      1
   331    177      1
   331     36      1
   331    385      1
   331    401      1
   332    256      1
   332    179      1
   332    452      1
   332    476      1
   333    109      1
   333    295      1
   333    292      1
   333    441      1
   334    216      1
   334    251      1
   334    342      1
   334    444      1
   335    209      1
   335    125      1
   335     48      1
   336    311      1
   336    320      1
   336    420      1
   337    225      1
   337    147      1
   337    392      1
   337    456      1
   337    488      1
   338      8      1
   338    214      1
   338    294      1
   338    431      1
   339    259      1
   339    287      1
   339    217      1
   340    201      1
   340     39      1
   341    225      1
   341    132      1
   341     72      1
   342    120      1
   342    334      1
   342     57      1
   342    345      1
   342    441      1
   342    447      1
   342    462      1
   343    317      1
   343     59      1
   343     57      1
   343    397      1
   343    474      1
   344    120      1
   344    205      1
   344     34      1
   344    360      1
   344    398      1
   344    447      1
   344    479      1
   345    202      1
   345    342      1
   345    268      1
   346     11      1
   346    168      1
   346     33      1
   346    405      1
   347    103      1
   347    297      1
   347    283      1
   347    351      1
   347    449      1
   348     74      1
   348     49      1
   348    192      1
   349    256      1
   349    249      1
   349    424      1
   349    463      1
   350     13      1
   350    248      1
   350     58      1
   351    347      1
   351    121      1
   351     78      1
   352    261      1
   352    323      1
   353    129      1
   353    229      1
   353    358      1
   354     42      1
   354     85      1
   354    367      1
   354    464      1
   355     72      1
   355     99      1
   355    437      1
   356    253      1
   356    113      1
   356     19      1
   357    138      1
   357    192      1
   357    100      1
   357    380      1
   357    425      1
   358    229      1
   358    353      1
   359    270      1
   359    163      1
   359     87      1
   360    241      1
   360    344      1
   360    175      1
   361    317      1
   361    110      1
   361    375      1
   362      4      1
   362    247      1
   362    495      1
   363    174      1
   363     17      1
   364      1      1
   364    177      1
   365    217      1
   365     15      1
   365    253      1
   366    281      1
   366    122      1
   366    295      1
   366    487      1
   367    135      1
   367    354      1
   368     35      1
   368    312      1
   368    282      1
   368    426      1
   369    133      1
   369    195      1
   369    281      1
   370    245      1
   370    275      1
   371    278      1
   371     12      1
   371     88      1
   372    309      1
   372    257      1
   372     86      1
   372    412      1
   373    257      1
   373     40      1
   373    439      1
   373    461      1
   374    174      1
   374    138      1
   374    402      1
   375    361      1
   375    281      1
   375    479      1
   376    215      1
   376    180      1
   377    193      1
   377     23      1
   377    206      1
   378    261      1
   378     44      1
   378    162      1
   379    272      1
   379     78      1
   379     20      1
   380    150      1
   380    357      1
   381    218      1
   381    129      1
   381    223      1
   381    415      1
   382    221      1
   382    139      1
   383    103      1
   383     31      1
   383    458      1
   384    133      1
   384    203      1
   384    418      1
   385    179      1
   385    331      1
   385    410      1
   386     45      1
   386    289      1
   386    239      1
   387    218      1
   387     36      1
   388    268      1
   388    133      1
   388    435      1
   389    297      1
   389    320      1
   389    474      1
   390     82      1
   390      2      1
   390    418      1
   391    223      1
   391    153      1
   392     34      1
   392    223      1
   392    337      1
   393    247      1
   393    106      1
   394     94      1
   394    165      1
   394     12      1
   394    444      1
   395     82      1
   395    323      1
   396    125      1
   396      4      1
   397    165      1
   397    343      1
   397    430      1
   398    344      1
   398    309      1
   398    172      1
   398    400      1
   399    291      1
   399     31      1
   399      6      1
   399    452      1
   399    497      1
   400    168      1
   400    398      1
   400     82      1
   400    435      1
   401     91      1
   401     90      1
   401    331      1
   401    410      1
   401    436      1
   402    374      1
   402    165      1
   403     29      1
   403     99      1
   404    148      1
   404    202      1
   405    261      1
   405    346      1
   406    297      1
   406     69      1
   406    440      1
   407     62      1
   407    222      1
   407    160      1
   408     99      1
   408     58      1
   408    298      1
   408    446      1
   409     13      1
   409    295      1
   409    326      1
   410    385      1
   410    401      1
   411     12      1
   411      2      1
   412    122      1
   412     43      1
   412    372      1
   412    416      1
   412    495      1
   413     60      1
   413    252      1
   413    414      1
   413    434      1
   413    438      1
   413    493      1
   413    494      1
   414    413      1
   414    166      1
   414    439      1
   415    381      1
   415    214      1
   415    141      1
   415    467      1
   416    412      1
   416    292      1
   416    481      1
   417    125      1
   417    282      1
   417    444      1
   418    384      1
   418    201      1
   418    390      1
   419    263      1
   419     50      1
   420    116      1
   420    336      1
   420     29      1
   421     73      1
   421    211      1
   421    453      1
   422    213      1
   422    295      1
   422    163      1
   423    300      1
   423    235      1
   423    296      1
   424    216      1
   424     35      1
   424    349      1
   424    467      1
   424    471      1
   425     33      1
   425    357      1
   426    368      1
   426    249      1
   426    460      1
   427    197      1
   427     43      1
   427    453      1
   428    328      1
   428      6      1
   429     41      1
   429    151      1
   429     59      1
   429    436      1
   430    200      1
   430    397      1
   431     43      1
   431    338      1
   432    186      1
   432    251      1
   433    241      1
   433    110      1
   433     85      1
   433    457      1
   433    477      1
   434     36      1
   434    413      1
   434    248      1
   434    475      1
   434    489      1
   435    388      1
   435    233      1
   435    400      1
   435    460      1
   436    401      1
   436    330      1
   436    429      1
   436    437      1
   437    436      1
   437    355      1
   437    491      1
   438    413      1
   438    278      1
   438    169      1
   438    469      1
   439    373      1
   439     65      1
   439    414      1
   440    103      1
   440    406      1
   440     42      1
   441    117      1
   441    333      1
   441    342      1
   442    231      1
   442    294      1
   442    256      1
   443    222      1
   443    231      1
   444    394      1
   444    334      1
   444    417      1
   445    263      1
   445     62      1
   445     20      1
   446    110      1
   446    408      1
   446    449      1
   447    342      1
   447    344      1
   447    450      1
   448    217      1
   448    106      1
   448    204      1
   449     19      1
   449    446      1
   449    347      1
   450    447      1
   450     82      1
   450     51      1
   451      3      1
   451     34      1
   451    454      1
   452    147      1
   452    399      1
   452    332      1
   453    421      1
   453    427      1
   454    290      1
   454    451      1
   454     11      1
   455    204      1
   455    311      1
   456    182      1
   456     92      1
   456    337      1
   457    433      1
   457     47      1
   458     43      1
   458    383      1
   459    136      1
   459    318      1
   459      7      1
   460    435      1
   460    230      1
   460    426      1
   461    329      1
   461    373      1
   461    313      1
   461    480      1
   462     19      1
   462    342      1
   462    479      1
   463    185      1
   463    349      1
   463     90      1
   464    261      1
   464    354      1
   465    168      1
   465    290      1
   465    498      1
   466     17      1
   466     87      1
   467     51      1
   467    424      1
   467    415      1
   468    212      1
   468     82      1
   469    127      1
   469    438      1
   469    107      1
   470    178      1
   470    243      1
   470    173      1
   471     12      1
   471    116      1
   471    424      1
   472     20      1
   472    117      1
   472    478      1
   473     10      1
   473    158      1
   474    389      1
   474    343      1
   475    258      1
   475    288      1
   475    434      1
   476    294      1
   476    332      1
   476      2      1
   477    433      1
   477    125      1
   478     78      1
   478    472      1
   479    344      1
   479    462      1
   479    375      1
   480    461      1
   480    139      1
   481    416      1
   481    137      1
   481    483      1
   482    201      1
   482     94      1
   483    481      1
   483      1      1
   483    300      1
   484    263      1
   484      8      1
   484    491      1
   485     83      1
   485    259      1
   485    492      1
   486    218      1
   486    202      1
   487    366      1
   487     43      1
   488    337      1
   488    253      1
   489    434      1
   489     83      1
   489    128      1
   490    259      1
   490    118      1
   490    270      1
   491    179      1
   491    484      1
   491    437      1
   491    498      1
   492    485      1
   492    302      1
   493     61      1
   493    413      1
   493    178      1
   494    193      1
   494    413      1
   495    362      1
   495    131      1
   495    412      1
   496     35      1
   496     36      1
   496     12      1
   497    399      1
   497    245      1
   497    229      1
   498    465      1
   498     35      1
   498    491      1
   499    107      1
   499    136      1
