COORD_X_Y 200
  2.07087   1.08294
  1.10494   2.85129
 0.819561   2.10144
  2.13368   1.81805
 0.549987  0.489979
  1.32967   1.45249
  2.28561  0.090877
 0.418228    2.0271
  2.40666  0.829905
  2.45552   2.43057
  1.74318  0.155414
  2.41809   1.62908
  2.70076   1.69014
  1.62647   2.27577
 0.261052   1.57268
  1.26957   1.16838
  2.70982   2.18784
  2.67948   2.44041
  1.15042   0.29953
 0.569286  0.536578
  1.04766  0.300477
 0.369342  0.586225
  1.94289  0.309674
  2.75868   1.88869
  2.47635  0.633829
 0.694934    1.5785
 0.670067   2.41385
  2.80663    1.5094
  1.17715   1.52844
 0.386122   1.17688
  2.27356   2.54147
  2.96461   2.50074
  1.50669   1.59679
  2.20881   1.04698
0.0533137   1.11823
 0.411261   2.71425
 0.437502   2.13489
 0.357342   2.15264
 0.798331   2.66314
  2.12427    2.2039
  1.29844   2.83259
  1.97598   2.38612
   2.3404   2.88924
  2.13197  0.340066
 0.846166    1.3931
  2.78673   2.83441
  2.23985   1.34801
  2.66143   2.99508
   1.3526  0.467123
  1.70724  0.357869
  2.35759    2.7993
 0.850592   2.05904
  1.61433  0.900266
  2.99788   2.98613
  2.23223   1.60184
  1.88605   1.85354
   2.4246   2.56723
   1.1739   2.17949
   2.1722   1.02106
  1.11815   2.71956
  2.53224   1.13354
 0.354497  0.767843
   1.4538   2.48039
  2.96661  0.578496
  2.65459   2.52306
  2.07082  0.359987
  2.68133  0.265823
  2.46115  0.531962
 0.605199   2.52351
 0.785165   1.54642
  1.66104   1.57881
  1.36074   2.01887
  2.30303   2.84382
  1.24447   1.61688
  1.58485   2.72529
  1.86808   2.03939
  2.92275  0.432975
  0.85426   1.94688
  2.00621   2.14296
 0.683003   1.38227
 0.703751   1.35989
  1.42989  0.874029
  1.85947 0.0607414
 0.856568  0.200832
  0.66304  0.487233
  1.61321 0.0326018
 0.959807   2.98636
  1.33738  0.628846
  2.59472  0.989357
 0.965506   1.03935
   1.4627  0.552531
 0.200227   1.09859
 0.387172  0.380567
0.0199358   2.61979
 0.588726   1.62255
  1.97479  0.967239
  1.24013   2.59412
  1.81998   2.03062
 0.733565   1.60196
  1.33651   2.79706
  1.28637   1.72406
 0.590795  0.286048
  1.95001   2.10563
     1.16  0.494307
  2.02946   2.60577
   0.7219   1.13213
  0.21954  0.389258
  1.43464   2.27974
  1.36394   1.02731
 0.347653   0.13426
  1.22196   1.22246
  1.31275  0.782092
  1.80519   1.19166
  1.02425  0.982561
 0.057881   1.79985
  2.55814   2.21352
0.0833833   1.87682
  2.55419  0.728698
  2.25097  0.158114
 0.667924   2.90594
  0.32807   1.00021
  1.42139  0.596119
 0.354594   1.97179
  1.47555   2.83481
  1.42615   1.98997
 0.722708  0.756497
  2.66983    2.5374
  1.85482   1.81087
 0.540933   2.53521
  0.79386    2.4416
   2.5273   1.06118
   0.5987   2.56178
  2.60762 0.00519032
  2.27042   1.30401
   1.6763     1.278
  1.28474     1.714
  1.89995     1.788
  2.38055   1.84227
 0.642982  0.910696
  1.79945   2.26653
  1.02423   2.73741
  2.03341    1.2349
  1.88282   1.24082
 0.601772   2.99323
  1.20404  0.195542
0.0108208  0.492438
 0.941266  0.895485
 0.875613   0.14779
  2.43374    0.1945
  2.92661   0.17685
 0.942305   1.97699
   2.3725    1.0458
  2.75145  0.161135
  2.27916   1.41607
  2.05671   2.96114
  2.47357   2.83217
  2.99413   2.37445
 0.456069  0.730174
 0.968975   2.94245
  2.67739   1.91802
   1.2296   2.19111
  1.73273   1.72918
 0.918742   1.72175
 0.799241  0.299623
  2.58059   2.71411
  1.22538   1.43503
  1.15145   1.53583
  2.36573   0.25768
    2.533   1.10408
  2.05598   2.05516
 0.523574   1.36703
 0.330831   1.11618
  2.34073  0.948072
 0.274571   2.76046
  2.76058  0.254859
  1.75013   2.72164
  1.96133  0.548848
  2.65898  0.992022
  1.38091   1.50537
  1.02571   2.62316
  1.45184   0.93254
  1.95433  0.152434
  1.98928  0.841222
  2.91983   1.02253
  2.38859   1.89847
  1.17538   2.23013
  2.24954  0.268043
  2.35706  0.641685
  0.46244   1.53532
  2.26722   1.13169
0.0950432   2.99591
  1.53577   1.89604
  2.58982   2.97193
  1.68499   1.32149
 0.937553  0.209786
  2.48074   2.10351
 0.425697   2.35996
 0.326575   1.94942
  1.46455   2.43649
  1.96376  0.924682
LINKS_SOURCE_DESTINATION_DISTANCE 986
     0      1      1
     0      2      1
     0      3      1
     0      4      1
     0      6      1
     0      7      1
     0      8      1
     0      9      1
     0     11      1
     0     12      1
     0     13      1
     0     26      1
     0     44      1
     0     47      1
     0    107      1
     0    152      1
     0    170      1
     1      0      1
     1      4      1
     1      5      1
     1      6      1
     1     12      1
     1     18      1
     1     24      1
     1     37      1
     1     39      1
     1     40      1
     1     72      1
     1     74      1
     2      0      1
     2      4      1
     2      5      1
     2      7      1
     2     14      1
     2     15      1
     2     17      1
     2     27      1
     2     33      1
     2     78      1
     2    162      1
     3      0      1
     3     18      1
     3     19      1
     3     22      1
     3     34      1
     3     36      1
     3     41      1
     3     43      1
     3     46      1
     3     54      1
     3     56      1
     3     58      1
     3     68      1
     3    115      1
     3    133      1
     4      2      1
     4      1      1
     4      0      1
     4      8      1
     4     10      1
     4     34      1
     4     35      1
     4     97      1
     4    127      1
     4    172      1
     5      1      1
     5      2      1
     5      9      1
     5     11      1
     5     42      1
     5     49      1
     5     64      1
     5     84      1
     5    101      1
     6      0      1
     6      1      1
     6     31      1
     6     36      1
     6     49      1
     6     69      1
     7      2      1
     7      0      1
     7      8      1
     7      9      1
     7     10      1
     7     23      1
     7     38      1
     7     55      1
     7     61      1
     7     77      1
     7     80      1
     7    119      1
     7    151      1
     7    159      1
     7    196      1
     8      4      1
     8      7      1
     8      0      1
     8     20      1
     8     21      1
     8     30      1
     8     70      1
     8     94      1
     8    119      1
     8    189      1
     9      0      1
     9      7      1
     9      5      1
     9     16      1
     9     18      1
     9     22      1
     9     48      1
     9    164      1
    10      4      1
    10      7      1
    10     11      1
    10     13      1
    10     14      1
    10     23      1
    10     39      1
    10     48      1
    10     80      1
    10    141      1
    10    154      1
    10    173      1
    10    199      1
    11      5      1
    11     10      1
    11      0      1
    11     13      1
    11     15      1
    11     16      1
    11     28      1
    11     43      1
    11     77      1
    11     84      1
    11     87      1
    11    123      1
    11    177      1
    11    197      1
    12      0      1
    12      1      1
    12     17      1
    12     24      1
    12     27      1
    12     32      1
    12     48      1
    12     78      1
    12     85      1
    12     98      1
    12    127      1
    13     10      1
    13      0      1
    13     11      1
    13     17      1
    13     29      1
    13     33      1
    13     59      1
    13     60      1
    13     65      1
    13     91      1
    13    105      1
    13    132      1
    13    134      1
    13    167      1
    14      2      1
    14     10      1
    14     24      1
    14     28      1
    14     45      1
    14     70      1
    14     73      1
    14     75      1
    14     83      1
    14    169      1
    15     11      1
    15      2      1
    15     27      1
    15     38      1
    15    104      1
    15    126      1
    15    147      1
    16      9      1
    16     11      1
    16     19      1
    16     20      1
    16     25      1
    16     96      1
    16    160      1
    16    164      1
    17     12      1
    17      2      1
    17     13      1
    17     26      1
    17     35      1
    17     60      1
    17     90      1
    17     95      1
    17     99      1
    18      9      1
    18      1      1
    18      3      1
    18     19      1
    18     65      1
    18     82      1
    18     86      1
    18    125      1
    18    192      1
    19     18      1
    19     16      1
    19      3      1
    19     21      1
    19     34      1
    19     52      1
    19     76      1
    19    183      1
    20     16      1
    20      8      1
    20     32      1
    20     39      1
    20     50      1
    20     73      1
    20     85      1
    20     99      1
    20    102      1
    20    111      1
    20    128      1
    20    178      1
    20    197      1
    21     19      1
    21      8      1
    21     22      1
    21     23      1
    21     25      1
    21     55      1
    21     81      1
    21     87      1
    21    143      1
    22     21      1
    22      9      1
    22      3      1
    22     31      1
    22     33      1
    22     94      1
    22    133      1
    22    198      1
    23      7      1
    23     10      1
    23     21      1
    23     29      1
    23     53      1
    24     12      1
    24      1      1
    24     14      1
    24     32      1
    24     38      1
    24     53      1
    24    160      1
    25     21      1
    25     16      1
    25     43      1
    25     59      1
    25     83      1
    25    111      1
    25    168      1
    26      0      1
    26     17      1
    26     30      1
    26     37      1
    26     47      1
    26     56      1
    26     79      1
    26     85      1
    27     12      1
    27     15      1
    27      2      1
    27     31      1
    27     62      1
    27     67      1
    27    115      1
    27    134      1
    28     14      1
    28     11      1
    28     62      1
    28    135      1
    29     23      1
    29     13      1
    29     37      1
    29     42      1
    29     58      1
    29     97      1
    30     26      1
    30      8      1
    30     46      1
    30     50      1
    30     61      1
    30     66      1
    30    114      1
    30    155      1
    30    183      1
    31     27      1
    31      6      1
    31     22      1
    31     35      1
    31    135      1
    31    163      1
    31    191      1
    32     12      1
    32     20      1
    32     24      1
    32     51      1
    32    100      1
    33      2      1
    33     13      1
    33     22      1
    33     83      1
    33     93      1
    34      3      1
    34      4      1
    34     19      1
    34     40      1
    34     64      1
    34     89      1
    34     94      1
    34    103      1
    34    153      1
    34    178      1
    35     31      1
    35      4      1
    35     17      1
    35     64      1
    35    162      1
    36      3      1
    36      6      1
    36     40      1
    36     57      1
    36    110      1
    37     29      1
    37      1      1
    37     26      1
    37     45      1
    37     91      1
    37    122      1
    38     15      1
    38     24      1
    38      7      1
    38     66      1
    39      1      1
    39     20      1
    39     10      1
    39     41      1
    39     45      1
    39     57      1
    39     91      1
    40     36      1
    40      1      1
    40     34      1
    40     66      1
    40     71      1
    40    158      1
    41     39      1
    41      3      1
    41     44      1
    41     89      1
    41    112      1
    41    171      1
    42     29      1
    42      5      1
    42     52      1
    42     74      1
    42     79      1
    42    151      1
    43     11      1
    43     25      1
    43      3      1
    43     67      1
    43    150      1
    44      0      1
    44     41      1
    44     51      1
    44     63      1
    44    101      1
    44    103      1
    44    107      1
    44    138      1
    45     14      1
    45     37      1
    45     39      1
    45     69      1
    46     30      1
    46      3      1
    46     55      1
    46    105      1
    46    125      1
    46    150      1
    46    192      1
    47      0      1
    47     26      1
    47     51      1
    47    169      1
    48     12      1
    48      9      1
    48     10      1
    48     63      1
    48     72      1
    48    109      1
    48    115      1
    48    116      1
    48    121      1
    48    142      1
    49      6      1
    49      5      1
    49     95      1
    49    185      1
    50     20      1
    50     30      1
    50    124      1
    50    158      1
    51     32      1
    51     47      1
    51     44      1
    51     54      1
    51     77      1
    51     89      1
    51     98      1
    51    131      1
    51    156      1
    51    162      1
    52     42      1
    52     19      1
    52     72      1
    52     75      1
    52     86      1
    53     24      1
    53     23      1
    53     61      1
    53     96      1
    53    147      1
    54     51      1
    54      3      1
    54     69      1
    55     21      1
    55     46      1
    55      7      1
    55    120      1
    55    163      1
    56      3      1
    56     26      1
    56     79      1
    56    128      1
    56    153      1
    56    166      1
    56    182      1
    57     39      1
    57     36      1
    57    170      1
    58     29      1
    58      3      1
    58     59      1
    58     65      1
    58     92      1
    58    142      1
    59     25      1
    59     58      1
    59     13      1
    59     67      1
    59     84      1
    59    110      1
    59    123      1
    59    186      1
    60     17      1
    60     13      1
    60    104      1
    60    179      1
    61     30      1
    61      7      1
    61     53      1
    61     80      1
    61     86      1
    61    104      1
    61    141      1
    61    187      1
    62     28      1
    62     27      1
    62     90      1
    62    129      1
    63     44      1
    63     48      1
    63     92      1
    63    132      1
    63    144      1
    63    193      1
    64      5      1
    64     35      1
    64     34      1
    64     68      1
    64     81      1
    64    100      1
    64    101      1
    64    129      1
    64    151      1
    64    180      1
    64    194      1
    65     58      1
    65     18      1
    65     13      1
    65     88      1
    65    128      1
    65    149      1
    65    179      1
    66     30      1
    66     38      1
    66     40      1
    66     71      1
    66    113      1
    66    187      1
    66    188      1
    67     43      1
    67     27      1
    67     59      1
    67     68      1
    67    109      1
    67    118      1
    68      3      1
    68     67      1
    68     64      1
    68    145      1
    68    148      1
    69     45      1
    69     54      1
    69      6      1
    69     87      1
    69    143      1
    70      8      1
    70     14      1
    70    113      1
    70    114      1
    70    175      1
    71     40      1
    71     66      1
    71     78      1
    72     52      1
    72      1      1
    72     48      1
    72     88      1
    73     14      1
    73     20      1
    73     82      1
    73    100      1
    73    117      1
    74     42      1
    74      1      1
    74     76      1
    74    122      1
    75     14      1
    75     52      1
    75     97      1
    75    129      1
    75    161      1
    75    191      1
    76     74      1
    76     19      1
    76     96      1
    76    189      1
    77     11      1
    77      7      1
    77     51      1
    77     93      1
    77    149      1
    78      2      1
    78     71      1
    78     12      1
    79     42      1
    79     26      1
    79     56      1
    79    124      1
    79    199      1
    80     61      1
    80      7      1
    80     10      1
    80    121      1
    80    137      1
    80    145      1
    80    159      1
    81     64      1
    81     21      1
    81    136      1
    81    137      1
    81    138      1
    81    139      1
    82     18      1
    82     73      1
    82     88      1
    82    174      1
    83     25      1
    83     33      1
    83     14      1
    83    149      1
    83    176      1
    84      5      1
    84     11      1
    84     59      1
    85     20      1
    85     26      1
    85     12      1
    85    135      1
    86     61      1
    86     52      1
    86     18      1
    86    144      1
    86    185      1
    87     11      1
    87     69      1
    87     21      1
    87    133      1
    88     82      1
    88     72      1
    88     65      1
    89     34      1
    89     51      1
    89     41      1
    89     95      1
    90     17      1
    90     62      1
    90    109      1
    90    181      1
    91     13      1
    91     39      1
    91     37      1
    91     93      1
    91    126      1
    91    136      1
    92     58      1
    92     63      1
    92    118      1
    92    157      1
    93     91      1
    93     77      1
    93     33      1
    94     22      1
    94     34      1
    94      8      1
    95     49      1
    95     89      1
    95     17      1
    95    114      1
    95    190      1
    96     76      1
    96     16      1
    96     53      1
    96     98      1
    96    108      1
    97     29      1
    97     75      1
    97      4      1
    97    102      1
    97    106      1
    97    165      1
    97    166      1
    98     96      1
    98     51      1
    98     12      1
    98    106      1
    98    127      1
    98    148      1
    98    180      1
    99     20      1
    99     17      1
    99    152      1
    99    188      1
   100     73      1
   100     64      1
   100     32      1
   100    120      1
   101     64      1
   101      5      1
   101     44      1
   101    117      1
   101    155      1
   102     97      1
   102     20      1
   102    111      1
   102    199      1
   103     34      1
   103     44      1
   103    125      1
   103    131      1
   103    146      1
   104     60      1
   104     15      1
   104     61      1
   104    113      1
   104    150      1
   105     13      1
   105     46      1
   105    110      1
   105    116      1
   106     98      1
   106     97      1
   106    112      1
   107      0      1
   107     44      1
   107    108      1
   108     96      1
   108    107      1
   108    154      1
   108    178      1
   108    198      1
   109     90      1
   109     48      1
   109     67      1
   109    165      1
   110     36      1
   110    105      1
   110     59      1
   111     20      1
   111     25      1
   111    102      1
   111    184      1
   111    195      1
   112     41      1
   112    106      1
   112    164      1
   113    104      1
   113     66      1
   113     70      1
   113    157      1
   114     70      1
   114     95      1
   114     30      1
   114    187      1
   115      3      1
   115     27      1
   115     48      1
   116     48      1
   116    105      1
   116    130      1
   116    171      1
   117    101      1
   117     73      1
   117    141      1
   117    166      1
   118     67      1
   118     92      1
   118    119      1
   119      8      1
   119    118      1
   119      7      1
   119    176      1
   120    100      1
   120     55      1
   120    161      1
   121     80      1
   121     48      1
   122     74      1
   122     37      1
   122    139      1
   122    155      1
   123     59      1
   123     11      1
   123    140      1
   123    191      1
   124     79      1
   124     50      1
   124    156      1
   125     18      1
   125    103      1
   125     46      1
   126     91      1
   126     15      1
   127     98      1
   127     12      1
   127      4      1
   127    130      1
   128     20      1
   128     56      1
   128     65      1
   128    138      1
   128    140      1
   129     75      1
   129     62      1
   129     64      1
   129    134      1
   130    127      1
   130    116      1
   131     51      1
   131    103      1
   131    139      1
   132     63      1
   132     13      1
   132    174      1
   133     22      1
   133     87      1
   133      3      1
   133    167      1
   133    186      1
   133    194      1
   134    129      1
   134     27      1
   134     13      1
   135     28      1
   135     31      1
   135     85      1
   135    161      1
   136     81      1
   136     91      1
   136    137      1
   137     80      1
   137    136      1
   137     81      1
   138    128      1
   138     81      1
   138     44      1
   139     81      1
   139    131      1
   139    122      1
   140    128      1
   140    123      1
   141     61      1
   141    117      1
   141     10      1
   142     48      1
   142     58      1
   142    160      1
   142    172      1
   142    175      1
   143     21      1
   143     69      1
   144     63      1
   144     86      1
   144    146      1
   144    190      1
   145     68      1
   145     80      1
   145    177      1
   145    195      1
   146    144      1
   146    103      1
   146    158      1
   146    197      1
   147     53      1
   147     15      1
   148     98      1
   148     68      1
   148    171      1
   148    182      1
   149     65      1
   149     77      1
   149     83      1
   150     43      1
   150     46      1
   150    104      1
   151     64      1
   151      7      1
   151     42      1
   151    154      1
   152      0      1
   152     99      1
   152    153      1
   153    152      1
   153     34      1
   153     56      1
   154    151      1
   154    108      1
   154     10      1
   155    122      1
   155     30      1
   155    101      1
   155    156      1
   155    179      1
   156    155      1
   156     51      1
   156    124      1
   157     92      1
   157    113      1
   158     40      1
   158    146      1
   158     50      1
   159      7      1
   159     80      1
   159    184      1
   159    194      1
   160     24      1
   160    142      1
   160     16      1
   160    168      1
   161    120      1
   161     75      1
   161    135      1
   162     35      1
   162      2      1
   162     51      1
   163     55      1
   163     31      1
   164    112      1
   164     16      1
   164      9      1
   164    173      1
   165     97      1
   165    109      1
   165    196      1
   166    117      1
   166     56      1
   166     97      1
   166    181      1
   167     13      1
   167    133      1
   168     25      1
   168    160      1
   169     47      1
   169     14      1
   170      0      1
   170     57      1
   171    148      1
   171    116      1
   171     41      1
   171    186      1
   172      4      1
   172    142      1
   173     10      1
   173    164      1
   174    132      1
   174     82      1
   175     70      1
   175    142      1
   176    119      1
   176     83      1
   177     11      1
   177    145      1
   178     34      1
   178    108      1
   178     20      1
   178    189      1
   179     65      1
   179    155      1
   179     60      1
   180     98      1
   180     64      1
   181    166      1
   181     90      1
   182     56      1
   182    148      1
   183     30      1
   183     19      1
   184    159      1
   184    111      1
   184    193      1
   185     49      1
   185     86      1
   186    171      1
   186    133      1
   186     59      1
   187     61      1
   187     66      1
   187    114      1
   188     99      1
   188     66      1
   189     76      1
   189      8      1
   189    178      1
   190    144      1
   190     95      1
   191     75      1
   191     31      1
   191    123      1
   192     46      1
   192     18      1
   192    196      1
   193     63      1
   193    184      1
   194     64      1
   194    133      1
   194    159      1
   195    145      1
   195    111      1
   196      7      1
   196    165      1
   196    192      1
   197     11      1
   197    146      1
   197     20      1
   198    108      1
   198     22      1
   199    102      1
   199     10      1
   199     79      1
