COORD_X_Y 500
  2.81006   1.17786
 0.339687  0.912557
  2.46324    2.0142
  2.87352   1.61055
  0.53946  0.137952
 0.833795   1.07038
  2.24816   2.93379
 0.299162    1.1849
  1.87477   2.46461
  2.28575   1.31446
  1.12731   1.58879
 0.797263  0.270914
  1.21262  0.625472
 0.857544  0.558647
  2.68927   1.67918
 0.964494   2.09765
  0.22684   1.05372
 0.939427  0.261584
  2.69685   2.06758
  2.04972   1.83084
  1.74736   2.30874
  2.15216    2.7106
 0.359821   2.82986
  2.25385  0.163578
  2.48978   1.99329
  0.58548   1.49595
 0.105246   1.77644
  1.90202  0.417293
0.0635856   2.25427
 0.593424   2.05717
  1.35466   2.27756
  2.81455  0.089205
 0.658435   2.73354
  1.33736   1.52625
  2.79301   2.59757
 0.909968  0.344402
   1.7409   2.18929
  2.56355   1.28757
   2.1335   1.52672
  2.00627   1.25238
  1.69842   1.90862
  1.21541   2.47839
 0.737551   1.70345
0.0908175   2.62107
  2.64653   2.16604
  2.05683   2.12829
  1.01873   2.13838
  0.27094    1.6897
  1.37669   2.00514
  2.03317   1.60052
  1.55948   1.41824
  1.35183   0.48201
 0.849683   1.20845
  2.10165   1.09685
  2.99176  0.145375
  1.62599  0.232056
  2.43338   1.59478
  2.72071   2.23728
  2.49928   2.93049
  2.69484   2.84947
  2.06055   2.45104
  2.39466  0.282574
 0.783113   2.64912
  2.26302  0.411782
  2.11837  0.162959
 0.201859  0.119275
  2.05577   1.55224
  2.46226  0.295137
 0.459633     2.685
  2.29407  0.240716
 0.395528  0.486283
  1.77101   2.35495
 0.904624  0.728459
  2.91815   1.80762
   2.8975   1.72453
 0.761574   0.88257
  1.76584    1.0755
  1.53515   2.13709
 0.206054  0.589228
  1.52143   1.86644
  2.46209   1.53254
 0.442634   2.35415
  2.70002   1.69989
0.0983417    2.6828
  1.15004   1.92409
0.0745214  0.615871
  2.68455   1.25764
  2.14928  0.632044
  2.71898    2.9916
  1.50475   2.50175
 0.424426   0.66636
   2.7841   2.38695
  2.10746   2.61933
 0.372225   2.46256
 0.440297   0.26276
  0.84428   2.20094
  2.05939   2.72488
  1.53828  0.768902
  2.42826   2.48547
  2.78442    2.1465
  1.18347   2.07387
  1.00102   2.61247
  2.25663 0.0308943
 0.770038  0.664176
  2.42436   2.39356
  2.61568  0.925351
 0.597729  0.256298
 0.283252   2.27404
 0.168625   2.02242
  1.88435   2.61097
 0.510128    2.2419
  1.87369  0.109594
 0.295129    0.2607
  1.66562   1.95474
  1.59688   1.64551
  2.61384   1.34685
  2.26746   2.95211
0.00417016  0.292798
 0.204945   2.79446
 0.440776    2.3767
  2.40722   2.64671
  1.82345  0.336195
  2.81249   2.30045
  2.90125  0.208789
0.0165813  0.320524
  1.72398   2.53505
  1.14802   2.00757
  2.23357  0.324702
  2.02166  0.713633
  1.57286   0.26543
  2.03153  0.811679
  2.21319   1.10149
 0.181368   2.25052
  2.03533   2.83427
  2.11509  0.772153
   2.2261   1.98945
  1.06827   1.09286
  2.75291 0.0264797
  2.92418   1.71722
  2.85863   1.36714
 0.240719  0.945343
  1.40323   1.45941
  1.62146  0.866975
 0.328418 0.0953157
  2.55951   2.03781
  2.54647 0.0968655
  1.90245  0.608015
  0.63279   1.80107
  2.59281   2.14956
  1.52603  0.514349
  1.84053   1.99504
  1.23775   1.56564
  1.27854   2.10969
  1.66774   2.29566
  2.02064   1.33127
  2.87883  0.526936
  0.87875   1.46767
  0.28547   1.55227
 0.363343   2.29496
  1.63767   1.39836
 0.464039   1.74122
 0.714598   2.70197
  1.94056  0.388662
  2.16557   2.29102
 0.592096    1.4491
 0.740708   1.00357
  2.54868   2.70515
 0.159116   1.10256
 0.611548   2.75493
 0.880665 0.0613818
  1.49014   1.64061
 0.365642   2.70003
  2.69033  0.835304
  1.15051   2.53509
 0.137398  0.885538
 0.343735   0.91967
  2.83188   2.28143
 0.131508   2.53377
  2.79286   1.27736
 0.106023   2.11624
 0.126524  0.227385
 0.790413   1.97622
   2.0027   2.22433
 0.849851   2.30172
   1.8186  0.394276
  2.92596   1.57175
 0.102433  0.877315
   1.8265    1.0048
  2.94509   2.23005
 0.994661  0.663314
  2.06802  0.343801
  1.03164    2.5996
  2.22867  0.800346
 0.921925   2.87345
  2.22121  0.232814
  1.74432   1.00073
  2.46981  0.424912
  2.43705   2.46183
  2.97587   2.42294
  1.45116   1.85774
  0.01642  0.834463
  2.03019    2.9627
 0.458682    2.2991
  2.43314   1.89241
  0.53061  0.367414
  1.40555   1.47272
 0.634881  0.388916
 0.918203   2.76587
  1.90474   2.87297
 0.308245   1.18633
  2.03119  0.969928
  1.78526   0.36727
  2.17966   2.28353
  1.56393  0.966617
  2.65191   1.28485
  0.60219   1.50474
  2.65105  0.441864
 0.213376   2.72622
 0.113619   1.70889
  1.55848   2.21475
 0.810847  0.323343
  2.25453   1.57359
  1.64549   2.47655
  1.90916  0.754618
  2.35899   2.51949
  1.82467  0.816935
  2.94185   2.83717
 0.601989   2.23847
   2.5502  0.787614
 0.851776   1.71116
  1.21964   1.74495
    1.169     2.689
  1.69605  0.100364
 0.454201   2.45901
  2.44313   2.89639
   2.3481   2.45795
  1.69668   1.70302
  1.60677   1.04572
 0.601893   2.95521
 0.290249   2.29889
  1.85271   2.50702
  2.31655   1.70296
  1.26222    1.8048
 0.734216  0.508613
 0.508314   1.97935
  2.62581    1.9415
  1.81575    2.9986
  1.54093    1.0923
  2.69674  0.700548
  1.56536   1.77297
0.00286683    1.4379
  2.84052   2.16798
  1.15814   1.46392
  2.17239   2.01165
  1.30213 0.0941407
  1.30774  0.236693
 0.785762   1.01777
  2.34075  0.178701
  1.36851    1.0807
  1.56311   1.55786
    2.396   2.50519
 0.427191   2.55654
   1.5271   1.57237
 0.837122  0.839305
  1.74631   2.97401
 0.647816   2.43068
   1.7693  0.225356
  1.76007   2.05365
  2.80499   0.72447
  1.07569    1.9615
  1.93169   2.43762
  2.34294    1.3917
 0.133998  0.176311
  2.51841   2.79814
  1.11838  0.620127
  1.80671   1.03452
  1.23263   1.84389
     1.04   2.91111
  1.33927   2.74051
  1.62565   2.77146
  1.49792   2.54146
  2.55477  0.304049
 0.363098    1.5516
  2.59796  0.781522
  1.34511    2.1389
  2.43082   1.35681
 0.398738    2.4523
 0.229535   2.78404
 0.171542   2.74378
   0.6651   1.39946
  2.97201  0.198011
  1.53718   2.40055
  0.60495   1.26741
  2.58946  0.805854
  2.72155   1.01259
  2.48193   2.67853
  1.12212  0.379777
  0.47015  0.815419
   1.7303   1.01212
 0.992963  0.149777
  1.95212   2.63368
  2.04141   1.52978
  1.69769   1.71403
  1.33899   1.83308
  1.81488   2.24833
   1.9921  0.727194
  2.07717   2.98988
  1.15199   2.66805
  2.55684  0.645684
 0.741264  0.361208
  2.71782  0.618573
 0.467811  0.517914
  1.66452   1.56773
  1.82998   2.37901
  2.03424    1.9773
  2.50855  0.290332
  2.94708  0.663646
  1.11148    1.1273
   2.1001  0.886108
  1.19753  0.850604
  2.17026  0.518663
  2.71326   1.90741
  2.26657   2.93373
  1.53005   1.84051
 0.160074   2.16548
 0.529009   2.10085
0.0386544   1.19702
 0.390979   2.09823
  2.46595  0.561486
  0.51457   1.92671
   1.3536   2.55625
   1.0845  0.360783
 0.900918   1.51612
  1.81904   1.05903
 0.603928   2.09388
  0.30367   2.55615
  1.80901   2.94884
  1.58653   2.10472
  2.73599   1.82377
  2.05773   2.06505
  2.71082   1.38858
  1.19814   1.38756
 0.703665   2.79698
 0.673557   0.77696
  1.47076  0.806144
 0.601346   1.99741
 0.571831   1.15781
0.00573445   2.58822
  1.80404   2.24641
  1.42441   2.80425
 0.115415  0.135415
  2.95436   2.27154
  2.63817   2.48241
 0.988541   1.57685
    1.301   1.18994
 0.957531   2.02328
 0.754955  0.763755
 0.903669  0.307448
 0.169243  0.808057
 0.355237   1.54872
 0.157275   1.23292
  1.51095   2.70619
 0.544437   1.11867
  1.67428   1.26354
  1.41165   1.60861
 0.595304   2.33441
 0.358916   1.88815
  0.22206  0.707561
    1.468   1.52515
  2.75026  0.790891
  1.12747   2.79666
0.0515235   1.23099
0.0874976    2.7785
  2.75565   1.44735
 0.255375  0.828717
  1.77237   2.85677
 0.476763   2.21932
  1.61326   2.52172
  1.91977   2.54248
  1.37858  0.434474
 0.613061   1.14888
  1.32588   2.48327
 0.931726 0.0586931
 0.848267   2.94446
  1.29738  0.552051
  2.17398  0.651373
  1.39215  0.065052
 0.967319   2.23681
   2.7125  0.949089
  1.98192  0.619643
  2.74435  0.617743
   1.5938   2.91765
 0.725981   2.80183
 0.543467   0.99372
  2.64705   2.70635
 0.558297   0.19475
  1.32885   2.30918
 0.576201   2.22443
  1.60716   2.91317
  1.40437 0.0921432
  1.30052   1.03032
  2.34717  0.779602
  2.08281  0.608592
 0.429106   1.91191
  1.94718   2.06873
  1.14991  0.843934
 0.135333  0.958037
 0.587926   1.67006
  1.94415   1.73243
  1.72442   1.28554
 0.997985   2.44834
 0.697474   1.18505
  2.58133   1.16804
  1.54695  0.488324
 0.769076   1.22199
  2.49654  0.245449
  1.59243  0.732012
  2.48992   2.12409
  2.91168     2.915
  1.93267   2.25381
 0.353829   1.24526
  1.43382   1.58305
  1.17994  0.559897
 0.697092   1.11717
  2.78323   0.60638
 0.866738  0.761057
 0.302895   1.38758
   2.7761  0.749576
  2.06324    1.0307
 0.728411   1.69996
 0.418799   2.58483
0.0652028  0.405416
  2.55119   1.12158
  1.74226   1.19635
  2.55869   2.28073
 0.225331   2.46472
  2.02514  0.785638
  1.10918  0.661898
 0.745453   2.64387
 0.948739   2.65909
  2.06108   1.91786
 0.663314   2.84851
  2.69815    2.5568
  1.15954   1.21206
  1.51694   1.93822
  1.48329  0.154105
  1.84685 0.0394045
  1.84726  0.295524
  2.47917  0.711693
 0.327605  0.364488
 0.689435  0.949244
  1.94281   1.03365
 0.159001 0.0858778
 0.571997   2.87104
  1.03796   1.21444
 0.608942   2.79357
 0.723352  0.230589
  2.06546   2.07672
  1.51636   0.60387
  2.18726   2.91892
 0.609397  0.988559
  1.24479   2.60024
  2.77005   1.16797
  1.32465    1.4671
 0.466795   1.09896
  2.29276   0.28715
  1.20163  0.268301
  1.52854   2.73516
 0.192028   1.31933
  2.58332   1.71956
  2.73426   2.73236
  1.84906    2.1069
  2.89715   2.84811
 0.381532   1.99904
0.0262785   1.97206
  2.45457  0.692757
  1.43093   1.08341
 0.931661   2.36762
   1.6905  0.724822
  1.29945   2.85541
  1.03759   2.38651
  2.83878 0.00228201
 0.652898   2.41988
  1.68156   2.75407
  1.12472   1.12675
  0.64045    2.7223
  2.59435    1.8705
 0.278849  0.090396
  2.42943   1.73555
  2.86246   2.13327
  2.71218   2.62283
  1.66578   2.50623
  1.21437   1.84688
  2.12734   1.18577
  1.01631    2.6155
  1.78218   1.61159
 0.182802   2.47983
  2.08498   1.56062
  1.16624   2.19089
  2.56034  0.622516
LINKS_SOURCE_DESTINATION_DISTANCE 2454
     0      1      1
     0      2      1
     0      4      1
     0      8      1
     0     10      1
     0     24      1
     0     27      1
     0     33      1
     0     34      1
     0     45      1
     0     74      1
     0     97      1
     0    130      1
     0    177      1
     0    204      1
     1      0      1
     1      4      1
     1      6      1
     1      7      1
     1     11      1
     1     21      1
     1     25      1
     1     26      1
     1     36      1
     1     37      1
     1     59      1
     1     86      1
     1    107      1
     1    122      1
     1    124      1
     1    176      1
     1    222      1
     2      0      1
     2      3      1
     2      5      1
     2     17      1
     2     20      1
     2     22      1
     2     26      1
     2     44      1
     2     67      1
     2     87      1
     2    294      1
     2    399      1
     3      2      1
     3      7      1
     3     17      1
     3     23      1
     3     38      1
     3     46      1
     3     51      1
     3     62      1
     3     73      1
     3    131      1
     3    276      1
     3    417      1
     3    453      1
     3    491      1
     4      0      1
     4      1      1
     4      5      1
     4      6      1
     4      8      1
     4      9      1
     4     12      1
     4     13      1
     4     17      1
     4     21      1
     4     29      1
     4     32      1
     4     38      1
     4     39      1
     4     46      1
     4     55      1
     4    140      1
     5      4      1
     5      2      1
     5      8      1
     5      9      1
     5     10      1
     5     11      1
     5     12      1
     5     16      1
     5     65      1
     5     83      1
     5    131      1
     5    138      1
     5    427      1
     6      4      1
     6      1      1
     6     13      1
     6     14      1
     6     15      1
     6     18      1
     6     19      1
     6     20      1
     6     43      1
     6     58      1
     7      3      1
     7      1      1
     7     22      1
     7     24      1
     7     30      1
     7     45      1
     7     62      1
     7    136      1
     7    169      1
     7    175      1
     7    311      1
     8      5      1
     8      4      1
     8      0      1
     8     19      1
     8     25      1
     8     27      1
     8     28      1
     8     29      1
     8     36      1
     8     44      1
     8     54      1
     8    147      1
     8    245      1
     8    274      1
     8    376      1
     8    401      1
     8    460      1
     8    474      1
     8    477      1
     9      5      1
     9      4      1
     9     14      1
     9     18      1
     9    444      1
     9    460      1
    10      0      1
    10      5      1
    10     16      1
    10     35      1
    10     40      1
    10     80      1
    10     99      1
    10    105      1
    10    106      1
    10    121      1
    10    127      1
    10    176      1
    10    201      1
    10    226      1
    10    279      1
    10    309      1
    10    415      1
    11      1      1
    11      5      1
    11     13      1
    11     15      1
    11     20      1
    11     26      1
    11     33      1
    11     35      1
    11    269      1
    11    394      1
    11    427      1
    12      5      1
    12      4      1
    12     14      1
    12     18      1
    12     32      1
    12     67      1
    12     73      1
    12     94      1
    12    107      1
    12    152      1
    12    166      1
    12    325      1
    12    412      1
    13      6      1
    13      4      1
    13     11      1
    13     41      1
    13     49      1
    13    297      1
    14     12      1
    14      9      1
    14      6      1
    14     22      1
    14     31      1
    14     84      1
    14    113      1
    14    137      1
    14    413      1
    15      6      1
    15     11      1
    15     21      1
    15     30      1
    15     58      1
    15    129      1
    15    155      1
    15    162      1
    16     10      1
    16      5      1
    16     69      1
    16    126      1
    16    196      1
    16    198      1
    16    222      1
    16    242      1
    16    243      1
    16    252      1
    17      4      1
    17      3      1
    17      2      1
    17     28      1
    17     40      1
    17     42      1
    17     78      1
    17     85      1
    17    105      1
    17    132      1
    17    185      1
    17    192      1
    17    370      1
    18     12      1
    18      9      1
    18      6      1
    18     23      1
    18     42      1
    18     45      1
    18     65      1
    18     70      1
    18    110      1
    18    111      1
    18    136      1
    18    243      1
    18    347      1
    18    461      1
    18    465      1
    18    473      1
    19      8      1
    19      6      1
    19     31      1
    19     37      1
    19     38      1
    19     98      1
    19    111      1
    19    122      1
    19    164      1
    19    296      1
    19    301      1
    19    303      1
    19    336      1
    19    483      1
    20      2      1
    20      6      1
    20     11      1
    20     36      1
    20     39      1
    20     47      1
    20     50      1
    20     52      1
    20     82      1
    20     84      1
    20    190      1
    20    191      1
    20    224      1
    21     15      1
    21      4      1
    21      1      1
    21     27      1
    21     76      1
    21    103      1
    21    143      1
    21    230      1
    21    311      1
    21    429      1
    22      2      1
    22     14      1
    22      7      1
    22     34      1
    22     63      1
    22    152      1
    22    205      1
    22    365      1
    23      3      1
    23     18      1
    23     25      1
    23     31      1
    23     32      1
    23     42      1
    23    102      1
    23    182      1
    23    214      1
    23    223      1
    24      0      1
    24      7      1
    24     28      1
    24     43      1
    24    123      1
    24    239      1
    24    345      1
    25      8      1
    25      1      1
    25     23      1
    25     41      1
    25     56      1
    25     66      1
    25     75      1
    25    100      1
    25    140      1
    25    155      1
    25    472      1
    26      2      1
    26      1      1
    26     11      1
    26     30      1
    26     34      1
    26     35      1
    26     37      1
    26    180      1
    26    202      1
    26    253      1
    26    271      1
    26    301      1
    27      0      1
    27      8      1
    27     21      1
    27     47      1
    27     58      1
    27     68      1
    27     96      1
    27    150      1
    27    188      1
    27    307      1
    27    328      1
    27    380      1
    28     17      1
    28     24      1
    28      8      1
    28     48      1
    28     75      1
    28     77      1
    28    398      1
    29      8      1
    29      4      1
    29    211      1
    29    228      1
    29    236      1
    29    426      1
    30      7      1
    30     15      1
    30     26      1
    30    114      1
    30    116      1
    30    149      1
    30    172      1
    30    203      1
    30    238      1
    30    239      1
    30    286      1
    30    315      1
    30    453      1
    31     19      1
    31     14      1
    31     23      1
    31     70      1
    31    269      1
    31    320      1
    31    380      1
    31    495      1
    32     12      1
    32     23      1
    32      4      1
    32     49      1
    32     60      1
    32     61      1
    32    114      1
    32    167      1
    32    231      1
    33      0      1
    33     11      1
    33     41      1
    33     74      1
    33     76      1
    33     88      1
    33    111      1
    33    143      1
    33    202      1
    33    229      1
    33    298      1
    33    316      1
    33    390      1
    34     26      1
    34     22      1
    34      0      1
    34     48      1
    34     85      1
    34    143      1
    34    195      1
    34    364      1
    34    378      1
    35     26      1
    35     10      1
    35     11      1
    35     53      1
    35     54      1
    35     64      1
    35    117      1
    35    134      1
    35    228      1
    35    317      1
    36     20      1
    36      1      1
    36      8      1
    36     78      1
    36     87      1
    36    128      1
    36    229      1
    36    230      1
    36    407      1
    37     26      1
    37      1      1
    37     19      1
    37     55      1
    37     57      1
    37     64      1
    37     98      1
    37    120      1
    37    170      1
    38      3      1
    38      4      1
    38     19      1
    38     39      1
    38     57      1
    38     73      1
    38     77      1
    38    108      1
    38    110      1
    38    142      1
    38    290      1
    39      4      1
    39     38      1
    39     20      1
    39    134      1
    39    396      1
    39    450      1
    40     17      1
    40     10      1
    40     66      1
    40    152      1
    40    295      1
    40    349      1
    40    471      1
    41     33      1
    41     13      1
    41     25      1
    41     66      1
    41     68      1
    41    109      1
    41    139      1
    42     17      1
    42     18      1
    42     23      1
    42     50      1
    42     63      1
    42    201      1
    43     24      1
    43      6      1
    43     69      1
    43    220      1
    43    242      1
    44      2      1
    44      8      1
    44     48      1
    44     71      1
    44    166      1
    44    181      1
    44    280      1
    44    312      1
    45     18      1
    45      7      1
    45      0      1
    45    151      1
    45    209      1
    45    258      1
    45    342      1
    45    387      1
    46      3      1
    46      4      1
    46     80      1
    46     81      1
    46     95      1
    46    226      1
    46    240      1
    46    277      1
    47     20      1
    47     27      1
    47     52      1
    47    135      1
    47    170      1
    47    195      1
    47    252      1
    47    455      1
    48     34      1
    48     28      1
    48     44      1
    48    206      1
    48    249      1
    48    332      1
    49     32      1
    49     13      1
    49     51      1
    49     64      1
    49     84      1
    49    218      1
    49    226      1
    49    270      1
    49    326      1
    49    347      1
    49    419      1
    49    430      1
    50     42      1
    50     20      1
    50     53      1
    50     93      1
    50    127      1
    50    149      1
    50    156      1
    50    210      1
    50    340      1
    50    429      1
    51     49      1
    51      3      1
    51     60      1
    51     75      1
    51     81      1
    51     93      1
    51    207      1
    51    233      1
    51    246      1
    51    336      1
    52     47      1
    52     20      1
    52     56      1
    52     76      1
    52    144      1
    52    177      1
    52    233      1
    53     50      1
    53     35      1
    53     68      1
    53     71      1
    53    104      1
    53    214      1
    53    230      1
    53    252      1
    53    377      1
    54      8      1
    54     35      1
    54     59      1
    54     72      1
    54    109      1
    54    189      1
    54    199      1
    54    281      1
    54    297      1
    54    442      1
    55     37      1
    55      4      1
    55     91      1
    55    115      1
    55    127      1
    55    234      1
    55    248      1
    55    306      1
    56     25      1
    56     52      1
    56     61      1
    56     79      1
    56    103      1
    56    179      1
    56    245      1
    56    279      1
    56    288      1
    56    304      1
    56    309      1
    57     38      1
    57     37      1
    57     88      1
    57     99      1
    57    108      1
    57    183      1
    57    323      1
    58     15      1
    58      6      1
    58     27      1
    58     63      1
    58    200      1
    58    227      1
    58    229      1
    58    249      1
    58    337      1
    58    374      1
    59      1      1
    59     54      1
    59     71      1
    59     85      1
    59    105      1
    59    137      1
    59    187      1
    60     51      1
    60     32      1
    60     90      1
    60     93      1
    60    113      1
    60    130      1
    60    224      1
    60    247      1
    60    250      1
    60    254      1
    60    332      1
    60    342      1
    60    366      1
    61     56      1
    61     32      1
    61    119      1
    61    171      1
    61    188      1
    61    205      1
    61    224      1
    61    225      1
    61    341      1
    62      7      1
    62      3      1
    62     72      1
    62    109      1
    62    129      1
    62    235      1
    62    363      1
    62    403      1
    63     58      1
    63     42      1
    63     22      1
    63     96      1
    63    118      1
    63    154      1
    63    232      1
    63    463      1
    64     35      1
    64     37      1
    64     49      1
    64     80      1
    64    101      1
    64    150      1
    64    167      1
    64    358      1
    65      5      1
    65     18      1
    65     87      1
    65    137      1
    65    262      1
    65    287      1
    66     41      1
    66     40      1
    66     25      1
    66    102      1
    66    165      1
    66    217      1
    66    221      1
    66    253      1
    67      2      1
    67     12      1
    67     82      1
    67     89      1
    67    101      1
    67    116      1
    67    447      1
    68     27      1
    68     53      1
    68     41      1
    68    125      1
    68    278      1
    68    355      1
    69     43      1
    69     16      1
    69     81      1
    69     83      1
    69     94      1
    69     95      1
    69    248      1
    70     18      1
    70     31      1
    70     79      1
    70    115      1
    70    273      1
    70    310      1
    71     59      1
    71     44      1
    71     53      1
    71     90      1
    71     97      1
    71    131      1
    71    267      1
    71    313      1
    72     62      1
    72     54      1
    72     83      1
    72    212      1
    72    311      1
    72    356      1
    73     12      1
    73     38      1
    73      3      1
    73    135      1
    73    236      1
    73    261      1
    74      0      1
    74     33      1
    74     96      1
    74    148      1
    74    172      1
    74    216      1
    74    281      1
    74    314      1
    74    362      1
    74    406      1
    75     25      1
    75     28      1
    75     51      1
    75    100      1
    75    101      1
    75    194      1
    75    198      1
    75    286      1
    75    480      1
    76     21      1
    76     33      1
    76     52      1
    76     79      1
    76    141      1
    76    206      1
    76    287      1
    76    351      1
    76    479      1
    77     38      1
    77     28      1
    77     94      1
    77    120      1
    77    146      1
    77    174      1
    77    203      1
    77    275      1
    77    415      1
    78     17      1
    78     36      1
    78    157      1
    78    187      1
    78    382      1
    78    440      1
    79     70      1
    79     56      1
    79     76      1
    79    104      1
    79    134      1
    79    156      1
    80     10      1
    80     46      1
    80     64      1
    80     89      1
    80     91      1
    80    464      1
    81     69      1
    81     51      1
    81     46      1
    81    221      1
    81    405      1
    82     67      1
    82     20      1
    82    159      1
    82    167      1
    82    191      1
    83      5      1
    83     69      1
    83     72      1
    83    174      1
    83    262      1
    83    296      1
    83    409      1
    84     49      1
    84     20      1
    84     14      1
    84    151      1
    84    194      1
    85     17      1
    85     34      1
    85     59      1
    85     86      1
    85     92      1
    85    404      1
    86     85      1
    86      1      1
    86    289      1
    86    418      1
    87     65      1
    87     36      1
    87      2      1
    87    219      1
    88     33      1
    88     57      1
    88    116      1
    88    135      1
    88    139      1
    88    291      1
    88    294      1
    88    369      1
    88    400      1
    88    402      1
    89     80      1
    89     67      1
    89    124      1
    89    151      1
    90     60      1
    90     71      1
    90    106      1
    90    175      1
    90    241      1
    90    246      1
    91     55      1
    91     80      1
    91     92      1
    91    203      1
    91    213      1
    91    236      1
    91    382      1
    92     85      1
    92     91      1
    92    173      1
    93     51      1
    93     50      1
    93     60      1
    93    179      1
    93    434      1
    94     77      1
    94     69      1
    94     12      1
    94    348      1
    95     69      1
    95     46      1
    95    162      1
    95    288      1
    96     63      1
    96     27      1
    96     74      1
    96    178      1
    96    183      1
    97      0      1
    97     71      1
    97    112      1
    97    148      1
    97    158      1
    98     37      1
    98     19      1
    98    119      1
    98    126      1
    98    133      1
    98    284      1
    99     10      1
    99     57      1
    99    161      1
    99    244      1
    99    263      1
    99    270      1
    99    284      1
   100     25      1
   100     75      1
   100    118      1
   100    121      1
   100    482      1
   101     67      1
   101     75      1
   101     64      1
   101    144      1
   101    322      1
   102     23      1
   102     66      1
   102    168      1
   103     56      1
   103     21      1
   103    125      1
   103    191      1
   103    339      1
   104     53      1
   104     79      1
   104    112      1
   104    182      1
   104    207      1
   104    280      1
   104    346      1
   105     10      1
   105     59      1
   105     17      1
   105    315      1
   106     10      1
   106     90      1
   106    107      1
   106    158      1
   106    164      1
   106    227      1
   106    369      1
   107      1      1
   107     12      1
   107    106      1
   107    333      1
   107    395      1
   108     38      1
   108     57      1
   108    147      1
   108    155      1
   108    163      1
   108    185      1
   108    187      1
   108    260      1
   108    450      1
   109     54      1
   109     62      1
   109     41      1
   109    120      1
   109    147      1
   109    221      1
   109    322      1
   109    486      1
   110     18      1
   110     38      1
   110    117      1
   110    204      1
   110    218      1
   110    381      1
   110    433      1
   110    438      1
   110    495      1
   110    496      1
   111     33      1
   111     18      1
   111     19      1
   111    130      1
   111    211      1
   111    216      1
   111    267      1
   111    408      1
   111    470      1
   112     97      1
   112    104      1
   112    113      1
   112    123      1
   112    138      1
   112    256      1
   112    306      1
   112    313      1
   112    472      1
   113     60      1
   113     14      1
   113    112      1
   113    169      1
   113    318      1
   113    361      1
   114     30      1
   114     32      1
   114    126      1
   114    389      1
   115     70      1
   115     55      1
   115    278      1
   115    392      1
   116     67      1
   116     30      1
   116     88      1
   116    243      1
   116    326      1
   116    357      1
   116    416      1
   117    110      1
   117     35      1
   117    145      1
   118    100      1
   118     63      1
   118    132      1
   118    422      1
   119     61      1
   119     98      1
   119    197      1
   119    215      1
   119    225      1
   119    292      1
   119    466      1
   120     37      1
   120     77      1
   120    109      1
   120    153      1
   120    159      1
   120    215      1
   120    462      1
   120    475      1
   121     10      1
   121    100      1
   121    160      1
   121    220      1
   121    291      1
   122     19      1
   122      1      1
   122    125      1
   122    193      1
   122    486      1
   123    112      1
   123     24      1
   123    211      1
   123    314      1
   123    327      1
   123    381      1
   124     89      1
   124      1      1
   124    176      1
   125     68      1
   125    103      1
   125    122      1
   125    128      1
   125    210      1
   125    272      1
   125    497      1
   126    114      1
   126     16      1
   126     98      1
   127     50      1
   127     55      1
   127     10      1
   127    146      1
   127    242      1
   128     36      1
   128    125      1
   128    139      1
   128    193      1
   128    240      1
   128    293      1
   128    374      1
   128    414      1
   129     62      1
   129     15      1
   129    295      1
   129    363      1
   130     60      1
   130    111      1
   130      0      1
   131      3      1
   131     71      1
   131      5      1
   131    133      1
   131    145      1
   131    186      1
   131    214      1
   132     17      1
   132    118      1
   132    165      1
   132    308      1
   132    360      1
   132    469      1
   133    131      1
   133     98      1
   133    154      1
   133    180      1
   133    339      1
   133    378      1
   133    433      1
   133    435      1
   133    468      1
   134     79      1
   134     39      1
   134     35      1
   134    144      1
   134    188      1
   134    268      1
   134    377      1
   134    424      1
   135     88      1
   135     47      1
   135     73      1
   135    153      1
   135    186      1
   135    198      1
   135    262      1
   136     18      1
   136      7      1
   136    146      1
   136    318      1
   136    387      1
   137     65      1
   137     59      1
   137     14      1
   137    215      1
   138      5      1
   138    112      1
   138    157      1
   138    355      1
   138    394      1
   139    128      1
   139     88      1
   139     41      1
   139    141      1
   139    421      1
   140     25      1
   140      4      1
   140    142      1
   140    205      1
   140    362      1
   141     76      1
   141    139      1
   141    173      1
   141    184      1
   141    253      1
   141    265      1
   141    266      1
   141    320      1
   141    352      1
   141    396      1
   142     38      1
   142    140      1
   142    161      1
   142    398      1
   142    431      1
   143     34      1
   143     21      1
   143     33      1
   143    168      1
   143    199      1
   144    134      1
   144    101      1
   144     52      1
   144    476      1
   145    117      1
   145    131      1
   145    161      1
   145    264      1
   146    136      1
   146    127      1
   146     77      1
   146    160      1
   147    108      1
   147    109      1
   147      8      1
   147    157      1
   148     97      1
   148     74      1
   148    231      1
   148    459      1
   149     50      1
   149     30      1
   149    200      1
   149    257      1
   149    281      1
   149    316      1
   149    454      1
   149    470      1
   149    479      1
   150     64      1
   150     27      1
   150    274      1
   150    299      1
   150    476      1
   150    482      1
   151     89      1
   151     45      1
   151     84      1
   151    282      1
   151    335      1
   151    338      1
   151    420      1
   151    421      1
   152     22      1
   152     40      1
   152     12      1
   152    341      1
   153    135      1
   153    120      1
   154    133      1
   154     63      1
   154    168      1
   154    445      1
   154    482      1
   155     25      1
   155     15      1
   155    108      1
   155    164      1
   155    165      1
   155    179      1
   155    189      1
   156     79      1
   156     50      1
   156    171      1
   156    184      1
   156    297      1
   156    393      1
   157     78      1
   157    147      1
   157    138      1
   157    159      1
   157    163      1
   157    178      1
   157    342      1
   157    418      1
   158     97      1
   158    106      1
   159     82      1
   159    157      1
   159    120      1
   159    213      1
   159    291      1
   159    333      1
   159    352      1
   159    492      1
   160    146      1
   160    121      1
   161    142      1
   161     99      1
   161    145      1
   161    255      1
   161    351      1
   161    374      1
   162     15      1
   162     95      1
   162    259      1
   162    287      1
   163    157      1
   163    108      1
   163    239      1
   163    265      1
   163    308      1
   164    106      1
   164     19      1
   164    155      1
   164    309      1
   164    391      1
   164    417      1
   165    155      1
   165    132      1
   165     66      1
   165    283      1
   165    365      1
   166     44      1
   166     12      1
   166    223      1
   166    268      1
   166    303      1
   166    324      1
   167     82      1
   167     64      1
   167     32      1
   168    143      1
   168    102      1
   168    154      1
   168    177      1
   169      7      1
   169    113      1
   169    170      1
   170     47      1
   170     37      1
   170    169      1
   170    273      1
   170    478      1
   170    483      1
   171    156      1
   171     61      1
   171    219      1
   171    276      1
   171    306      1
   171    369      1
   171    384      1
   171    418      1
   172     30      1
   172     74      1
   172    181      1
   172    184      1
   172    302      1
   172    336      1
   173     92      1
   173    141      1
   173    192      1
   173    272      1
   173    419      1
   174     83      1
   174     77      1
   174    260      1
   174    412      1
   175     90      1
   175      7      1
   175    197      1
   175    222      1
   175    345      1
   176      1      1
   176     10      1
   176    124      1
   176    196      1
   177      0      1
   177     52      1
   177    168      1
   177    264      1
   177    387      1
   177    446      1
   178    157      1
   178     96      1
   178    186      1
   178    212      1
   178    379      1
   179    155      1
   179     93      1
   179     56      1
   179    209      1
   180     26      1
   180    133      1
   180    234      1
   180    367      1
   180    411      1
   181    172      1
   181     44      1
   182    104      1
   182     23      1
   182    190      1
   183     57      1
   183     96      1
   183    358      1
   183    442      1
   183    455      1
   183    469      1
   184    172      1
   184    156      1
   184    141      1
   184    216      1
   184    321      1
   184    375      1
   184    431      1
   185     17      1
   185    108      1
   185    225      1
   185    235      1
   185    449      1
   186    178      1
   186    135      1
   186    131      1
   186    301      1
   186    359      1
   186    481      1
   187     59      1
   187    108      1
   187     78      1
   187    208      1
   187    282      1
   188     61      1
   188    134      1
   188     27      1
   188    310      1
   188    371      1
   188    437      1
   189    155      1
   189     54      1
   189    206      1
   190     20      1
   190    182      1
   190    208      1
   190    256      1
   190    307      1
   190    356      1
   191     20      1
   191    103      1
   191     82      1
   191    238      1
   191    247      1
   191    271      1
   191    452      1
   192    173      1
   192     17      1
   192    237      1
   192    248      1
   192    292      1
   192    312      1
   193    122      1
   193    128      1
   193    257      1
   194     75      1
   194     84      1
   194    232      1
   194    330      1
   194    497      1
   195     47      1
   195     34      1
   195    196      1
   195    201      1
   195    315      1
   195    457      1
   196     16      1
   196    195      1
   196    176      1
   196    251      1
   196    254      1
   196    321      1
   196    399      1
   196    426      1
   196    498      1
   197    119      1
   197    175      1
   197    217      1
   198     75      1
   198     16      1
   198    135      1
   198    360      1
   198    439      1
   199     54      1
   199    143      1
   199    227      1
   199    282      1
   199    320      1
   199    323      1
   199    327      1
   199    343      1
   199    445      1
   199    452      1
   199    459      1
   200    149      1
   200     58      1
   201     42      1
   201    195      1
   201     10      1
   201    212      1
   202     33      1
   202     26      1
   202    386      1
   202    389      1
   203     77      1
   203     30      1
   203     91      1
   203    231      1
   204      0      1
   204    110      1
   204    218      1
   204    470      1
   204    484      1
   205     61      1
   205    140      1
   205     22      1
   205    305      1
   206     76      1
   206    189      1
   206     48      1
   206    272      1
   206    310      1
   206    354      1
   206    487      1
   207     51      1
   207    104      1
   207    274      1
   207    343      1
   207    350      1
   208    187      1
   208    190      1
   208    219      1
   208    247      1
   208    259      1
   208    443      1
   209    179      1
   209     45      1
   210    125      1
   210     50      1
   210    353      1
   210    492      1
   211     29      1
   211    111      1
   211    123      1
   211    237      1
   211    250      1
   211    300      1
   211    416      1
   211    426      1
   211    428      1
   212     72      1
   212    178      1
   212    201      1
   212    261      1
   212    372      1
   213     91      1
   213    159      1
   213    388      1
   213    435      1
   213    445      1
   214     53      1
   214     23      1
   214    131      1
   215    137      1
   215    120      1
   215    119      1
   215    280      1
   215    357      1
   215    495      1
   216    111      1
   216    184      1
   216     74      1
   216    266      1
   216    331      1
   217     66      1
   217    197      1
   217    386      1
   218    204      1
   218     49      1
   218    110      1
   219    171      1
   219     87      1
   219    208      1
   219    294      1
   219    317      1
   220    121      1
   220     43      1
   220    283      1
   220    323      1
   221     81      1
   221    109      1
   221     66      1
   221    233      1
   221    255      1
   221    270      1
   221    285      1
   221    299      1
   221    483      1
   222    175      1
   222      1      1
   222     16      1
   222    376      1
   222    439      1
   223    166      1
   223     23      1
   223    290      1
   223    385      1
   224     20      1
   224     60      1
   224     61      1
   224    313      1
   224    339      1
   224    473      1
   225     61      1
   225    119      1
   225    185      1
   225    263      1
   225    304      1
   225    324      1
   225    392      1
   225    468      1
   226     49      1
   226     10      1
   226     46      1
   226    370      1
   227    199      1
   227     58      1
   227    106      1
   228     35      1
   228     29      1
   228    290      1
   228    391      1
   228    424      1
   228    488      1
   229     36      1
   229     33      1
   229     58      1
   230     21      1
   230     36      1
   230     53      1
   230    360      1
   230    447      1
   231    148      1
   231    203      1
   231     32      1
   231    385      1
   232     63      1
   232    194      1
   232    295      1
   232    391      1
   233    221      1
   233     52      1
   233     51      1
   233    446      1
   233    475      1
   233    488      1
   234    180      1
   234     55      1
   234    241      1
   235     62      1
   235    185      1
   236     29      1
   236     91      1
   236     73      1
   236    334      1
   236    367      1
   236    384      1
   237    192      1
   237    211      1
   237    244      1
   237    308      1
   237    335      1
   237    459      1
   238    191      1
   238     30      1
   239     30      1
   239    163      1
   239     24      1
   239    319      1
   239    390      1
   239    490      1
   240     46      1
   240    128      1
   241    234      1
   241     90      1
   241    251      1
   242    127      1
   242     43      1
   242     16      1
   242    244      1
   242    265      1
   243     18      1
   243     16      1
   243    116      1
   243    256      1
   243    355      1
   243    424      1
   244    237      1
   244    242      1
   244     99      1
   245     56      1
   245      8      1
   245    432      1
   246     90      1
   246     51      1
   246    293      1
   246    489      1
   247     60      1
   247    208      1
   247    191      1
   247    379      1
   247    383      1
   247    405      1
   247    422      1
   248    192      1
   248     69      1
   248     55      1
   248    436      1
   248    499      1
   249     58      1
   249     48      1
   249    397      1
   249    448      1
   250    211      1
   250     60      1
   250    259      1
   250    277      1
   251    241      1
   251    196      1
   251    368      1
   252     47      1
   252     16      1
   252     53      1
   253     26      1
   253    141      1
   253     66      1
   253    362      1
   253    389      1
   253    429      1
   254     60      1
   254    196      1
   254    258      1
   254    353      1
   255    221      1
   255    161      1
   255    275      1
   256    190      1
   256    243      1
   256    112      1
   256    456      1
   257    149      1
   257    193      1
   257    425      1
   258     45      1
   258    254      1
   258    264      1
   258    305      1
   258    331      1
   258    333      1
   259    208      1
   259    162      1
   259    250      1
   260    174      1
   260    108      1
   260    485      1
   261    212      1
   261     73      1
   261    353      1
   261    444      1
   261    466      1
   262     65      1
   262    135      1
   262     83      1
   262    279      1
   262    345      1
   262    348      1
   262    375      1
   263     99      1
   263    225      1
   263    350      1
   264    177      1
   264    145      1
   264    258      1
   265    242      1
   265    163      1
   265    141      1
   265    324      1
   266    141      1
   266    216      1
   266    375      1
   267     71      1
   267    111      1
   268    134      1
   268    166      1
   268    285      1
   269     11      1
   269     31      1
   269    344      1
   270     49      1
   270     99      1
   270    221      1
   270    325      1
   271    191      1
   271     26      1
   271    289      1
   272    173      1
   272    125      1
   272    206      1
   272    436      1
   272    450      1
   273    170      1
   273     70      1
   273    410      1
   274    150      1
   274    207      1
   274      8      1
   274    472      1
   275    255      1
   275     77      1
   275    286      1
   275    351      1
   276    171      1
   276      3      1
   277     46      1
   277    250      1
   277    359      1
   277    401      1
   277    461      1
   278     68      1
   278    115      1
   278    404      1
   279    262      1
   279     56      1
   279     10      1
   279    293      1
   280    215      1
   280     44      1
   280    104      1
   280    298      1
   280    356      1
   281     74      1
   281    149      1
   281     54      1
   281    329      1
   281    337      1
   282    199      1
   282    151      1
   282    187      1
   282    379      1
   283    165      1
   283    220      1
   284     98      1
   284     99      1
   284    319      1
   285    221      1
   285    268      1
   285    451      1
   286     75      1
   286     30      1
   286    275      1
   286    480      1
   287     76      1
   287     65      1
   287    162      1
   287    456      1
   288     56      1
   288     95      1
   288    340      1
   288    437      1
   289    271      1
   289     86      1
   289    410      1
   289    469      1
   290    223      1
   290     38      1
   290    228      1
   290    300      1
   290    302      1
   290    330      1
   290    408      1
   291    159      1
   291     88      1
   291    121      1
   292    192      1
   292    119      1
   293    128      1
   293    246      1
   293    279      1
   293    349      1
   293    444      1
   294    219      1
   294      2      1
   294     88      1
   295    232      1
   295    129      1
   295     40      1
   295    303      1
   295    325      1
   295    373      1
   296     83      1
   296     19      1
   297    156      1
   297     13      1
   297     54      1
   297    414      1
   298     33      1
   298    280      1
   298    465      1
   299    150      1
   299    221      1
   299    380      1
   300    211      1
   300    290      1
   300    326      1
   300    423      1
   301     26      1
   301    186      1
   301     19      1
   301    468      1
   302    290      1
   302    172      1
   303    166      1
   303     19      1
   303    295      1
   303    392      1
   303    425      1
   304     56      1
   304    225      1
   304    409      1
   304    432      1
   305    205      1
   305    258      1
   306    171      1
   306     55      1
   306    112      1
   307    190      1
   307     27      1
   307    321      1
   308    163      1
   308    237      1
   308    132      1
   308    410      1
   309     56      1
   309    164      1
   309     10      1
   309    462      1
   310     70      1
   310    206      1
   310    188      1
   310    344      1
   310    487      1
   311     72      1
   311     21      1
   311      7      1
   311    329      1
   311    334      1
   311    400      1
   312    192      1
   312     44      1
   312    388      1
   312    408      1
   313    112      1
   313     71      1
   313    224      1
   313    406      1
   313    481      1
   314    123      1
   314     74      1
   315    105      1
   315    195      1
   315     30      1
   315    440      1
   316    149      1
   316     33      1
   316    328      1
   317    219      1
   317     35      1
   318    136      1
   318    113      1
   318    354      1
   319    239      1
   319    284      1
   320    141      1
   320     31      1
   320    199      1
   320    438      1
   321    184      1
   321    307      1
   321    196      1
   322    109      1
   322    101      1
   323     57      1
   323    220      1
   323    199      1
   323    368      1
   324    265      1
   324    225      1
   324    166      1
   325    270      1
   325    295      1
   325     12      1
   325    348      1
   326     49      1
   326    300      1
   326    116      1
   327    199      1
   327    123      1
   328    316      1
   328     27      1
   328    496      1
   329    281      1
   329    311      1
   329    395      1
   330    290      1
   330    194      1
   330    402      1
   331    216      1
   331    258      1
   331    346      1
   331    361      1
   331    411      1
   332     60      1
   332     48      1
   332    441      1
   333    258      1
   333    107      1
   333    159      1
   333    413      1
   333    416      1
   333    493      1
   334    311      1
   334    236      1
   335    151      1
   335    237      1
   335    338      1
   335    420      1
   335    467      1
   336     19      1
   336    172      1
   336     51      1
   336    372      1
   337    281      1
   337     58      1
   337    346      1
   338    335      1
   338    151      1
   338    395      1
   339    224      1
   339    133      1
   339    103      1
   339    368      1
   340    288      1
   340     50      1
   340    430      1
   341    152      1
   341     61      1
   342     45      1
   342    157      1
   342     60      1
   343    207      1
   343    199      1
   343    458      1
   344    269      1
   344    310      1
   345    262      1
   345     24      1
   345    175      1
   346    337      1
   346    331      1
   346    104      1
   347     49      1
   347     18      1
   348    325      1
   348    262      1
   348     94      1
   348    393      1
   349     40      1
   349    293      1
   349    409      1
   350    207      1
   350    263      1
   351     76      1
   351    275      1
   351    161      1
   352    159      1
   352    141      1
   352    370      1
   352    388      1
   352    428      1
   353    254      1
   353    261      1
   353    210      1
   353    364      1
   353    371      1
   354    206      1
   354    318      1
   354    463      1
   354    499      1
   355     68      1
   355    243      1
   355    138      1
   356     72      1
   356    280      1
   356    190      1
   356    488      1
   357    116      1
   357    215      1
   358    183      1
   358     64      1
   359    186      1
   359    277      1
   360    132      1
   360    198      1
   360    230      1
   360    436      1
   361    113      1
   361    331      1
   361    496      1
   362    253      1
   362    140      1
   362     74      1
   363     62      1
   363    129      1
   363    377      1
   363    498      1
   364    353      1
   364     34      1
   365    165      1
   365     22      1
   365    366      1
   365    407      1
   366    365      1
   366     60      1
   366    373      1
   367    180      1
   367    236      1
   368    339      1
   368    323      1
   368    251      1
   369    106      1
   369    171      1
   369     88      1
   370    226      1
   370     17      1
   370    352      1
   370    383      1
   370    415      1
   371    188      1
   371    353      1
   372    336      1
   372    212      1
   372    486      1
   373    366      1
   373    295      1
   373    381      1
   373    419      1
   374     58      1
   374    161      1
   374    128      1
   374    474      1
   375    262      1
   375    184      1
   375    266      1
   375    420      1
   376    222      1
   376      8      1
   376    440      1
   377     53      1
   377    363      1
   377    134      1
   377    417      1
   378    133      1
   378     34      1
   378    435      1
   379    178      1
   379    247      1
   379    282      1
   379    390      1
   379    494      1
   380    299      1
   380     27      1
   380     31      1
   380    425      1
   381    110      1
   381    373      1
   381    123      1
   382     78      1
   382     91      1
   383    370      1
   383    247      1
   383    449      1
   384    236      1
   384    171      1
   385    231      1
   385    223      1
   385    393      1
   386    217      1
   386    202      1
   386    399      1
   387    136      1
   387     45      1
   387    177      1
   387    493      1
   388    312      1
   388    352      1
   388    213      1
   388    403      1
   389    253      1
   389    114      1
   389    202      1
   389    454      1
   389    467      1
   390    239      1
   390    379      1
   390     33      1
   391    164      1
   391    232      1
   391    228      1
   392    303      1
   392    225      1
   392    115      1
   392    438      1
   393    348      1
   393    156      1
   393    385      1
   393    451      1
   394     11      1
   394    138      1
   394    397      1
   395    107      1
   395    338      1
   395    329      1
   396     39      1
   396    141      1
   397    394      1
   397    249      1
   397    446      1
   398    142      1
   398     28      1
   399    386      1
   399      2      1
   399    196      1
   400     88      1
   400    311      1
   400    407      1
   401    277      1
   401      8      1
   401    464      1
   402     88      1
   402    330      1
   402    489      1
   403    388      1
   403     62      1
   403    477      1
   403    479      1
   404    278      1
   404     85      1
   404    433      1
   405    247      1
   405     81      1
   405    432      1
   405    441      1
   406     74      1
   406    313      1
   407     36      1
   407    400      1
   407    365      1
   407    456      1
   408    111      1
   408    312      1
   408    290      1
   408    443      1
   408    478      1
   409    349      1
   409     83      1
   409    304      1
   410    308      1
   410    289      1
   410    273      1
   410    457      1
   410    484      1
   411    331      1
   411    180      1
   411    458      1
   412     12      1
   412    174      1
   413     14      1
   413    333      1
   414    128      1
   414    297      1
   415    370      1
   415     10      1
   415     77      1
   416    116      1
   416    333      1
   416    211      1
   416    423      1
   416    434      1
   416    437      1
   416    448      1
   416    490      1
   417    377      1
   417    164      1
   417      3      1
   418     86      1
   418    171      1
   418    157      1
   418    471      1
   419    173      1
   419     49      1
   419    373      1
   420    335      1
   420    151      1
   420    375      1
   421    139      1
   421    151      1
   421    463      1
   422    118      1
   422    247      1
   423    300      1
   423    416      1
   424    243      1
   424    228      1
   424    134      1
   424    447      1
   424    473      1
   425    380      1
   425    257      1
   425    303      1
   425    464      1
   426    196      1
   426    211      1
   426     29      1
   427     11      1
   427      5      1
   428    352      1
   428    211      1
   429    253      1
   429     21      1
   429     50      1
   430    340      1
   430     49      1
   430    481      1
   431    184      1
   431    142      1
   432    245      1
   432    405      1
   432    304      1
   432    485      1
   433    404      1
   433    110      1
   433    133      1
   434     93      1
   434    416      1
   435    213      1
   435    133      1
   435    378      1
   435    460      1
   436    248      1
   436    360      1
   436    272      1
   437    288      1
   437    416      1
   437    188      1
   438    110      1
   438    320      1
   438    392      1
   439    222      1
   439    198      1
   440    315      1
   440     78      1
   440    376      1
   441    405      1
   441    332      1
   441    453      1
   442    183      1
   442     54      1
   442    491      1
   443    408      1
   443    208      1
   444    261      1
   444      9      1
   444    293      1
   445    199      1
   445    154      1
   445    213      1
   445    477      1
   446    397      1
   446    233      1
   446    177      1
   447     67      1
   447    230      1
   447    424      1
   448    249      1
   448    416      1
   448    494      1
   449    185      1
   449    383      1
   450     39      1
   450    272      1
   450    108      1
   451    393      1
   451    285      1
   452    199      1
   452    191      1
   453     30      1
   453    441      1
   453      3      1
   453    480      1
   454    149      1
   454    389      1
   455     47      1
   455    183      1
   456    407      1
   456    287      1
   456    256      1
   457    410      1
   457    195      1
   458    343      1
   458    411      1
   459    199      1
   459    148      1
   459    237      1
   460    435      1
   460      8      1
   460      9      1
   460    491      1
   460    494      1
   461     18      1
   461    277      1
   462    120      1
   462    309      1
   463    421      1
   463    354      1
   463     63      1
   464    425      1
   464    401      1
   464     80      1
   465    298      1
   465     18      1
   465    475      1
   466    261      1
   466    119      1
   467    389      1
   467    335      1
   468    225      1
   468    133      1
   468    301      1
   469    183      1
   469    132      1
   469    289      1
   470    111      1
   470    149      1
   470    204      1
   471    418      1
   471     40      1
   472    112      1
   472    274      1
   472     25      1
   473     18      1
   473    424      1
   473    224      1
   474      8      1
   474    374      1
   475    120      1
   475    465      1
   475    233      1
   476    144      1
   476    150      1
   477      8      1
   477    403      1
   477    445      1
   478    408      1
   478    170      1
   479    149      1
   479    403      1
   479     76      1
   480    453      1
   480     75      1
   480    286      1
   481    430      1
   481    313      1
   481    186      1
   482    150      1
   482    154      1
   482    100      1
   483    170      1
   483    221      1
   483     19      1
   484    410      1
   484    204      1
   485    260      1
   485    432      1
   486    372      1
   486    109      1
   486    122      1
   487    310      1
   487    206      1
   488    228      1
   488    356      1
   488    233      1
   489    402      1
   489    246      1
   490    416      1
   490    239      1
   491    460      1
   491    442      1
   491      3      1
   492    210      1
   492    159      1
   493    387      1
   493    333      1
   494    460      1
   494    448      1
   494    379      1
   495    215      1
   495    110      1
   495     31      1
   496    361      1
   496    328      1
   496    110      1
   497    194      1
   497    125      1
   498    363      1
   498    196      1
   499    354      1
   499    248      1
