COORD_X_Y 400
 0.650027  0.651421
  0.31422  0.906872
  2.52475   2.71207
  1.53961   2.66384
  1.75279 0.0533771
  1.08045  0.418078
  1.88385   1.49373
 0.280815   1.34349
  1.91894  0.248496
  1.34938   2.50448
  2.08847   2.58735
 0.314226   2.77396
 0.149094   1.51239
  1.63953   1.49619
  2.57927     2.198
  1.71426  0.790928
   1.5364  0.866358
  2.19479   1.75992
  0.58739   2.91134
 0.598459  0.968632
  2.51265    1.9771
 0.411493   1.67556
 0.463219   2.85085
  1.41505   1.81068
   1.6812   2.83724
  1.04788  0.159259
 0.944426  0.536886
  2.75591   2.29044
  0.98654   1.42073
  1.74084    1.3888
  1.96986  0.381541
  1.88143  0.336358
  2.86926   1.43862
  2.77075  0.552414
 0.668486  0.258061
  2.59482   2.69295
  1.81604  0.979391
 0.209979   2.76094
 0.607835   1.56474
  1.33471   2.05189
  1.07469   2.12111
0.0883962   1.56062
  1.76283   1.18128
  2.36718     1.939
  2.98791  0.740109
  1.28658   1.37772
  2.64354  0.383677
  1.84356   1.18221
  2.92608    1.7637
 0.976856   1.77136
  2.14299   1.09733
  2.82686  0.693398
  2.95473 0.0126605
  1.93456   2.13573
  0.33285   2.55633
  2.95497   1.09467
  2.04187  0.895523
 0.182683  0.758414
  2.61951   0.83585
  1.89208   1.26115
 0.962753   1.08811
  1.66419  0.475404
  1.74324   1.17346
  1.77029   2.57926
  2.12649   2.83089
 0.141665   1.63485
  1.44505  0.207555
  1.99995   1.18393
  1.74251  0.860015
  1.49588   2.40375
  2.36716  0.937341
 0.845329  0.949603
 0.991386  0.281002
 0.369797   2.89423
  2.38656  0.151971
  2.57049   2.34921
  2.60795  0.719702
  2.54465   2.34296
  2.70065   1.04925
   2.7969    2.5178
  2.77935  0.921339
  2.71466   1.96399
 0.917354   2.48773
  1.45186  0.800841
  1.04618   1.16364
  1.64399   1.50263
   1.7869  0.890623
  2.55073   1.37209
 0.207233   0.47922
  2.10899   2.02312
 0.559168  0.514188
 0.347793   1.07083
  1.83557   1.98479
  2.74107  0.824205
   2.0393   1.11176
  1.12325   1.92011
  1.77727   2.25238
  1.84254   1.91261
  1.78635  0.412734
  1.74182   2.52811
  2.71804 0.0569567
0.000320699   2.98707
 0.595989   2.62965
  0.58267   2.04973
  1.94909  0.246197
  2.57761   2.19333
 0.585598    1.4981
  2.08963   2.90481
  1.53911   1.26678
 0.842933  0.579046
  1.35267   2.15817
  1.75846   1.29528
  2.51001  0.499171
  1.70028  0.451584
  2.29857    1.6133
  2.97589  0.195871
 0.479882   1.05442
 0.716493   1.76174
  1.84216    1.0045
   1.1278  0.308166
  2.84125  0.725438
  1.49984  0.827409
 0.126704  0.186602
  2.95882   2.61759
 0.845121  0.761512
 0.305469   2.63078
  0.44315  0.748252
  2.93506  0.208763
  2.86375   1.31785
 0.111223   2.16199
  2.58596   0.34052
  0.73107   1.98348
  1.63011  0.137805
  1.26824   1.08321
  1.40386   2.28234
  2.88788   2.11524
   2.4253   1.11522
  1.57835  0.774455
  1.62582  0.709093
  1.07308  0.933077
  2.43756   2.63877
  2.83946  0.417185
  2.55344   2.58225
  1.19063   1.19295
  1.13058   1.15246
   1.5854   1.87325
0.0418854    2.5681
 0.274908  0.818157
  2.57206  0.418265
 0.178905   1.65485
  2.53497   2.17367
   2.9346   2.34153
   2.6748   1.77412
 0.420895   1.47141
   1.2297   1.57775
 0.540688   2.21708
  1.85283   1.52427
  1.47079  0.764079
  1.41623   1.73137
  1.30436   2.41601
  2.56688   1.23936
 0.837494   2.45056
  1.75028  0.571805
 0.424208  0.403715
  2.42423   1.30877
  1.10711   2.90079
  1.01059   2.87417
  2.70506   1.29412
 0.480311   2.25972
  1.24425     2.385
  2.73858  0.285496
 0.745689   1.43982
   1.6172   2.06494
  2.82144  0.247642
 0.597884   2.14699
 0.411988   2.57488
  2.97459  0.210104
  1.54487   2.21336
  2.55191   2.44624
  2.18807   1.46751
  1.63466   2.52957
 0.498176  0.288133
  1.89902     1.399
  1.87624   1.20331
  1.80848 0.0696632
0.00851721    1.6368
 0.781888  0.858026
   2.9691   2.77522
  1.85799   2.05986
0.0820079   2.45223
  2.78312   1.29204
  0.82511  0.510181
 0.908759   1.98694
  2.86287    1.4777
  2.70678  0.614719
  2.66127   2.27964
  0.69474   2.87543
   1.6875  0.757776
  2.17889   1.12997
  0.54516   2.63758
     1.22   2.37119
  2.24826  0.727633
 0.184628   0.63092
 0.732296  0.365159
  2.25007   2.20378
 0.568245  0.408187
  2.01137  0.751127
  1.17832   1.01045
0.0132301   1.48119
  2.23055  0.216525
  2.55117  0.261072
  2.75801    2.7105
  1.86682  0.945648
  2.87585  0.182194
 0.891995  0.443756
  2.32203  0.468624
 0.835857   1.59675
  1.15863  0.481577
  2.66072   2.99327
  0.36888   2.42681
  1.61806  0.670762
  1.72629   1.38113
  2.78628   2.68859
   1.2791  0.443567
  2.10703   0.18136
  2.85359  0.975464
  2.40559   2.93304
  2.67251   1.01016
   2.7323  0.784485
 0.533881   1.07688
 0.990508  0.428464
 0.922689   2.38456
  2.91235   0.29538
  1.22886  0.280247
  2.23958   2.40891
  0.57313  0.202662
      2.1   1.76402
  2.15276  0.954041
 0.606368   1.41288
  2.25454   1.55878
 0.363366   2.93282
    1.125  0.226674
  1.42635   2.27667
  1.05466   2.30491
  2.46648   1.78855
 0.909833  0.762512
  1.12509 0.0452573
 0.972833  0.546514
  1.45819  0.928426
   1.6924   1.94776
  2.79069   1.11824
  2.70376 1.65561e-05
  1.49209  0.789475
  1.53116   1.91812
 0.727379 0.0358825
 0.567409 0.0364111
  2.06173  0.608784
  2.11994   1.87289
 0.780979   2.75597
  2.41427   1.65497
  2.54456   2.30828
  1.99644   1.73196
  2.18977   1.42403
  1.35024  0.782779
 0.425274  0.166106
  1.94811   1.45583
0.0301155   2.21383
  1.96779   2.35075
  0.31325  0.588062
  2.88542 0.0334989
  1.08787   2.83237
  1.91796   2.85009
  2.00672   2.88845
  2.05519   2.68392
  1.55608  0.529693
  2.76655  0.036226
  1.53946   1.38948
  2.94431  0.500073
 0.880508   1.47031
   1.9476    2.1417
  2.33659   1.90915
  2.37443   2.47709
 0.490813  0.454386
  1.88722   1.33716
   0.1149   2.85156
  1.14963    1.0914
  2.68408   2.82861
   2.8821     2.586
  2.00046   1.61048
  1.08821    1.3054
  2.09435   1.83639
   2.2504   1.40825
  1.90019  0.424512
 0.611446   2.07996
  2.07762   1.92721
  1.87887   1.17843
  1.00836   2.25422
  2.87647    1.6756
 0.319406  0.952381
  1.68554    0.9351
 0.620437  0.635558
  2.87553   1.52741
  2.62408   2.91288
  2.96784   2.38229
 0.880213 0.0727779
 0.196137  0.727498
 0.260371 0.0853467
  1.04051   2.53165
  0.38006  0.892827
 0.882722  0.208743
 0.874863 0.00975974
  2.21293  0.818903
0.0285665   1.84983
  1.64006   2.74025
  2.25721  0.846345
 0.846041   1.95866
 0.545198   1.48169
  1.27172   1.93472
  1.81206   2.98929
 0.336535   2.11814
 0.699871    1.5898
  2.54529  0.240366
  1.15565   2.10021
   1.4647  0.227787
  1.91035  0.437821
 0.399909  0.328662
  1.31703   1.23696
  1.12614   1.01866
  2.32306  0.165942
  0.93852  0.670858
  2.49302   2.09585
  2.82994  0.967622
  1.03312   2.92237
 0.777987   2.64499
  1.56898  0.748576
  2.23705  0.521131
  1.37571  0.428468
0.0933806  0.408392
   2.8704   1.54412
  1.82788   2.44064
 0.917185   2.29402
  1.61404   2.79019
  2.82096   2.87815
    1.306  0.618119
  2.08635   2.99594
  1.14591  0.766134
 0.908571   2.71665
    1.822   2.59745
   2.5203  0.434353
  1.83048   0.31737
 0.763301   1.70945
   2.5948   1.75101
  2.37416   1.86089
 0.151276   2.53638
 0.937277  0.796299
  2.41032   2.49845
  2.28522   1.06495
 0.157347   2.76714
  1.57784  0.989951
 0.804168  0.853799
 0.487912    2.6984
 0.341711  0.699036
  1.48781   1.03826
  2.88908  0.828736
  2.46952      1.29
  1.27601   1.54752
 0.533739    1.0265
 0.278433   1.51623
  1.59499  0.405533
  1.44941   2.21569
 0.599905  0.835334
  2.79066   1.66329
  1.55776  0.887057
  2.01043   0.68763
  1.97204   1.88208
  1.59443   2.01682
  2.61294  0.126122
  1.52692  0.999554
  2.59576  0.615816
  1.49896  0.646612
  1.23239   1.89049
 0.968244  0.786993
 0.292253   1.19076
0.0673764 0.0761069
  1.62994  0.742655
 0.544039  0.283693
 0.577097   1.52622
  2.17861   2.13277
   2.7065   2.65383
  2.60138   1.61504
  0.10989   1.78032
  2.01339   0.85758
  2.05866   2.80019
  1.34244   1.74249
 0.983394   1.99559
  2.44155  0.573014
  2.15163    1.8228
  1.66767   2.64664
 0.243643  0.954822
  2.28339   2.90036
LINKS_SOURCE_DESTINATION_DISTANCE 1958
     0      1      1
     0      2      1
     0      4      1
     0      7      1
     0      9      1
     0     11      1
     0     29      1
     0     58      1
     0    114      1
     0    129      1
     0    139      1
     0    217      1
     0    227      1
     0    249      1
     1      0      1
     1      3      1
     1      5      1
     1      8      1
     1     15      1
     1     22      1
     1     28      1
     1     47      1
     1     48      1
     1     51      1
     1     52      1
     1    126      1
     1    293      1
     2      0      1
     2      4      1
     2      5      1
     2      6      1
     2      8      1
     2     11      1
     2     13      1
     2     14      1
     2     17      1
     2     44      1
     2     47      1
     2     60      1
     2     74      1
     2    120      1
     2    266      1
     2    313      1
     3      1      1
     3      6      1
     3      7      1
     3     18      1
     3     31      1
     3     48      1
     3     69      1
     3    130      1
     3    282      1
     3    307      1
     4      0      1
     4      2      1
     4      7      1
     4      8      1
     4      9      1
     4     12      1
     4     19      1
     4     29      1
     4     32      1
     4     35      1
     4    138      1
     4    202      1
     5      1      1
     5      2      1
     5      6      1
     5     10      1
     5     12      1
     5     14      1
     5     27      1
     5     31      1
     5     39      1
     5     57      1
     5     64      1
     5    149      1
     5    164      1
     5    172      1
     5    254      1
     5    357      1
     6      2      1
     6      3      1
     6      5      1
     6     18      1
     6     19      1
     6     20      1
     6     21      1
     6     32      1
     6     38      1
     6     64      1
     6     72      1
     6    165      1
     6    166      1
     6    191      1
     6    208      1
     6    308      1
     7      3      1
     7      0      1
     7      4      1
     7     10      1
     7     62      1
     7     77      1
     7     81      1
     7     91      1
     7    171      1
     7    189      1
     7    206      1
     7    295      1
     8      2      1
     8      1      1
     8      4      1
     8     10      1
     8     96      1
     8    168      1
     8    170      1
     9      0      1
     9      4      1
     9     14      1
     9     15      1
     9     20      1
     9     45      1
     9    108      1
     9    231      1
     9    275      1
    10      5      1
    10      8      1
    10      7      1
    10     13      1
    10     16      1
    10     23      1
    10     38      1
    10    214      1
    10    330      1
    11      2      1
    11      0      1
    11     32      1
    11     37      1
    11     39      1
    11     68      1
    11     70      1
    11    104      1
    11    105      1
    11    153      1
    11    155      1
    11    365      1
    12      4      1
    12      5      1
    12     40      1
    12     53      1
    12     55      1
    12     56      1
    12    103      1
    12    155      1
    12    392      1
    13     10      1
    13      2      1
    13     21      1
    13     22      1
    13     34      1
    13     49      1
    13     76      1
    13     98      1
    13    103      1
    13    112      1
    13    113      1
    13    252      1
    13    267      1
    13    357      1
    14      2      1
    14      9      1
    14      5      1
    14     15      1
    14     16      1
    14     19      1
    14     29      1
    14    130      1
    14    142      1
    14    152      1
    14    336      1
    15      1      1
    15      9      1
    15     14      1
    15     89      1
    15    312      1
    16     10      1
    16     14      1
    16     17      1
    16     33      1
    16     49      1
    16    105      1
    16    133      1
    16    147      1
    16    153      1
    16    230      1
    16    282      1
    16    352      1
    17      2      1
    17     16      1
    17     26      1
    17     35      1
    17     37      1
    17     96      1
    17    149      1
    17    257      1
    18      6      1
    18      3      1
    18     20      1
    18     25      1
    18     41      1
    18     56      1
    18     91      1
    18     99      1
    18    303      1
    19      4      1
    19      6      1
    19     14      1
    19     23      1
    19     24      1
    19     30      1
    19     36      1
    19     63      1
    19     72      1
    19    167      1
    19    311      1
    19    326      1
    20      6      1
    20     18      1
    20      9      1
    20     25      1
    20     28      1
    20     30      1
    20     33      1
    20     57      1
    20     71      1
    20     84      1
    20     87      1
    20    196      1
    20    317      1
    20    395      1
    21      6      1
    21     13      1
    21     26      1
    21     30      1
    21     54      1
    21     78      1
    21    118      1
    21    242      1
    22      1      1
    22     13      1
    22     24      1
    22     40      1
    22    109      1
    22    118      1
    22    221      1
    22    249      1
    23     19      1
    23     10      1
    23     33      1
    23     34      1
    23     46      1
    23     63      1
    23     74      1
    23    107      1
    23    109      1
    23    158      1
    23    181      1
    23    197      1
    23    389      1
    24     22      1
    24     19      1
    24     58      1
    24    203      1
    24    347      1
    25     20      1
    25     18      1
    25     41      1
    25     53      1
    25     60      1
    25     73      1
    25     81      1
    25    111      1
    25    149      1
    25    282      1
    25    350      1
    26     17      1
    26     21      1
    26     27      1
    26     43      1
    26     45      1
    26     61      1
    26    134      1
    26    143      1
    26    144      1
    26    218      1
    26    239      1
    26    264      1
    26    387      1
    27      5      1
    27     26      1
    27     28      1
    27     79      1
    27    287      1
    27    289      1
    27    314      1
    27    328      1
    28     27      1
    28      1      1
    28     20      1
    28     35      1
    28     46      1
    28     92      1
    28    102      1
    28    124      1
    28    176      1
    29     14      1
    29      4      1
    29      0      1
    29    115      1
    29    123      1
    29    166      1
    29    173      1
    29    176      1
    29    294      1
    29    346      1
    30     21      1
    30     19      1
    30     20      1
    30     43      1
    30     50      1
    30    106      1
    30    259      1
    30    262      1
    30    312      1
    30    351      1
    31      3      1
    31      5      1
    31     36      1
    31     44      1
    31     87      1
    31     89      1
    31    117      1
    31    154      1
    31    156      1
    31    159      1
    31    291      1
    32      6      1
    32      4      1
    32     11      1
    32     42      1
    32     54      1
    32     94      1
    32    271      1
    33     23      1
    33     20      1
    33     16      1
    33     49      1
    33     66      1
    33    127      1
    33    134      1
    33    292      1
    33    341      1
    34     23      1
    34     13      1
    34     79      1
    34    187      1
    34    192      1
    34    290      1
    34    308      1
    35     28      1
    35     17      1
    35      4      1
    35     59      1
    35     73      1
    35    101      1
    35    113      1
    35    136      1
    35    216      1
    35    291      1
    36     19      1
    36     31      1
    36     40      1
    36     77      1
    36     81      1
    36    101      1
    36    129      1
    36    353      1
    37     11      1
    37     17      1
    37     41      1
    37     71      1
    37     92      1
    37    127      1
    37    133      1
    37    145      1
    38     10      1
    38      6      1
    38     72      1
    38    109      1
    38    111      1
    38    186      1
    38    200      1
    39     11      1
    39      5      1
    39     42      1
    39     50      1
    39    116      1
    39    182      1
    39    204      1
    39    209      1
    39    292      1
    40     36      1
    40     22      1
    40     12      1
    40     43      1
    40     51      1
    40     86      1
    40    116      1
    40    117      1
    40    155      1
    40    174      1
    40    216      1
    40    251      1
    40    269      1
    40    303      1
    41     25      1
    41     37      1
    41     18      1
    41     45      1
    41     65      1
    41     90      1
    41    121      1
    41    128      1
    41    145      1
    41    156      1
    41    163      1
    41    185      1
    42     39      1
    42     32      1
    42     46      1
    42    104      1
    42    260      1
    42    377      1
    43     26      1
    43     30      1
    43     40      1
    43     44      1
    43     53      1
    43    160      1
    43    266      1
    43    380      1
    44     43      1
    44     31      1
    44      2      1
    44     50      1
    44     98      1
    44    222      1
    44    231      1
    44    365      1
    44    371      1
    45     26      1
    45     41      1
    45      9      1
    45     67      1
    45    114      1
    45    136      1
    46     23      1
    46     28      1
    46     42      1
    46     52      1
    46    158      1
    46    209      1
    46    339      1
    47      1      1
    47      2      1
    47     69      1
    47    138      1
    47    151      1
    47    180      1
    47    181      1
    47    193      1
    47    201      1
    47    222      1
    47    311      1
    48      1      1
    48      3      1
    48     54      1
    48     63      1
    49     33      1
    49     13      1
    49     16      1
    49     58      1
    49     66      1
    49    252      1
    49    335      1
    50     44      1
    50     39      1
    50     30      1
    50    186      1
    50    235      1
    51      1      1
    51     40      1
    51     55      1
    51     57      1
    51    102      1
    51    135      1
    51    148      1
    51    355      1
    52      1      1
    52     46      1
    52     59      1
    52    132      1
    52    199      1
    52    391      1
    53     12      1
    53     43      1
    53     25      1
    53     99      1
    53    198      1
    53    226      1
    53    302      1
    53    344      1
    54     48      1
    54     32      1
    54     21      1
    54     65      1
    54     80      1
    54     82      1
    54     83      1
    54    100      1
    54    171      1
    54    212      1
    54    215      1
    54    246      1
    54    284      1
    54    320      1
    54    349      1
    54    395      1
    55     51      1
    55     12      1
    55     61      1
    55     71      1
    55    100      1
    55    110      1
    55    128      1
    55    245      1
    55    262      1
    56     18      1
    56     12      1
    56     60      1
    56     67      1
    56    140      1
    56    201      1
    56    224      1
    56    357      1
    57     20      1
    57     51      1
    57      5      1
    57     79      1
    57     90      1
    57     97      1
    57    110      1
    57    125      1
    57    134      1
    57    142      1
    57    269      1
    58     49      1
    58     24      1
    58      0      1
    58     62      1
    58     68      1
    58    108      1
    58    143      1
    58    158      1
    58    280      1
    59     52      1
    59     35      1
    59    210      1
    59    230      1
    59    243      1
    60     25      1
    60      2      1
    60     56      1
    60     70      1
    60     83      1
    60    126      1
    60    137      1
    60    150      1
    60    175      1
    60    183      1
    60    294      1
    60    359      1
    61     55      1
    61     26      1
    61     66      1
    61     75      1
    61     97      1
    62      7      1
    62     58      1
    62    121      1
    62    226      1
    63     19      1
    63     23      1
    63     48      1
    63     82      1
    63     90      1
    63    113      1
    63    196      1
    63    248      1
    63    285      1
    64      5      1
    64      6      1
    64    166      1
    64    178      1
    64    334      1
    64    375      1
    65     54      1
    65     41      1
    65     68      1
    65     85      1
    65     86      1
    65     94      1
    65    208      1
    65    223      1
    65    283      1
    66     49      1
    66     61      1
    66     33      1
    66    162      1
    66    228      1
    67     56      1
    67     45      1
    67     75      1
    67     93      1
    67    119      1
    67    170      1
    67    225      1
    67    240      1
    68     58      1
    68     65      1
    68     11      1
    68    106      1
    68    130      1
    68    159      1
    69      3      1
    69     47      1
    69     80      1
    69    304      1
    70     11      1
    70     60      1
    70     85      1
    70     95      1
    70    107      1
    70    119      1
    70    288      1
    71     55      1
    71     37      1
    71     20      1
    71    157      1
    71    177      1
    71    212      1
    71    241      1
    71    251      1
    71    253      1
    71    320      1
    71    360      1
    72     19      1
    72      6      1
    72     38      1
    72     77      1
    72    192      1
    72    279      1
    73     25      1
    73     35      1
    73     88      1
    73     94      1
    73    122      1
    73    160      1
    73    213      1
    73    363      1
    74     23      1
    74      2      1
    74     86      1
    74     87      1
    74    250      1
    74    321      1
    75     67      1
    75     61      1
    75     76      1
    75    120      1
    75    258      1
    75    368      1
    76     75      1
    76     13      1
    76     78      1
    76     88      1
    76    168      1
    76    179      1
    76    372      1
    77     36      1
    77     72      1
    77      7      1
    77     93      1
    77    120      1
    77    223      1
    78     76      1
    78     21      1
    78     80      1
    79     34      1
    79     27      1
    79     57      1
    79     84      1
    79    253      1
    79    267      1
    79    277      1
    80     69      1
    80     54      1
    80     78      1
    80     82      1
    80     84      1
    80    124      1
    80    207      1
    80    247      1
    80    396      1
    81      7      1
    81     36      1
    81     25      1
    81     95      1
    81    137      1
    81    139      1
    81    179      1
    81    271      1
    81    387      1
    82     80      1
    82     54      1
    82     63      1
    82     98      1
    82    125      1
    83     54      1
    83     60      1
    83    144      1
    83    184      1
    83    300      1
    84     79      1
    84     20      1
    84     80      1
    84    141      1
    84    169      1
    84    327      1
    85     70      1
    85     65      1
    85    232      1
    85    321      1
    86     40      1
    86     65      1
    86     74      1
    86     96      1
    86    162      1
    86    348      1
    87     31      1
    87     74      1
    87     20      1
    87    197      1
    87    387      1
    88     73      1
    88     76      1
    88    152      1
    88    299      1
    89     15      1
    89     31      1
    89    176      1
    90     63      1
    90     57      1
    90     41      1
    90    112      1
    90    117      1
    90    173      1
    91     18      1
    91      7      1
    91    177      1
    91    195      1
    92     37      1
    92     28      1
    92     95      1
    92    108      1
    92    165      1
    92    270      1
    92    279      1
    92    380      1
    93     77      1
    93     67      1
    94     65      1
    94     73      1
    94     32      1
    94    146      1
    94    163      1
    94    273      1
    94    274      1
    94    334      1
    94    350      1
    95     92      1
    95     81      1
    95     70      1
    95    103      1
    95    112      1
    95    249      1
    95    305      1
    95    327      1
    96     86      1
    96      8      1
    96     17      1
    96    131      1
    96    147      1
    96    207      1
    97     57      1
    97     61      1
    97    123      1
    97    173      1
    97    351      1
    98     44      1
    98     82      1
    98     13      1
    98    123      1
    98    143      1
    98    196      1
    98    397      1
    99     18      1
    99     53      1
    99    104      1
    99    177      1
   100     54      1
   100     55      1
   100    131      1
   100    236      1
   101     35      1
   101     36      1
   101    154      1
   102     28      1
   102     51      1
   102    115      1
   102    132      1
   102    397      1
   103     95      1
   103     12      1
   103     13      1
   103    187      1
   103    280      1
   104     42      1
   104     11      1
   104     99      1
   104    157      1
   104    190      1
   104    391      1
   105     16      1
   105     11      1
   105    250      1
   105    299      1
   105    383      1
   106     68      1
   106     30      1
   106    229      1
   106    245      1
   107     70      1
   107     23      1
   107    146      1
   107    163      1
   107    193      1
   107    272      1
   108     92      1
   108      9      1
   108     58      1
   108    110      1
   108    263      1
   109     23      1
   109     22      1
   109     38      1
   109    190      1
   109    193      1
   109    207      1
   109    224      1
   109    240      1
   109    283      1
   110    108      1
   110     55      1
   110     57      1
   110    326      1
   111     38      1
   111     25      1
   111    116      1
   111    367      1
   112     13      1
   112     90      1
   112     95      1
   112    135      1
   112    161      1
   112    165      1
   112    302      1
   112    355      1
   113     13      1
   113     63      1
   113     35      1
   113    174      1
   113    178      1
   114     45      1
   114      0      1
   114    136      1
   114    188      1
   114    220      1
   114    243      1
   115     29      1
   115    102      1
   116     40      1
   116     39      1
   116    111      1
   116    125      1
   116    201      1
   116    397      1
   117     31      1
   117     90      1
   117     40      1
   117    124      1
   117    211      1
   117    298      1
   117    343      1
   118     21      1
   118     22      1
   118    122      1
   119     67      1
   119     70      1
   119    127      1
   119    200      1
   119    275      1
   119    367      1
   120     75      1
   120      2      1
   120     77      1
   120    167      1
   120    211      1
   120    227      1
   120    378      1
   121     62      1
   121     41      1
   121    132      1
   121    169      1
   122    118      1
   122     73      1
   122    148      1
   122    301      1
   122    308      1
   122    309      1
   122    315      1
   123     29      1
   123     98      1
   123     97      1
   123    199      1
   123    331      1
   123    353      1
   124    117      1
   124     28      1
   124     80      1
   124    150      1
   125     57      1
   125     82      1
   125    116      1
   125    174      1
   125    231      1
   125    268      1
   126     60      1
   126      1      1
   126    257      1
   126    293      1
   127    119      1
   127     33      1
   127     37      1
   127    205      1
   128     41      1
   128     55      1
   128    221      1
   128    362      1
   129     36      1
   129      0      1
   129    252      1
   129    281      1
   130     68      1
   130      3      1
   130     14      1
   130    139      1
   130    151      1
   130    228      1
   130    286      1
   131    100      1
   131     96      1
   131    140      1
   132     52      1
   132    121      1
   132    102      1
   132    315      1
   133     16      1
   133     37      1
   133    233      1
   134     33      1
   134     26      1
   134     57      1
   134    281      1
   134    306      1
   135    112      1
   135     51      1
   135    255      1
   135    368      1
   136    114      1
   136     35      1
   136     45      1
   136    190      1
   137     81      1
   137     60      1
   137    209      1
   137    220      1
   137    365      1
   138      4      1
   138     47      1
   138    141      1
   138    278      1
   139    130      1
   139     81      1
   139      0      1
   139    198      1
   140    131      1
   140     56      1
   140    164      1
   140    175      1
   140    268      1
   141     84      1
   141    138      1
   141    194      1
   141    234      1
   141    254      1
   142     57      1
   142     14      1
   142    245      1
   142    364      1
   143     26      1
   143     58      1
   143     98      1
   143    332      1
   144     26      1
   144     83      1
   144    148      1
   144    154      1
   144    161      1
   144    188      1
   144    189      1
   144    279      1
   144    337      1
   145     41      1
   145     37      1
   145    219      1
   145    230      1
   145    330      1
   146     94      1
   146    107      1
   146    250      1
   146    345      1
   147     16      1
   147     96      1
   148    122      1
   148     51      1
   148    144      1
   148    349      1
   149     17      1
   149     25      1
   149      5      1
   149    162      1
   149    172      1
   149    239      1
   149    385      1
   150    124      1
   150     60      1
   150    182      1
   151     47      1
   151    130      1
   151    178      1
   151    198      1
   151    202      1
   152     88      1
   152     14      1
   152    246      1
   152    276      1
   152    316      1
   153     11      1
   153     16      1
   153    314      1
   154     31      1
   154    101      1
   154    144      1
   154    220      1
   154    258      1
   154    261      1
   154    398      1
   155     40      1
   155     12      1
   155     11      1
   155    185      1
   156     41      1
   156     31      1
   156    215      1
   156    285      1
   156    318      1
   156    386      1
   157     71      1
   157    104      1
   157    294      1
   157    399      1
   158     23      1
   158     58      1
   158     46      1
   159     68      1
   159     31      1
   159    179      1
   159    214      1
   159    284      1
   159    310      1
   159    373      1
   160     43      1
   160     73      1
   160    195      1
   161    112      1
   161    144      1
   161    183      1
   161    275      1
   161    361      1
   162     86      1
   162    149      1
   162     66      1
   162    195      1
   162    229      1
   162    235      1
   162    316      1
   162    325      1
   162    384      1
   163    107      1
   163     94      1
   163     41      1
   163    180      1
   163    369      1
   164      5      1
   164    140      1
   164    171      1
   164    204      1
   164    256      1
   165     92      1
   165      6      1
   165    112      1
   165    217      1
   165    291      1
   165    313      1
   166     29      1
   166     64      1
   166      6      1
   166    314      1
   167    120      1
   167     19      1
   167    265      1
   167    304      1
   168      8      1
   168     76      1
   168    206      1
   168    247      1
   168    329      1
   169     84      1
   169    121      1
   169    194      1
   169    218      1
   170     67      1
   170      8      1
   170    342      1
   170    381      1
   171      7      1
   171    164      1
   171     54      1
   171    233      1
   171    326      1
   171    356      1
   172      5      1
   172    149      1
   172    258      1
   173     97      1
   173     29      1
   173     90      1
   173    188      1
   173    345      1
   174     40      1
   174    113      1
   174    125      1
   174    219      1
   174    240      1
   174    268      1
   174    315      1
   174    340      1
   175     60      1
   175    140      1
   175    322      1
   176     29      1
   176     89      1
   176     28      1
   176    333      1
   176    375      1
   177     91      1
   177     71      1
   177     99      1
   178    113      1
   178     64      1
   178    151      1
   178    185      1
   178    343      1
   178    358      1
   178    377      1
   179    159      1
   179     81      1
   179     76      1
   179    184      1
   179    222      1
   179    364      1
   179    393      1
   180     47      1
   180    163      1
   180    219      1
   180    244      1
   181     23      1
   181     47      1
   181    238      1
   182     39      1
   182    150      1
   182    255      1
   182    342      1
   183     60      1
   183    161      1
   183    203      1
   183    205      1
   183    208      1
   183    296      1
   183    322      1
   183    336      1
   184    179      1
   184     83      1
   184    205      1
   185    178      1
   185     41      1
   185    155      1
   185    191      1
   185    372      1
   186     38      1
   186     50      1
   186    235      1
   186    338      1
   187     34      1
   187    103      1
   187    339      1
   187    344      1
   188    173      1
   188    144      1
   188    114      1
   188    261      1
   188    276      1
   188    337      1
   189      7      1
   189    144      1
   189    233      1
   189    298      1
   189    325      1
   190    136      1
   190    109      1
   190    104      1
   190    202      1
   190    307      1
   191    185      1
   191      6      1
   192     72      1
   192     34      1
   192    226      1
   193     47      1
   193    107      1
   193    109      1
   193    228      1
   193    306      1
   193    334      1
   193    372      1
   194    141      1
   194    169      1
   195     91      1
   195    162      1
   195    160      1
   195    225      1
   195    307      1
   196     98      1
   196     20      1
   196     63      1
   197     87      1
   197     23      1
   197    237      1
   198     53      1
   198    139      1
   198    151      1
   198    241      1
   199     52      1
   199    123      1
   199    225      1
   199    263      1
   200     38      1
   200    119      1
   201     56      1
   201    116      1
   201     47      1
   201    236      1
   202      4      1
   202    151      1
   202    190      1
   202    311      1
   203    183      1
   203     24      1
   203    210      1
   204    164      1
   204     39      1
   204    213      1
   204    374      1
   204    382      1
   205    184      1
   205    183      1
   205    127      1
   206    168      1
   206      7      1
   206    272      1
   206    284      1
   206    325      1
   207     80      1
   207    109      1
   207     96      1
   207    381      1
   208    183      1
   208     65      1
   208      6      1
   208    246      1
   208    359      1
   209     39      1
   209     46      1
   209    137      1
   209    374      1
   209    375      1
   210     59      1
   210    203      1
   210    379      1
   211    117      1
   211    120      1
   211    244      1
   211    256      1
   211    297      1
   212     71      1
   212     54      1
   213    204      1
   213     73      1
   213    333      1
   214     10      1
   214    159      1
   215    156      1
   215     54      1
   215    301      1
   215    318      1
   216     35      1
   216     40      1
   216    248      1
   216    358      1
   216    388      1
   217    165      1
   217      0      1
   217    300      1
   217    338      1
   217    351      1
   218     26      1
   218    169      1
   218    361      1
   219    145      1
   219    174      1
   219    180      1
   219    293      1
   220    114      1
   220    137      1
   220    154      1
   220    227      1
   220    238      1
   221    128      1
   221     22      1
   221    382      1
   222     47      1
   222    179      1
   222     44      1
   222    285      1
   222    286      1
   223     65      1
   223     77      1
   223    232      1
   223    319      1
   223    324      1
   223    348      1
   224    109      1
   224     56      1
   224    360      1
   225    195      1
   225     67      1
   225    199      1
   226    192      1
   226     62      1
   226     53      1
   226    323      1
   227    120      1
   227      0      1
   227    220      1
   227    260      1
   227    328      1
   227    388      1
   228    130      1
   228     66      1
   228    193      1
   228    243      1
   228    332      1
   229    162      1
   229    106      1
   229    242      1
   230    145      1
   230     59      1
   230     16      1
   230    261      1
   230    292      1
   230    301      1
   231      9      1
   231     44      1
   231    125      1
   231    374      1
   232     85      1
   232    223      1
   232    265      1
   232    290      1
   233    171      1
   233    189      1
   233    133      1
   233    234      1
   233    317      1
   234    233      1
   234    141      1
   234    237      1
   234    340      1
   235     50      1
   235    162      1
   235    186      1
   235    259      1
   235    264      1
   235    354      1
   235    388      1
   236    100      1
   236    201      1
   236    366      1
   237    234      1
   237    197      1
   237    336      1
   237    366      1
   238    181      1
   238    220      1
   239     26      1
   239    149      1
   239    335      1
   240     67      1
   240    109      1
   240    174      1
   240    312      1
   241     71      1
   241    198      1
   242     21      1
   242    229      1
   243     59      1
   243    228      1
   243    114      1
   243    270      1
   243    330      1
   244    180      1
   244    211      1
   245     55      1
   245    106      1
   245    142      1
   246    208      1
   246    152      1
   246     54      1
   246    390      1
   247     80      1
   247    168      1
   247    305      1
   248     63      1
   248    216      1
   248    254      1
   248    276      1
   248    385      1
   249     22      1
   249      0      1
   249     95      1
   249    274      1
   250    105      1
   250    146      1
   250     74      1
   250    392      1
   251     40      1
   251     71      1
   251    331      1
   252     13      1
   252     49      1
   252    129      1
   253     79      1
   253     71      1
   253    286      1
   253    389      1
   254      5      1
   254    248      1
   254    141      1
   255    135      1
   255    182      1
   255    288      1
   255    306      1
   255    386      1
   256    211      1
   256    164      1
   256    257      1
   257     17      1
   257    256      1
   257    126      1
   257    287      1
   257    305      1
   258    172      1
   258    154      1
   258     75      1
   258    369      1
   259    235      1
   259     30      1
   259    352      1
   260    227      1
   260     42      1
   260    323      1
   260    339      1
   260    346      1
   260    363      1
   261    230      1
   261    154      1
   261    188      1
   261    273      1
   261    329      1
   261    378      1
   262     55      1
   262     30      1
   262    340      1
   263    108      1
   263    199      1
   263    354      1
   264    235      1
   264     26      1
   264    370      1
   265    167      1
   265    232      1
   265    266      1
   266    265      1
   266     43      1
   266      2      1
   267     79      1
   267     13      1
   268    174      1
   268    125      1
   268    140      1
   269     40      1
   269     57      1
   269    353      1
   270     92      1
   270    243      1
   270    280      1
   271     81      1
   271     32      1
   271    278      1
   271    398      1
   272    206      1
   272    107      1
   272    389      1
   273    261      1
   273     94      1
   274     94      1
   274    249      1
   275    119      1
   275    161      1
   275      9      1
   275    304      1
   275    368      1
   276    248      1
   276    152      1
   276    188      1
   276    277      1
   276    297      1
   277    276      1
   277     79      1
   278    271      1
   278    138      1
   279     92      1
   279    144      1
   279     72      1
   280    270      1
   280     58      1
   280    103      1
   280    309      1
   280    393      1
   281    134      1
   281    129      1
   282      3      1
   282     16      1
   282     25      1
   283     65      1
   283    109      1
   283    313      1
   283    347      1
   284    206      1
   284    159      1
   284     54      1
   285    156      1
   285     63      1
   285    222      1
   285    394      1
   286    253      1
   286    130      1
   286    222      1
   286    318      1
   286    323      1
   287    257      1
   287     27      1
   288     70      1
   288    255      1
   288    289      1
   288    363      1
   289     27      1
   289    288      1
   289    295      1
   290     34      1
   290    232      1
   290    319      1
   290    386      1
   291     35      1
   291    165      1
   291     31      1
   291    296      1
   291    373      1
   292     33      1
   292    230      1
   292     39      1
   293    219      1
   293    126      1
   293      1      1
   294     29      1
   294    157      1
   294     60      1
   294    342      1
   294    352      1
   294    390      1
   295    289      1
   295      7      1
   295    356      1
   296    291      1
   296    183      1
   297    211      1
   297    276      1
   297    382      1
   298    189      1
   298    117      1
   299    105      1
   299     88      1
   299    349      1
   300    217      1
   300     83      1
   301    215      1
   301    122      1
   301    230      1
   302    112      1
   302     53      1
   302    310      1
   302    358      1
   303     18      1
   303     40      1
   304    275      1
   304    167      1
   304     69      1
   305     95      1
   305    257      1
   305    247      1
   306    193      1
   306    255      1
   306    134      1
   307    190      1
   307      3      1
   307    195      1
   307    354      1
   308    122      1
   308     34      1
   308      6      1
   308    391      1
   309    122      1
   309    280      1
   309    383      1
   310    302      1
   310    159      1
   311     47      1
   311     19      1
   311    202      1
   312    240      1
   312     30      1
   312     15      1
   313    283      1
   313      2      1
   313    165      1
   314    153      1
   314     27      1
   314    166      1
   314    376      1
   315    132      1
   315    174      1
   315    122      1
   315    370      1
   316    152      1
   316    162      1
   317     20      1
   317    233      1
   317    324      1
   317    370      1
   318    286      1
   318    215      1
   318    156      1
   319    223      1
   319    290      1
   319    376      1
   320     54      1
   320     71      1
   320    341      1
   320    371      1
   321     74      1
   321     85      1
   321    337      1
   321    367      1
   322    175      1
   322    183      1
   322    343      1
   323    226      1
   323    286      1
   323    260      1
   324    223      1
   324    317      1
   325    189      1
   325    162      1
   325    206      1
   326    171      1
   326     19      1
   326    110      1
   326    328      1
   326    346      1
   327     95      1
   327     84      1
   327    394      1
   328     27      1
   328    326      1
   328    227      1
   329    261      1
   329    168      1
   330    145      1
   330    243      1
   330     10      1
   331    251      1
   331    123      1
   331    399      1
   332    228      1
   332    143      1
   333    213      1
   333    176      1
   334    193      1
   334     94      1
   334     64      1
   335    239      1
   335     49      1
   336    183      1
   336     14      1
   336    237      1
   337    144      1
   337    321      1
   337    188      1
   337    362      1
   338    217      1
   338    186      1
   339    187      1
   339    260      1
   339     46      1
   340    234      1
   340    174      1
   340    262      1
   341    320      1
   341     33      1
   341    356      1
   342    182      1
   342    170      1
   342    294      1
   343    322      1
   343    117      1
   343    178      1
   344    187      1
   344     53      1
   345    146      1
   345    173      1
   346     29      1
   346    326      1
   346    260      1
   347     24      1
   347    283      1
   348     86      1
   348    223      1
   349    299      1
   349    148      1
   349     54      1
   350     25      1
   350     94      1
   351    217      1
   351     97      1
   351     30      1
   352    259      1
   352     16      1
   352    294      1
   352    392      1
   353    123      1
   353    269      1
   353     36      1
   353    384      1
   354    307      1
   354    235      1
   354    263      1
   355     51      1
   355    112      1
   356    295      1
   356    341      1
   356    171      1
   357      5      1
   357     13      1
   357     56      1
   357    394      1
   358    178      1
   358    216      1
   358    302      1
   359    208      1
   359     60      1
   360    224      1
   360     71      1
   361    161      1
   361    218      1
   362    337      1
   362    128      1
   363    260      1
   363    288      1
   363     73      1
   364    142      1
   364    179      1
   365     11      1
   365     44      1
   365    137      1
   366    237      1
   366    236      1
   367    321      1
   367    111      1
   367    119      1
   368    275      1
   368    135      1
   368     75      1
   369    258      1
   369    163      1
   370    317      1
   370    315      1
   370    264      1
   370    379      1
   371    320      1
   371     44      1
   371    376      1
   372    193      1
   372     76      1
   372    185      1
   373    291      1
   373    159      1
   374    209      1
   374    231      1
   374    204      1
   374    398      1
   375     64      1
   375    176      1
   375    209      1
   375    393      1
   376    314      1
   376    319      1
   376    371      1
   377     42      1
   377    178      1
   378    120      1
   378    261      1
   378    381      1
   379    210      1
   379    370      1
   380     92      1
   380     43      1
   381    170      1
   381    207      1
   381    378      1
   382    204      1
   382    297      1
   382    221      1
   383    309      1
   383    105      1
   384    353      1
   384    162      1
   385    248      1
   385    149      1
   385    396      1
   386    290      1
   386    255      1
   386    156      1
   387     26      1
   387     81      1
   387     87      1
   388    227      1
   388    216      1
   388    235      1
   389     23      1
   389    272      1
   389    253      1
   390    294      1
   390    246      1
   391    308      1
   391     52      1
   391    104      1
   392    352      1
   392     12      1
   392    250      1
   393    375      1
   393    179      1
   393    280      1
   394    357      1
   394    285      1
   394    327      1
   395     20      1
   395     54      1
   396     80      1
   396    385      1
   397    116      1
   397     98      1
   397    102      1
   398    154      1
   398    271      1
   398    374      1
   399    157      1
   399    331      1
