COORD_X_Y 100
  1.26479   2.10151
  1.21081  0.895828
 0.222225   2.11237
  0.60585  0.784022
  1.59052   1.78028
  1.77068  0.563915
  1.57605  0.260963
  2.21309     1.032
   0.5696   1.30998
  2.63691   1.85969
  1.95878   1.78773
  2.54148  0.652831
  1.91772  0.480881
  2.27634  0.628191
  1.55829   2.39775
  2.14121   2.24927
 0.563263   1.49121
 0.765058    1.0593
  2.32296   1.28847
  2.41879   1.99644
 0.374413    2.0249
 0.522119  0.503148
  1.54225   1.85179
 0.330647   0.39426
 0.660302   1.09408
  1.23637    1.1492
  1.00041   1.42378
 0.378966  0.755693
  1.89754   1.40414
  1.43369   2.50007
  2.80818  0.659387
 0.452905   1.03274
  2.93912  0.538568
 0.280188   1.73483
  2.12543  0.699784
  2.57883   1.25778
 0.236071   1.89603
   1.5692   1.64569
 0.747942    1.5162
  1.35873   2.31405
  2.67575  0.473345
  1.54039   2.23653
  2.36678  0.170221
  2.39179   1.42197
  2.08991  0.297622
  1.71409   2.03649
   1.2484   2.66288
  0.10163  0.904971
  1.82956   1.73332
  1.58649 0.0357674
  2.90616   1.89888
  1.63399   2.92582
 0.638857   1.38301
  2.16676   1.81498
 0.972194   2.02227
 0.454797  0.851204
  2.30556    2.6543
 0.554371  0.845325
  2.89606   1.75849
  2.06506   1.25395
  1.90775  0.056869
  2.05646   1.48966
  1.34971   1.10248
 0.439173   2.08886
   1.5382  0.636783
  1.43323   2.55311
  1.22631  0.859329
 0.995912    1.9953
  1.75023  0.978167
  2.92402   1.83535
  2.97975 0.0782409
 0.891509   2.16366
  1.91027   1.52229
  2.28255   2.67278
    1.387   1.80024
 0.645385   1.28658
   1.8477   2.20231
  2.73257   1.04545
  1.97548   2.13124
 0.290799  0.296707
0.0953408  0.544564
   2.8944  0.886749
 0.749457  0.664316
  2.48253  0.790458
  1.21564   1.10195
  1.03043  0.660526
 0.271102    1.8729
0.0866714   1.76297
  1.98861    0.5599
  1.52488  0.164405
 0.133637   1.66918
 0.779615   2.94639
 0.452404  0.943459
 0.195753   2.48874
 0.395754   2.02876
 0.531254   2.66444
  2.09926   1.40286
  2.67099   1.89847
  2.39599   2.42079
0.0272838   2.17086
LINKS_SOURCE_DESTINATION_DISTANCE 462
     0      1      1
     0      2      1
     0      4      1
     0      5      1
     0      8      1
     0     11      1
     0     12      1
     0     18      1
     0     30      1
     0     32      1
     0     39      1
     0     44      1
     0     62      1
     0     63      1
     0     68      1
     1      0      1
     1      5      1
     1      6      1
     1     10      1
     1     28      1
     1     72      1
     1     90      1
     2      0      1
     2      3      1
     2      4      1
     2      5      1
     2     10      1
     2     16      1
     2     26      1
     2     45      1
     2     46      1
     2     50      1
     2     53      1
     2     72      1
     2     99      1
     3      2      1
     3      4      1
     3      6      1
     3      7      1
     3      8      1
     3     19      1
     3     40      1
     3     67      1
     4      0      1
     4      3      1
     4      2      1
     4      7      1
     4     14      1
     4     23      1
     4     24      1
     4     43      1
     4     64      1
     4     81      1
     4     93      1
     5      2      1
     5      1      1
     5      0      1
     5     11      1
     5     12      1
     5     13      1
     5     24      1
     6      3      1
     6      1      1
     6     15      1
     6     18      1
     6     21      1
     6     35      1
     6     38      1
     6     39      1
     6     94      1
     7      4      1
     7      3      1
     7      9      1
     7     22      1
     7     80      1
     7     89      1
     8      0      1
     8      3      1
     8      9      1
     8     17      1
     8     25      1
     8     42      1
     8     57      1
     9      7      1
     9      8      1
     9     16      1
     9     27      1
     9     31      1
     9     43      1
     9     56      1
     9     71      1
    10      1      1
    10      2      1
    10     13      1
    10     23      1
    10     29      1
    10     46      1
    10     77      1
    11      0      1
    11      5      1
    11     45      1
    11     86      1
    12      0      1
    12      5      1
    12     15      1
    12     44      1
    12     46      1
    13      5      1
    13     10      1
    13     14      1
    13     32      1
    13     61      1
    14      4      1
    14     13      1
    14     20      1
    14     33      1
    14     49      1
    15     12      1
    15      6      1
    15     17      1
    15     19      1
    15     21      1
    15     30      1
    15     33      1
    15     49      1
    16      2      1
    16      9      1
    16     86      1
    17     15      1
    17      8      1
    17     37      1
    17     40      1
    17     48      1
    17     53      1
    18      6      1
    18      0      1
    18     63      1
    18     78      1
    18     87      1
    18     95      1
    19      3      1
    19     15      1
    19     20      1
    19     22      1
    19     26      1
    19     35      1
    19     41      1
    19     54      1
    19     92      1
    20     14      1
    20     19      1
    20     23      1
    20     90      1
    21     15      1
    21      6      1
    21     74      1
    21     76      1
    22     19      1
    22      7      1
    22     30      1
    22     33      1
    22     36      1
    22     57      1
    22     74      1
    22     79      1
    23     10      1
    23     20      1
    23      4      1
    23     24      1
    23     25      1
    23     27      1
    23     28      1
    23     51      1
    24      4      1
    24     23      1
    24      5      1
    24     29      1
    24     73      1
    24     81      1
    25      8      1
    25     23      1
    25     35      1
    25     36      1
    25     42      1
    26     19      1
    26      2      1
    26     42      1
    26     75      1
    27     23      1
    27      9      1
    27     28      1
    27     59      1
    27     79      1
    28      1      1
    28     27      1
    28     23      1
    28     31      1
    28     34      1
    28     37      1
    28     82      1
    28     87      1
    29     10      1
    29     24      1
    29     32      1
    29     66      1
    30     15      1
    30      0      1
    30     22      1
    30     80      1
    31      9      1
    31     28      1
    31     34      1
    32     29      1
    32     13      1
    32      0      1
    32     50      1
    32     64      1
    33     15      1
    33     14      1
    33     22      1
    33     38      1
    33     84      1
    34     31      1
    34     28      1
    34     36      1
    34     58      1
    34     60      1
    34     75      1
    34     83      1
    34     88      1
    34     97      1
    35     19      1
    35     25      1
    35      6      1
    35     47      1
    35     48      1
    35     73      1
    35     93      1
    36     34      1
    36     22      1
    36     25      1
    36     61      1
    36     77      1
    37     17      1
    37     28      1
    37     47      1
    37     83      1
    37     91      1
    37     94      1
    38      6      1
    38     33      1
    38     41      1
    38     43      1
    38     60      1
    38     65      1
    39      6      1
    39      0      1
    39     41      1
    39     51      1
    39     55      1
    39     82      1
    40      3      1
    40     17      1
    40     58      1
    41     19      1
    41     38      1
    41     39      1
    42     25      1
    42      8      1
    42     26      1
    42     70      1
    43     38      1
    43      4      1
    43      9      1
    44      0      1
    44     12      1
    44     60      1
    45      2      1
    45     11      1
    45     51      1
    45     62      1
    45     65      1
    45     78      1
    45     83      1
    45     97      1
    46     10      1
    46      2      1
    46     12      1
    46     76      1
    47     37      1
    47     35      1
    47     96      1
    48     35      1
    48     17      1
    48     49      1
    48     59      1
    48     79      1
    48     84      1
    48     90      1
    49     48      1
    49     14      1
    49     15      1
    49     52      1
    49     70      1
    50      2      1
    50     32      1
    50     52      1
    50     55      1
    50     75      1
    50     76      1
    51     45      1
    51     23      1
    51     39      1
    51     61      1
    51     67      1
    51     71      1
    52     49      1
    52     50      1
    53      2      1
    53     17      1
    53     54      1
    53     85      1
    54     53      1
    54     19      1
    54     85      1
    55     39      1
    55     50      1
    55     56      1
    56     55      1
    56      9      1
    57      8      1
    57     22      1
    57     58      1
    57     69      1
    58     57      1
    58     40      1
    58     34      1
    59     48      1
    59     27      1
    59     88      1
    59     89      1
    59     91      1
    60     34      1
    60     38      1
    60     44      1
    60     63      1
    61     51      1
    61     13      1
    61     36      1
    62     45      1
    62      0      1
    63      0      1
    63     60      1
    63     18      1
    63     92      1
    63     93      1
    63     97      1
    64     32      1
    64      4      1
    64     66      1
    65     38      1
    65     45      1
    65     68      1
    66     64      1
    66     29      1
    67      3      1
    67     51      1
    67     69      1
    67     85      1
    68     65      1
    68      0      1
    69     67      1
    69     57      1
    69     98      1
    70     42      1
    70     49      1
    71     51      1
    71      9      1
    71     84      1
    72      2      1
    72      1      1
    72     80      1
    72     88      1
    73     35      1
    73     24      1
    74     21      1
    74     22      1
    75     34      1
    75     50      1
    75     26      1
    75     81      1
    76     21      1
    76     50      1
    76     46      1
    77     36      1
    77     10      1
    78     45      1
    78     18      1
    78     89      1
    79     27      1
    79     22      1
    79     48      1
    80     72      1
    80     30      1
    80      7      1
    81     75      1
    81      4      1
    81     24      1
    81     95      1
    82     39      1
    82     28      1
    82     96      1
    83     37      1
    83     34      1
    83     45      1
    83     96      1
    84     48      1
    84     71      1
    84     33      1
    85     67      1
    85     54      1
    85     53      1
    85     99      1
    86     16      1
    86     11      1
    86     99      1
    87     28      1
    87     18      1
    88     59      1
    88     72      1
    88     34      1
    88     98      1
    89     59      1
    89      7      1
    89     78      1
    90     48      1
    90      1      1
    90     20      1
    91     37      1
    91     59      1
    92     63      1
    92     19      1
    93     35      1
    93     63      1
    93      4      1
    94      6      1
    94     37      1
    95     18      1
    95     81      1
    96     47      1
    96     83      1
    96     82      1
    97     63      1
    97     34      1
    97     45      1
    97     98      1
    98     97      1
    98     88      1
    98     69      1
    99     86      1
    99     85      1
    99      2      1
