COORD_X_Y 500
  0.40315  0.464614
 0.358647   1.88763
  0.16741   2.05818
  2.77542   0.29485
 0.577581   0.87085
  1.57138  0.262186
  1.41306   1.59526
 0.710694  0.562724
  1.30077   2.00507
   2.1359    1.5875
  2.04119    1.0465
   2.2366   2.68074
 0.132058    1.6729
  1.88371   1.82519
 0.513577   2.01666
  1.12033  0.338114
 0.606717 0.0805221
  2.23588   1.04593
  1.31371   2.09369
  1.43378  0.364489
  1.32601   1.26928
  1.97247   1.50649
  2.51491   0.71032
  0.10252 0.0563481
  1.39162   2.45186
  1.80489   1.90458
  1.59023  0.668908
   1.7727  0.589848
  2.07078   2.30843
 0.953588   2.52931
  2.33806   1.10375
  1.28806   1.14981
  1.29697   1.30718
  2.09946   2.22046
  0.21003    2.7137
 0.922766 0.0814359
  2.16267   1.03681
  1.20478   1.58476
  1.80574   2.98342
 0.848602  0.773472
  2.73491   1.24743
  1.29241   0.52406
  1.35726   1.48517
   2.5413   1.27358
 0.956471  0.820222
  1.87649  0.704099
0.0934844   2.77603
 0.820753 0.0876547
  0.63015   1.39003
  1.80298     2.425
 0.151848   2.44026
 0.476774  0.397116
  2.02422    2.5945
 0.622317  0.582948
  1.98612   2.65789
  1.90847   2.36253
  2.08063   1.46119
  1.66665   2.04384
  1.79636   1.51165
  0.19794  0.706379
  2.12611   0.12288
  2.59948   1.46422
0.0648034  0.392469
  1.86765    1.5119
  2.50756   1.83188
  1.85928   2.99272
 0.359821   0.92877
  2.41314   2.77992
  1.93603   2.28767
  2.60863  0.121104
 0.874006   2.64671
 0.268574   2.68994
   2.1317   2.95036
  2.39754   1.64661
 0.447454   2.31512
  1.21053  0.399844
  1.99785   2.68206
  1.43941   2.27992
  1.31674 0.0550758
0.0852421   1.36145
  1.26684   1.20792
  1.25489   2.42174
 0.429912  0.562943
  2.83192     1.787
 0.650302   1.43625
  1.27223  0.403127
   2.6428   1.17429
  1.20322   0.94498
  1.84756   2.13444
  2.00743  0.804795
  1.29305   2.07778
  1.33052  0.954733
 0.333846   2.07054
  2.10715   1.19505
  1.93187   2.47798
 0.905081  0.605143
  1.57586   2.85508
  1.29576   2.02063
  1.02762   2.71378
   1.9632   2.33897
0.0594962   2.90312
 0.883166   2.91659
  1.46751   2.95012
  2.81753   1.12523
  2.29484   1.97668
  0.64019   2.17942
0.0957279   2.02595
 0.561712   2.35597
  1.77441   2.78785
 0.357259   1.47261
  2.09902   1.19736
  2.97799   2.30994
   1.3029   1.86344
  2.28394   1.61089
  0.93606  0.438595
  1.00175   0.11898
  2.05365  0.433746
  2.61128   2.23568
 0.329092  0.626844
  1.75562  0.579922
 0.223418    2.0016
 0.486225   0.88703
  1.24934  0.920056
  2.12019   2.02725
  1.94587   2.58475
  1.36736   2.26744
  1.25346 0.00353636
  2.83108    2.0676
  2.02682   2.56185
 0.681703  0.935332
  2.77451  0.182124
 0.894425   1.06853
  2.67037   2.39744
  1.47371  0.734181
  1.55917  0.736256
 0.321176   1.44474
  2.87307   2.86105
  1.45548  0.485806
 0.651767   1.12468
  1.87731  0.386487
  1.84649   2.58541
  1.44881 0.0473716
  1.05731   1.39823
  2.58749   0.72648
  1.84956 0.0153194
  1.38391  0.535022
  1.16906   1.58186
  1.85291  0.594039
  2.75228    2.0196
 0.499036   1.20908
   2.8506   2.93482
 0.450281   0.89864
  2.24883   2.60488
  1.41508   1.66841
  1.79961    2.6305
  2.21862   1.35192
 0.403987   1.17199
   1.4385  0.459365
  1.98838   1.72719
  2.05549   1.73851
  2.53979   1.93706
   1.4833   0.53901
  1.85574   1.93543
  0.39405   1.04526
  1.65887   2.70106
  2.59833   1.38646
  2.55461   2.02538
  2.73947   1.91443
  2.10728  0.234129
  2.45695   1.87349
  1.94265   2.38705
  2.09626  0.134737
  2.64957   1.85249
  2.99622  0.834607
 0.352599  0.160944
  2.62387   2.37133
  2.92686  0.321728
   2.3786   1.69651
  2.00413   0.65795
  1.51587   1.85552
 0.628484   2.41333
 0.946959   1.17554
  1.10792   1.39163
  0.41186  0.462935
  2.36842  0.722539
  1.97988   2.06827
  2.50261 0.0844046
  1.51891   1.18391
  1.64793    0.7721
  1.84518   2.89445
  1.28413   1.68489
0.0490399   2.03471
  1.93249   1.16449
   2.1763  0.896379
  2.95898   1.69738
  2.92071   1.62528
  1.47853  0.163527
  2.34503  0.276812
  1.34405   2.32515
 0.109521  0.810555
  2.11711   2.95437
   1.2078   2.97232
  1.83154  0.644671
 0.550988   1.32088
  2.66734   2.35323
  2.54238   1.64153
 0.591744   2.27953
  1.32654  0.743271
  2.06512  0.737063
  2.54839    1.4397
 0.379077   1.13217
 0.354328  0.959587
  2.93746   2.03403
 0.942866   2.36627
 0.642233   2.23588
  1.73588   2.41242
  0.67679   2.07392
 0.858861   2.60512
 0.597996     1.168
  2.19034   2.97399
 0.440411   1.60764
  2.68358   2.91789
 0.619706   2.29458
  2.13291   2.15658
 0.856484   2.03488
  2.74413   1.95328
  1.37729   2.29445
  1.24888   2.69542
  0.27646   1.07256
  2.27697   1.28586
 0.144216  0.252257
  1.28745 0.0868252
  2.63935   2.85927
  2.76171    1.7256
 0.933843   2.70662
  0.28848   2.87201
 0.705106   1.52498
  2.93502   1.87875
  1.39129  0.356366
  2.53984   2.82266
 0.564901   2.56266
 0.494491  0.465608
   1.3083   1.61105
  2.57428  0.161723
  2.42763   1.26146
  1.49755    2.4419
  1.27121   2.56757
  1.24145   1.99024
0.0721621   1.13297
  1.84116   2.99499
  1.77081   2.74624
   2.0891   1.62447
  1.59467  0.879392
0.0261319  0.981055
  1.11955   1.10839
  2.93885   1.16736
  1.65152   2.57766
   1.8989  0.642136
 0.178692   2.01479
  2.29634   1.78453
  1.52519   2.98323
  2.98521   1.84866
 0.512907  0.465769
0.0556692   1.46277
  1.93346   2.19987
  2.61308   2.50207
 0.230381   2.05957
  0.15612   2.41773
 0.508013   1.23263
 0.365249  0.597985
0.0383401  0.329911
  2.69688    1.8012
 0.833107  0.462701
  2.84307   1.23796
 0.481625   1.60017
  2.14162  0.319056
 0.418872   1.14286
  1.63298  0.662277
 0.804594   1.76533
  2.78487   1.13182
   1.5676   2.06416
  2.55929  0.484123
  2.59965   0.67866
   2.1022    2.3909
 0.549406    2.3052
 0.274601  0.853713
 0.959662   2.58067
  1.18558    2.3625
 0.307017   2.16385
  1.72878  0.907221
  1.73227    2.0697
 0.583597   2.35555
 0.994368   1.31539
  2.62822  0.348164
  2.78815  0.332406
  1.64133    2.7269
  1.12157   2.81466
  2.53872   1.17879
  1.30776   2.10546
   1.7091 0.0243556
  1.12175   1.97244
  1.50885   2.33784
 0.249437  0.270731
  1.36515   2.83912
 0.888387   1.33707
  2.37565    1.6981
  2.76435  0.574758
 0.264558   1.17691
  1.93886   1.13627
  1.46995  0.744717
  1.14436   2.61016
  2.01308   1.99624
  2.10305  0.328579
  2.84917    1.1621
 0.830228 0.0869671
  1.33597   2.48109
  0.41323   1.72255
  1.09148   1.60256
  2.48271  0.745356
  1.66199   2.39727
  1.07491  0.243738
 0.752522    2.5376
   2.1427  0.677536
  2.88845  0.753508
 0.775989   1.18486
  1.94332    2.1033
  2.00014  0.921835
 0.590252   2.42718
0.0449518   2.58924
  1.07676  0.380224
 0.751403   1.69813
  1.21639   2.94153
  1.92769   1.85984
   2.9138   1.29705
   1.8118   1.57608
 0.537994   1.06721
 0.674171   2.38042
  1.78329  0.970381
   1.8184   2.17454
  2.12015   2.02716
 0.242447   1.91886
  2.85014   1.07019
 0.434804 0.0639947
 0.649525  0.555743
  1.78766   2.07462
  1.69681  0.105632
 0.713513      2.55
  1.39624    2.8815
 0.464168   2.79493
  2.01627   1.97626
  2.51139   2.42387
  2.17146   2.48462
 0.915781  0.530054
  0.60424    1.1278
  1.91586  0.151413
 0.254963   1.95078
  2.83327   1.03344
  2.61083  0.300626
0.0499499   1.28315
  2.70412   2.18052
    2.327   1.23249
 0.346257   2.24899
  1.03809  0.574206
 0.433321 0.0121801
 0.270691   2.11614
0.0553232   2.00375
  1.14127   1.32668
  2.05466   2.46529
  2.21777  0.312898
  2.05806  0.826138
   2.9623  0.389198
 0.925326   1.66221
 0.447002 0.0775393
 0.195129    2.6076
 0.368187   2.18179
 0.441474  0.804505
  1.34485   1.22327
  1.67929   1.49907
  1.44975   1.03721
  1.28964   0.57109
  2.47778   1.23897
  1.72992   1.00931
 0.780848  0.520952
 0.838177   1.88156
  2.44286   2.58595
  1.15424   1.76374
 0.973285   0.97906
 0.500377   2.99958
  0.19878   2.65107
  2.08512   1.02681
  2.85148 0.0882895
 0.873216   1.87269
  2.07469   1.43823
  1.54366   2.83291
  2.00293   2.77987
  1.36212   1.48147
    1.018    1.4896
 0.792916   1.96908
  2.06417   2.33405
0.0272272   1.25346
  1.66538   1.33084
  2.89366   0.72598
  1.97572  0.399896
   0.2853   2.89874
   2.0139  0.406413
 0.904751  0.451209
 0.432869  0.906299
 0.992005   0.56201
 0.851443   2.86642
0.0565964   2.64169
  2.09825   2.37016
 0.922951   1.68685
  2.65724   2.74366
  1.46876   2.53091
  2.98013   2.36172
  1.59696   1.62952
 0.816582   2.19351
  2.08835   1.90549
   2.8768   1.57015
 0.544548   2.73659
  2.35027   2.76378
 0.675122   2.72065
 0.731899   2.62739
0.00611138   1.77727
 0.752856  0.695872
  1.80599 0.0278047
 0.877015   1.48253
  1.85496   2.62335
 0.699374   1.02426
  2.68183   1.02975
 0.827289   2.74259
 0.914052  0.656093
  1.49064   2.50811
  0.95333  0.979409
 0.133876  0.251908
  0.68106  0.194071
  2.26239   2.75493
 0.963239   2.35794
  1.44182  0.623928
  1.62039 0.0227811
  2.63199   2.40766
  0.06681  0.415662
 0.849002   2.18953
  1.54283  0.910496
  2.60192  0.749444
 0.450107   1.35569
  2.20792    2.2478
  1.25964   1.93934
 0.801474   2.47694
  2.73406   1.06897
  1.56018   0.11312
  2.64209  0.908232
  2.68904   2.80918
  1.76506   1.03108
  1.14449   0.80129
  2.54946   2.29576
0.0876192  0.219214
  2.66531  0.404734
 0.546679  0.328499
  2.54147   1.43279
  2.89441   1.36966
  2.40684   2.63245
 0.679614   1.95547
  2.17437      0.58
  2.02394   1.08366
0.0873985   2.91475
0.00625171   1.82285
  1.47998   1.77823
  1.49761 0.0338514
  1.54863   1.45579
 0.100045   2.45732
  1.66249  0.536402
 0.836532  0.375688
  2.10846   2.55801
  1.53368   2.66244
   1.6365  0.388039
 0.588568 0.0385541
  2.08819   1.36545
   1.9056  0.462652
  2.86008   2.25452
  1.61912   1.62055
  2.92065  0.842299
  2.55941   1.46798
  2.94541  0.330015
  1.27791  0.671179
  0.86291   1.55434
 0.859395    2.3366
  1.01605    1.4161
  1.22133   1.36275
   2.2152    1.5963
  1.70979  0.970528
 0.920306   2.18917
  2.66911   2.56432
  1.89698   2.30053
  2.13566   2.47585
  2.22824   2.78688
   1.9286   1.59155
 0.354684   1.91841
  1.25213   0.71967
 0.189485  0.370654
LINKS_SOURCE_DESTINATION_DISTANCE 2526
     0      1      1
     0      3      1
     0      4      1
     0      5      1
     0     13      1
     0     14      1
     0     15      1
     0     20      1
     0     29      1
     0     32      1
     0     48      1
     0     58      1
     0     67      1
     0     69      1
     0    118      1
     0    144      1
     0    148      1
     0    304      1
     0    356      1
     0    359      1
     0    376      1
     1      0      1
     1      2      1
     1      4      1
     1     12      1
     1     21      1
     1     28      1
     1     37      1
     1     65      1
     1     73      1
     1     90      1
     1    225      1
     1    313      1
     1    321      1
     2      1      1
     2      5      1
     2      6      1
     2      8      1
     2     17      1
     2     24      1
     2     47      1
     2    132      1
     2    145      1
     2    169      1
     2    201      1
     2    205      1
     2    381      1
     2    404      1
     3      0      1
     3      4      1
     3      5      1
     3      6      1
     3     19      1
     3     25      1
     3     43      1
     3     46      1
     3     82      1
     3     89      1
     3    370      1
     3    471      1
     4      3      1
     4      1      1
     4      0      1
     4      7      1
     4      9      1
     4     11      1
     4     17      1
     4     27      1
     4     34      1
     4     40      1
     4     43      1
     4    243      1
     4    275      1
     4    286      1
     4    289      1
     4    368      1
     5      3      1
     5      0      1
     5      2      1
     5      7      1
     5     10      1
     5     13      1
     5     16      1
     5     18      1
     5     34      1
     5     35      1
     5     40      1
     5     47      1
     5     93      1
     5    129      1
     5    141      1
     5    198      1
     5    396      1
     5    447      1
     6      2      1
     6      3      1
     6      8      1
     6      9      1
     6     13      1
     6     30      1
     6     40      1
     6     49      1
     6     86      1
     6    116      1
     6    128      1
     6    171      1
     6    315      1
     6    410      1
     7      5      1
     7      4      1
     7      8      1
     7     12      1
     7     15      1
     7     29      1
     7     71      1
     7     80      1
     7    107      1
     7    117      1
     7    132      1
     7    159      1
     7    259      1
     7    262      1
     7    401      1
     7    412      1
     7    483      1
     8      7      1
     8      6      1
     8      2      1
     8     10      1
     8     21      1
     8     27      1
     8     52      1
     8     64      1
     8     71      1
     8    116      1
     8    127      1
     8    485      1
     9      6      1
     9      4      1
     9     11      1
     9     12      1
     9     22      1
     9     51      1
     9     75      1
     9     91      1
     9    100      1
     9    215      1
     9    229      1
     9    240      1
     9    408      1
    10      5      1
    10      8      1
    10     16      1
    10     30      1
    10     39      1
    10     57      1
    10     62      1
    10    430      1
    11      9      1
    11      4      1
    11     30      1
    11     62      1
    11     68      1
    11    114      1
    11    126      1
    11    236      1
    11    280      1
    11    360      1
    12      1      1
    12      7      1
    12      9      1
    12     22      1
    12     23      1
    12     44      1
    12     55      1
    12     83      1
    12     93      1
    12    190      1
    12    221      1
    12    266      1
    12    320      1
    12    473      1
    13      5      1
    13      0      1
    13      6      1
    13     14      1
    13     16      1
    13     19      1
    13     37      1
    13     56      1
    13     58      1
    13     72      1
    13    138      1
    13    176      1
    13    218      1
    13    291      1
    13    448      1
    13    494      1
    14     13      1
    14      0      1
    14     23      1
    14     58      1
    14     70      1
    14    155      1
    14    340      1
    14    373      1
    14    407      1
    14    439      1
    15      7      1
    15      0      1
    15     32      1
    15    141      1
    15    181      1
    15    307      1
    15    414      1
    16     13      1
    16     10      1
    16      5      1
    16     17      1
    16     19      1
    16     21      1
    16     22      1
    16     26      1
    16     52      1
    16     53      1
    16     85      1
    16     87      1
    16    153      1
    16    208      1
    17      4      1
    17     16      1
    17      2      1
    17     18      1
    17     61      1
    17     84      1
    17     96      1
    17    261      1
    17    453      1
    18     17      1
    18      5      1
    18     20      1
    18     24      1
    18     31      1
    18     94      1
    18    324      1
    18    363      1
    19     16      1
    19      3      1
    19     13      1
    19     25      1
    19     28      1
    19     36      1
    19     52      1
    19    121      1
    19    202      1
    20      0      1
    20     18      1
    20     35      1
    20     65      1
    20     71      1
    20    106      1
    20    248      1
    20    278      1
    20    361      1
    21      8      1
    21     16      1
    21      1      1
    21     69      1
    21     85      1
    21     93      1
    21    164      1
    21    419      1
    22     12      1
    22      9      1
    22     16      1
    22     26      1
    22     39      1
    22     55      1
    22    125      1
    22    196      1
    22    235      1
    22    255      1
    22    310      1
    23     12      1
    23     14      1
    23     25      1
    23     32      1
    23     47      1
    23     54      1
    23     59      1
    23     83      1
    23     99      1
    23    108      1
    23    128      1
    23    305      1
    23    476      1
    24      2      1
    24     18      1
    24     33      1
    24     53      1
    24     63      1
    24     74      1
    24    135      1
    24    143      1
    24    197      1
    24    226      1
    24    283      1
    24    314      1
    25     19      1
    25     23      1
    25      3      1
    25     33      1
    25     34      1
    25     36      1
    25     41      1
    25     45      1
    25     66      1
    25     67      1
    25    113      1
    25    139      1
    25    165      1
    25    208      1
    25    312      1
    25    338      1
    25    460      1
    26     16      1
    26     22      1
    26     43      1
    26     49      1
    26     51      1
    26    122      1
    26    156      1
    26    238      1
    26    405      1
    27      8      1
    27      4      1
    27     44      1
    27     48      1
    27     75      1
    27    100      1
    27    411      1
    28      1      1
    28     19      1
    28     51      1
    28     59      1
    28     77      1
    28    104      1
    29      0      1
    29      7      1
    29     38      1
    29     42      1
    29     48      1
    29     89      1
    29    241      1
    29    288      1
    30      6      1
    30     10      1
    30     11      1
    30     31      1
    30     74      1
    30    111      1
    30    135      1
    30    178      1
    30    305      1
    30    407      1
    31     30      1
    31     18      1
    31     35      1
    31     79      1
    31     82      1
    31    114      1
    31    136      1
    31    158      1
    31    331      1
    32     15      1
    32     23      1
    32      0      1
    32     33      1
    32     74      1
    32    100      1
    32    111      1
    32    318      1
    33     25      1
    33     24      1
    33     32      1
    33     64      1
    33     73      1
    33     97      1
    33     98      1
    33    150      1
    33    168      1
    33    184      1
    33    220      1
    33    221      1
    34      5      1
    34      4      1
    34     25      1
    34     38      1
    34     56      1
    34    101      1
    34    124      1
    34    446      1
    34    474      1
    35      5      1
    35     20      1
    35     31      1
    35     50      1
    35     83      1
    35    174      1
    35    189      1
    35    198      1
    35    382      1
    36     19      1
    36     25      1
    36     54      1
    36     72      1
    36     73      1
    36     85      1
    36    170      1
    36    311      1
    37     13      1
    37      1      1
    37     78      1
    37     81      1
    37    164      1
    37    194      1
    37    222      1
    37    366      1
    38     29      1
    38     34      1
    38     41      1
    38     62      1
    38     86      1
    38    136      1
    38    163      1
    38    200      1
    38    320      1
    39     22      1
    39     10      1
    39     44      1
    39     46      1
    39     82      1
    39    139      1
    39    246      1
    39    247      1
    40      4      1
    40      6      1
    40      5      1
    40     45      1
    40     97      1
    40    149      1
    40    191      1
    40    324      1
    40    389      1
    41     38      1
    41     25      1
    41     42      1
    41     50      1
    41    102      1
    41    104      1
    41    211      1
    41    370      1
    42     41      1
    42     29      1
    42     46      1
    42     67      1
    42     81      1
    42    174      1
    42    245      1
    43      3      1
    43     26      1
    43      4      1
    43     57      1
    43    131      1
    43    235      1
    44     12      1
    44     39      1
    44     27      1
    44    124      1
    44    189      1
    44    223      1
    44    227      1
    44    270      1
    44    455      1
    45     40      1
    45     25      1
    45    105      1
    45    154      1
    45    191      1
    45    255      1
    45    316      1
    46      3      1
    46     39      1
    46     42      1
    46    110      1
    46    112      1
    46    119      1
    46    192      1
    46    200      1
    46    236      1
    46    283      1
    46    492      1
    47      5      1
    47      2      1
    47     23      1
    47     53      1
    47     60      1
    47     96      1
    47    145      1
    47    477      1
    48     27      1
    48     29      1
    48      0      1
    48     60      1
    48     77      1
    48    105      1
    48    112      1
    48    139      1
    48    362      1
    48    369      1
    48    373      1
    48    387      1
    48    421      1
    49      6      1
    49     26      1
    49     75      1
    49     92      1
    49    109      1
    49    197      1
    49    204      1
    49    258      1
    50     35      1
    50     41      1
    50     56      1
    50     63      1
    50    190      1
    50    223      1
    50    264      1
    51     28      1
    51      9      1
    51     26      1
    51     99      1
    51    115      1
    51    154      1
    51    318      1
    51    346      1
    52     19      1
    52     16      1
    52      8      1
    52     54      1
    52     66      1
    52     72      1
    52     81      1
    52     88      1
    52     99      1
    52    161      1
    52    182      1
    52    356      1
    52    359      1
    53     47      1
    53     16      1
    53     24      1
    53     61      1
    53    121      1
    53    147      1
    53    175      1
    53    241      1
    53    380      1
    53    460      1
    53    498      1
    54     52      1
    54     36      1
    54     23      1
    54     64      1
    54    213      1
    54    489      1
    55     22      1
    55     12      1
    55     95      1
    55    490      1
    56     34      1
    56     50      1
    56     13      1
    56     77      1
    56     78      1
    56     79      1
    56     80      1
    56    148      1
    56    185      1
    56    204      1
    56    270      1
    56    277      1
    56    341      1
    57     43      1
    57     10      1
    57     66      1
    57    147      1
    57    160      1
    57    253      1
    57    306      1
    57    418      1
    57    473      1
    58      0      1
    58     13      1
    58     14      1
    58     70      1
    58    153      1
    58    461      1
    58    469      1
    59     28      1
    59     23      1
    59     78      1
    59    146      1
    59    157      1
    59    165      1
    59    214      1
    60     48      1
    60     47      1
    60    112      1
    60    155      1
    60    160      1
    60    375      1
    60    393      1
    60    480      1
    60    495      1
    61     17      1
    61     53      1
    61     68      1
    61     69      1
    61     84      1
    61    132      1
    61    190      1
    61    324      1
    62     38      1
    62     10      1
    62     11      1
    62    114      1
    62    148      1
    62    155      1
    62    194      1
    62    274      1
    63     50      1
    63     24      1
    63     70      1
    63     76      1
    63     88      1
    63    131      1
    63    225      1
    64      8      1
    64     54      1
    64     33      1
    64     89      1
    64     95      1
    64    108      1
    64    113      1
    64    125      1
    65     20      1
    65      1      1
    65     76      1
    65     98      1
    65    127      1
    65    128      1
    65    157      1
    65    200      1
    65    244      1
    65    262      1
    65    463      1
    66     25      1
    66     52      1
    66     57      1
    66    119      1
    66    331      1
    66    455      1
    67     42      1
    67     25      1
    67      0      1
    67     80      1
    67    166      1
    67    233      1
    67    288      1
    67    332      1
    67    431      1
    68     61      1
    68     11      1
    68     84      1
    68    109      1
    68    184      1
    68    359      1
    68    464      1
    69     21      1
    69     61      1
    69      0      1
    69    107      1
    69    156      1
    69    284      1
    69    327      1
    69    350      1
    70     63      1
    70     14      1
    70     58      1
    70     94      1
    70    108      1
    70    162      1
    70    269      1
    70    300      1
    70    396      1
    71     20      1
    71      8      1
    71      7      1
    71     90      1
    71    281      1
    71    288      1
    72     13      1
    72     52      1
    72     36      1
    72    123      1
    72    295      1
    72    478      1
    73     36      1
    73     33      1
    73      1      1
    73    248      1
    73    252      1
    73    261      1
    73    281      1
    73    327      1
    74     32      1
    74     30      1
    74     24      1
    74    163      1
    74    195      1
    74    430      1
    74    491      1
    75     49      1
    75     27      1
    75      9      1
    75    115      1
    75    169      1
    75    305      1
    75    334      1
    76     65      1
    76     63      1
    76     94      1
    76    394      1
    77     56      1
    77     28      1
    77     48      1
    77     86      1
    77     91      1
    77    101      1
    77    104      1
    77    159      1
    77    191      1
    77    238      1
    77    244      1
    77    302      1
    78     59      1
    78     56      1
    78     37      1
    78     87      1
    78     92      1
    78    103      1
    78    133      1
    78    224      1
    79     31      1
    79     56      1
    79    122      1
    79    210      1
    79    268      1
    79    273      1
    79    420      1
    79    446      1
    80      7      1
    80     56      1
    80     67      1
    80    140      1
    80    162      1
    80    171      1
    80    177      1
    80    202      1
    80    291      1
    81     42      1
    81     52      1
    81     37      1
    81     90      1
    81    197      1
    81    201      1
    81    218      1
    81    221      1
    81    419      1
    82     31      1
    82      3      1
    82     39      1
    82    177      1
    82    199      1
    82    317      1
    82    336      1
    82    337      1
    83     12      1
    83     23      1
    83     35      1
    83    103      1
    84     17      1
    84     61      1
    84     68      1
    84     96      1
    84    116      1
    84    243      1
    84    466      1
    85     16      1
    85     21      1
    85     36      1
    85    185      1
    85    270      1
    86      6      1
    86     38      1
    86     77      1
    86    257      1
    86    263      1
    87     78      1
    87     16      1
    87    126      1
    87    130      1
    87    146      1
    87    163      1
    87    180      1
    87    316      1
    87    496      1
    88     63      1
    88     52      1
    88    173      1
    88    246      1
    88    254      1
    88    293      1
    88    306      1
    88    479      1
    89      3      1
    89     64      1
    89     29      1
    90     81      1
    90     71      1
    90      1      1
    90    143      1
    90    171      1
    90    195      1
    90    424      1
    91      9      1
    91     77      1
    91    120      1
    91    178      1
    91    216      1
    91    392      1
    92     78      1
    92     49      1
    92    187      1
    92    292      1
    92    411      1
    93     12      1
    93      5      1
    93     21      1
    93    102      1
    93    144      1
    93    170      1
    94     76      1
    94     70      1
    94     18      1
    94    106      1
    94    135      1
    94    192      1
    94    301      1
    94    340      1
    94    498      1
    95     64      1
    95     55      1
    95    117      1
    95    137      1
    95    175      1
    95    278      1
    96     47      1
    96     17      1
    96     84      1
    96    125      1
    96    136      1
    96    254      1
    96    402      1
    97     40      1
    97     33      1
    97    110      1
    97    137      1
    97    152      1
    97    175      1
    97    439      1
    98     65      1
    98     33      1
    98    146      1
    99     52      1
    99     23      1
    99     51      1
    99    119      1
    99    131      1
    99    338      1
   100     27      1
   100      9      1
   100     32      1
   100    102      1
   100    134      1
   100    383      1
   100    416      1
   100    453      1
   101     77      1
   101     34      1
   101    110      1
   101    122      1
   101    179      1
   101    234      1
   101    441      1
   101    445      1
   102     93      1
   102    100      1
   102     41      1
   102    123      1
   102    210      1
   102    459      1
   103     78      1
   103     83      1
   103    130      1
   103    198      1
   103    239      1
   103    254      1
   103    297      1
   103    303      1
   103    307      1
   104     77      1
   104     41      1
   104     28      1
   104    113      1
   104    358      1
   104    449      1
   105     45      1
   105     48      1
   105    149      1
   105    234      1
   105    293      1
   106     94      1
   106     20      1
   106    214      1
   106    280      1
   106    361      1
   107      7      1
   107     69      1
   107    181      1
   107    228      1
   107    286      1
   108     64      1
   108     70      1
   108     23      1
   108    216      1
   108    265      1
   108    335      1
   108    346      1
   108    369      1
   108    406      1
   109     68      1
   109     49      1
   109    140      1
   109    158      1
   109    174      1
   109    188      1
   109    273      1
   109    386      1
   110     46      1
   110    101      1
   110     97      1
   110    199      1
   110    201      1
   110    239      1
   110    384      1
   110    393      1
   111     30      1
   111     32      1
   111    127      1
   111    154      1
   111    256      1
   111    272      1
   111    301      1
   112     60      1
   112     46      1
   112     48      1
   112    129      1
   112    151      1
   112    239      1
   112    338      1
   113    104      1
   113     25      1
   113     64      1
   113    118      1
   113    141      1
   113    143      1
   113    205      1
   113    208      1
   113    399      1
   114     31      1
   114     11      1
   114     62      1
   115     75      1
   115     51      1
   115    133      1
   115    152      1
   115    167      1
   115    209      1
   115    366      1
   115    401      1
   115    435      1
   116     84      1
   116      8      1
   116      6      1
   116    140      1
   116    226      1
   116    377      1
   117      7      1
   117     95      1
   117    120      1
   117    285      1
   117    333      1
   117    336      1
   117    389      1
   117    426      1
   118      0      1
   118    113      1
   118    161      1
   118    385      1
   119     99      1
   119     46      1
   119     66      1
   119    215      1
   119    237      1
   119    302      1
   119    392      1
   119    470      1
   119    483      1
   120    117      1
   120     91      1
   120    134      1
   120    167      1
   120    207      1
   120    279      1
   120    336      1
   120    374      1
   120    380      1
   121     19      1
   121     53      1
   121    186      1
   121    207      1
   121    291      1
   122     79      1
   122    101      1
   122     26      1
   122    133      1
   122    232      1
   123     72      1
   123    102      1
   123    150      1
   123    212      1
   123    237      1
   123    258      1
   123    357      1
   123    477      1
   124     34      1
   124     44      1
   124    259      1
   124    263      1
   124    462      1
   125     96      1
   125     22      1
   125     64      1
   125    126      1
   125    151      1
   125    232      1
   125    295      1
   125    470      1
   126    125      1
   126     87      1
   126     11      1
   126    142      1
   126    173      1
   126    349      1
   126    407      1
   126    409      1
   127     65      1
   127    111      1
   127      8      1
   127    156      1
   127    209      1
   127    294      1
   127    326      1
   127    468      1
   127    492      1
   128     65      1
   128     23      1
   128      6      1
   128    186      1
   128    429      1
   129      5      1
   129    112      1
   129    138      1
   129    181      1
   129    299      1
   129    367      1
   130     87      1
   130    103      1
   130    188      1
   130    224      1
   130    298      1
   130    482      1
   131     99      1
   131     63      1
   131     43      1
   131    441      1
   132      7      1
   132     61      1
   132      2      1
   132    142      1
   132    465      1
   133    115      1
   133     78      1
   133    122      1
   133    194      1
   133    257      1
   133    451      1
   134    120      1
   134    100      1
   134    224      1
   134    233      1
   135     30      1
   135     24      1
   135     94      1
   135    179      1
   135    193      1
   135    206      1
   135    230      1
   135    309      1
   135    311      1
   135    352      1
   135    388      1
   135    402      1
   135    415      1
   136     96      1
   136     38      1
   136     31      1
   136    395      1
   136    438      1
   137     95      1
   137     97      1
   137    371      1
   138     13      1
   138    129      1
   139     25      1
   139     48      1
   139     39      1
   139    203      1
   139    217      1
   139    284      1
   139    293      1
   139    319      1
   139    436      1
   140     80      1
   140    109      1
   140    116      1
   140    144      1
   140    161      1
   140    353      1
   140    363      1
   140    403      1
   140    469      1
   141     15      1
   141    113      1
   141      5      1
   141    159      1
   141    220      1
   141    416      1
   141    456      1
   141    487      1
   142    126      1
   142    132      1
   142    149      1
   142    168      1
   142    272      1
   142    447      1
   143     90      1
   143    113      1
   143     24      1
   143    145      1
   143    230      1
   143    274      1
   144     93      1
   144      0      1
   144    140      1
   144    162      1
   144    176      1
   144    277      1
   144    285      1
   144    396      1
   145     47      1
   145      2      1
   145    143      1
   145    172      1
   145    342      1
   146     59      1
   146     87      1
   146     98      1
   146    193      1
   146    202      1
   146    220      1
   146    230      1
   146    375      1
   146    390      1
   147     53      1
   147     57      1
   147    203      1
   147    296      1
   147    442      1
   148      0      1
   148     56      1
   148     62      1
   149     40      1
   149    142      1
   149    105      1
   149    207      1
   149    335      1
   149    347      1
   149    353      1
   149    395      1
   150    123      1
   150     33      1
   150    278      1
   150    354      1
   150    398      1
   151    112      1
   151    125      1
   151    158      1
   151    233      1
   151    390      1
   151    432      1
   152    115      1
   152     97      1
   152    166      1
   152    179      1
   153     58      1
   153     16      1
   153    177      1
   153    205      1
   153    282      1
   153    285      1
   153    455      1
   153    461      1
   154    111      1
   154     45      1
   154     51      1
   154    217      1
   154    350      1
   154    365      1
   154    434      1
   155     62      1
   155     14      1
   155     60      1
   155    176      1
   155    255      1
   156     69      1
   156    127      1
   156     26      1
   156    180      1
   156    309      1
   156    341      1
   157     59      1
   157     65      1
   157    284      1
   157    355      1
   157    383      1
   158    151      1
   158    109      1
   158     31      1
   158    189      1
   158    240      1
   158    266      1
   158    327      1
   158    332      1
   159      7      1
   159     77      1
   159    141      1
   159    199      1
   159    391      1
   160     60      1
   160     57      1
   160    290      1
   161     52      1
   161    118      1
   161    140      1
   161    183      1
   161    321      1
   162    144      1
   162     70      1
   162     80      1
   162    172      1
   162    204      1
   162    236      1
   162    329      1
   162    438      1
   162    458      1
   163     74      1
   163     38      1
   163     87      1
   163    219      1
   163    308      1
   163    386      1
   164     37      1
   164     21      1
   164    168      1
   164    182      1
   164    183      1
   164    303      1
   164    308      1
   164    312      1
   164    422      1
   164    467      1
   165     25      1
   165     59      1
   165    420      1
   165    427      1
   166     67      1
   166    152      1
   166    379      1
   167    115      1
   167    120      1
   167    169      1
   167    187      1
   167    335      1
   167    344      1
   167    360      1
   167    487      1
   168    164      1
   168    142      1
   168     33      1
   168    211      1
   168    424      1
   168    493      1
   169    167      1
   169     75      1
   169      2      1
   170     36      1
   170     93      1
   170    247      1
   170    413      1
   170    449      1
   171     90      1
   171      6      1
   171     80      1
   171    195      1
   171    250      1
   172    145      1
   172    162      1
   172    325      1
   173    126      1
   173     88      1
   173    242      1
   173    343      1
   173    366      1
   174    109      1
   174     35      1
   174     42      1
   174    464      1
   175     95      1
   175     53      1
   175     97      1
   175    180      1
   175    206      1
   175    287      1
   175    323      1
   175    326      1
   175    466      1
   176    155      1
   176    144      1
   176     13      1
   177    153      1
   177     80      1
   177     82      1
   177    222      1
   178     30      1
   178     91      1
   178    265      1
   179    135      1
   179    152      1
   179    101      1
   179    234      1
   179    355      1
   179    357      1
   179    376      1
   179    399      1
   180    175      1
   180    156      1
   180     87      1
   180    362      1
   180    431      1
   181    107      1
   181     15      1
   181    129      1
   181    209      1
   181    296      1
   181    323      1
   181    330      1
   182    164      1
   182     52      1
   183    164      1
   183    161      1
   183    235      1
   183    245      1
   183    252      1
   183    265      1
   183    267      1
   183    280      1
   184     68      1
   184     33      1
   185     56      1
   185     85      1
   185    227      1
   185    355      1
   185    365      1
   185    378      1
   186    128      1
   186    121      1
   186    304      1
   186    345      1
   187    167      1
   187     92      1
   187    223      1
   187    481      1
   188    130      1
   188    109      1
   188    271      1
   189     35      1
   189    158      1
   189     44      1
   189    334      1
   189    435      1
   190     61      1
   190     50      1
   190     12      1
   190    213      1
   191     77      1
   191     40      1
   191     45      1
   191    196      1
   191    231      1
   191    309      1
   192     94      1
   192     46      1
   193    146      1
   193    135      1
   193    231      1
   193    256      1
   194     37      1
   194    133      1
   194     62      1
   195    171      1
   195     90      1
   195     74      1
   195    212      1
   195    350      1
   196    191      1
   196     22      1
   196    349      1
   196    425      1
   197     24      1
   197     81      1
   197     49      1
   197    308      1
   197    448      1
   198    103      1
   198     35      1
   198      5      1
   198    251      1
   198    276      1
   198    306      1
   198    486      1
   199    159      1
   199     82      1
   199    110      1
   200     38      1
   200     65      1
   200     46      1
   200    339      1
   200    452      1
   201    110      1
   201     81      1
   201      2      1
   202     80      1
   202     19      1
   202    146      1
   203    147      1
   203    139      1
   203    232      1
   203    242      1
   203    249      1
   204     49      1
   204    162      1
   204     56      1
   204    297      1
   205      2      1
   205    113      1
   205    153      1
   205    210      1
   205    318      1
   205    331      1
   206    135      1
   206    175      1
   206    460      1
   207    121      1
   207    149      1
   207    120      1
   207    240      1
   207    268      1
   207    274      1
   207    299      1
   207    372      1
   207    465      1
   208     16      1
   208     25      1
   208    113      1
   208    228      1
   208    394      1
   208    473      1
   208    481      1
   209    181      1
   209    115      1
   209    127      1
   209    229      1
   209    410      1
   210     79      1
   210    205      1
   210    102      1
   210    432      1
   211    168      1
   211     41      1
   211    297      1
   211    328      1
   211    372      1
   212    123      1
   212    195      1
   212    219      1
   212    454      1
   213     54      1
   213    190      1
   213    242      1
   213    256      1
   214    106      1
   214     59      1
   214    282      1
   214    333      1
   215      9      1
   215    119      1
   215    260      1
   215    391      1
   216     91      1
   216    108      1
   216    271      1
   216    342      1
   217    154      1
   217    139      1
   217    247      1
   217    414      1
   218     81      1
   218     13      1
   219    163      1
   219    212      1
   219    315      1
   220    141      1
   220    146      1
   220     33      1
   221     12      1
   221     81      1
   221     33      1
   221    282      1
   221    283      1
   221    311      1
   221    367      1
   222    177      1
   222     37      1
   222    268      1
   222    269      1
   222    292      1
   223     44      1
   223    187      1
   223     50      1
   223    320      1
   224    130      1
   224     78      1
   224    134      1
   224    228      1
   224    289      1
   224    325      1
   224    346      1
   224    400      1
   224    451      1
   225      1      1
   225     63      1
   225    257      1
   225    451      1
   225    496      1
   226     24      1
   226    116      1
   226    253      1
   226    465      1
   227    185      1
   227     44      1
   227    351      1
   227    446      1
   227    489      1
   228    107      1
   228    208      1
   228    224      1
   228    313      1
   228    452      1
   229      9      1
   229    209      1
   229    419      1
   229    474      1
   230    135      1
   230    146      1
   230    143      1
   230    276      1
   230    490      1
   230    499      1
   231    191      1
   231    193      1
   231    237      1
   231    281      1
   232    125      1
   232    122      1
   232    203      1
   233    151      1
   233    134      1
   233     67      1
   233    322      1
   233    368      1
   234    105      1
   234    101      1
   234    179      1
   234    388      1
   234    409      1
   234    453      1
   235    183      1
   235     22      1
   235     43      1
   235    443      1
   236    162      1
   236     11      1
   236     46      1
   237    231      1
   237    119      1
   237    123      1
   237    249      1
   237    412      1
   237    452      1
   238     77      1
   238     26      1
   238    423      1
   239    110      1
   239    103      1
   239    112      1
   239    261      1
   239    325      1
   239    378      1
   240    158      1
   240    207      1
   240      9      1
   240    244      1
   240    246      1
   240    459      1
   241     53      1
   241     29      1
   241    385      1
   242    203      1
   242    173      1
   242    213      1
   242    267      1
   243      4      1
   243     84      1
   243    450      1
   243    488      1
   244     77      1
   244     65      1
   244    240      1
   244    337      1
   244    444      1
   245    183      1
   245     42      1
   245    323      1
   245    417      1
   246     88      1
   246    240      1
   246     39      1
   246    251      1
   247    217      1
   247     39      1
   247    170      1
   247    250      1
   247    286      1
   248     20      1
   248     73      1
   248    399      1
   249    237      1
   249    203      1
   249    298      1
   249    395      1
   250    171      1
   250    247      1
   250    489      1
   251    198      1
   251    246      1
   251    252      1
   251    264      1
   251    375      1
   252    251      1
   252    183      1
   252     73      1
   253     57      1
   253    226      1
   254     88      1
   254     96      1
   254    103      1
   254    260      1
   255     45      1
   255    155      1
   255     22      1
   255    272      1
   255    310      1
   255    347      1
   255    374      1
   255    459      1
   255    463      1
   256    193      1
   256    111      1
   256    213      1
   256    279      1
   256    303      1
   257    225      1
   257     86      1
   257    133      1
   257    329      1
   257    364      1
   257    458      1
   258     49      1
   258    123      1
   259    124      1
   259      7      1
   259    322      1
   259    334      1
   259    348      1
   260    254      1
   260    215      1
   260    371      1
   261    239      1
   261     17      1
   261     73      1
   262     65      1
   262      7      1
   263     86      1
   263    124      1
   263    422      1
   263    428      1
   264    251      1
   264     50      1
   264    275      1
   264    279      1
   264    313      1
   264    445      1
   264    450      1
   264    491      1
   265    183      1
   265    108      1
   265    178      1
   265    287      1
   265    404      1
   265    435      1
   266     12      1
   266    158      1
   266    319      1
   266    394      1
   267    183      1
   267    242      1
   268     79      1
   268    222      1
   268    207      1
   269     70      1
   269    222      1
   269    289      1
   269    425      1
   270     56      1
   270     85      1
   270     44      1
   271    216      1
   271    188      1
   271    400      1
   271    413      1
   272    111      1
   272    142      1
   272    255      1
   272    312      1
   272    344      1
   273    109      1
   273     79      1
   274     62      1
   274    143      1
   274    207      1
   274    314      1
   274    339      1
   274    354      1
   275      4      1
   275    264      1
   276    230      1
   276    198      1
   277     56      1
   277    144      1
   277    420      1
   278    150      1
   278     20      1
   278     95      1
   278    348      1
   278    387      1
   278    397      1
   278    436      1
   279    256      1
   279    264      1
   279    120      1
   280     11      1
   280    183      1
   280    106      1
   280    316      1
   281     71      1
   281     73      1
   281    231      1
   281    466      1
   281    497      1
   282    214      1
   282    221      1
   282    153      1
   282    477      1
   283     46      1
   283    221      1
   283     24      1
   284     69      1
   284    157      1
   284    139      1
   285    144      1
   285    117      1
   285    153      1
   285    300      1
   286      4      1
   286    247      1
   286    107      1
   286    492      1
   287    265      1
   287    175      1
   288     67      1
   288     71      1
   288     29      1
   288    343      1
   289    224      1
   289    269      1
   289      4      1
   289    290      1
   290    289      1
   290    160      1
   290    294      1
   290    371      1
   291     80      1
   291    121      1
   291     13      1
   291    404      1
   291    485      1
   292    222      1
   292     92      1
   292    339      1
   292    357      1
   293    105      1
   293    139      1
   293     88      1
   293    322      1
   294    290      1
   294    127      1
   294    367      1
   295    125      1
   295     72      1
   295    299      1
   295    317      1
   295    352      1
   296    181      1
   296    147      1
   296    328      1
   296    345      1
   296    368      1
   297    103      1
   297    211      1
   297    204      1
   297    408      1
   298    130      1
   298    249      1
   298    418      1
   299    207      1
   299    129      1
   299    295      1
   299    390      1
   299    405      1
   299    426      1
   300    285      1
   300     70      1
   300    493      1
   301    111      1
   301     94      1
   301    382      1
   302     77      1
   302    119      1
   303    103      1
   303    256      1
   303    164      1
   304    186      1
   304      0      1
   304    381      1
   304    415      1
   305     23      1
   305     30      1
   305     75      1
   305    362      1
   306     57      1
   306    198      1
   306     88      1
   306    385      1
   306    410      1
   306    421      1
   307    103      1
   307     15      1
   307    340      1
   308    197      1
   308    163      1
   308    164      1
   309    156      1
   309    191      1
   309    135      1
   310     22      1
   310    255      1
   310    317      1
   310    468      1
   311    221      1
   311     36      1
   311    135      1
   312    164      1
   312     25      1
   312    272      1
   312    403      1
   313    228      1
   313      1      1
   313    264      1
   314     24      1
   314    274      1
   315    219      1
   315      6      1
   315    491      1
   316    280      1
   316     87      1
   316     45      1
   316    330      1
   316    342      1
   316    445      1
   317    310      1
   317    295      1
   317     82      1
   317    354      1
   318    205      1
   318     32      1
   318     51      1
   319    266      1
   319    139      1
   319    376      1
   320    223      1
   320     38      1
   320     12      1
   320    330      1
   321      1      1
   321    161      1
   322    293      1
   322    233      1
   322    259      1
   322    384      1
   322    437      1
   322    447      1
   323    175      1
   323    245      1
   323    181      1
   324     61      1
   324     18      1
   324     40      1
   325    172      1
   325    239      1
   325    224      1
   325    363      1
   325    484      1
   326    175      1
   326    127      1
   327     69      1
   327     73      1
   327    158      1
   328    211      1
   328    296      1
   328    415      1
   328    472      1
   329    257      1
   329    162      1
   329    358      1
   329    377      1
   329    472      1
   330    181      1
   330    316      1
   330    320      1
   331     31      1
   331     66      1
   331    205      1
   332     67      1
   332    158      1
   332    405      1
   332    425      1
   332    430      1
   333    117      1
   333    214      1
   334    259      1
   334     75      1
   334    189      1
   334    444      1
   334    497      1
   335    149      1
   335    167      1
   335    108      1
   335    437      1
   336     82      1
   336    120      1
   336    117      1
   337     82      1
   337    244      1
   338     99      1
   338     25      1
   338    112      1
   338    369      1
   338    398      1
   338    440      1
   339    200      1
   339    274      1
   339    292      1
   339    347      1
   339    476      1
   340     14      1
   340    307      1
   340     94      1
   341     56      1
   341    156      1
   341    356      1
   342    145      1
   342    316      1
   342    216      1
   343    288      1
   343    173      1
   343    386      1
   343    440      1
   344    272      1
   344    167      1
   345    186      1
   345    296      1
   346    224      1
   346    108      1
   346     51      1
   346    381      1
   346    481      1
   347    149      1
   347    255      1
   347    339      1
   347    351      1
   348    278      1
   348    259      1
   348    438      1
   349    196      1
   349    126      1
   349    442      1
   349    454      1
   350    154      1
   350     69      1
   350    195      1
   351    347      1
   351    227      1
   352    135      1
   352    295      1
   352    379      1
   353    140      1
   353    149      1
   354    274      1
   354    150      1
   354    317      1
   355    179      1
   355    157      1
   355    185      1
   356    341      1
   356     52      1
   356      0      1
   356    370      1
   357    292      1
   357    123      1
   357    179      1
   357    364      1
   358    329      1
   358    104      1
   358    434      1
   359     52      1
   359     68      1
   359      0      1
   359    448      1
   360     11      1
   360    167      1
   360    401      1
   361    106      1
   361     20      1
   361    480      1
   362    305      1
   362    180      1
   362     48      1
   363    140      1
   363     18      1
   363    325      1
   363    437      1
   364    257      1
   364    357      1
   365    154      1
   365    185      1
   366    173      1
   366     37      1
   366    115      1
   367    294      1
   367    221      1
   367    129      1
   367    482      1
   368    233      1
   368    296      1
   368      4      1
   369    338      1
   369     48      1
   369    108      1
   370      3      1
   370     41      1
   370    356      1
   371    290      1
   371    260      1
   371    137      1
   371    421      1
   371    443      1
   372    207      1
   372    211      1
   373     48      1
   373     14      1
   373    402      1
   374    120      1
   374    255      1
   375     60      1
   375    146      1
   375    251      1
   375    427      1
   376    319      1
   376      0      1
   376    179      1
   377    116      1
   377    329      1
   378    239      1
   378    185      1
   378    389      1
   379    166      1
   379    352      1
   379    462      1
   380    120      1
   380     53      1
   381    346      1
   381      2      1
   381    304      1
   381    467      1
   382    301      1
   382     35      1
   382    471      1
   382    478      1
   383    100      1
   383    157      1
   384    110      1
   384    322      1
   385    118      1
   385    241      1
   385    306      1
   385    397      1
   385    428      1
   385    457      1
   386    163      1
   386    109      1
   386    343      1
   386    417      1
   386    474      1
   387     48      1
   387    278      1
   387    406      1
   388    135      1
   388    234      1
   389     40      1
   389    117      1
   389    378      1
   390    299      1
   390    146      1
   390    151      1
   390    423      1
   390    488      1
   391    215      1
   391    159      1
   392    119      1
   392     91      1
   393    110      1
   393     60      1
   394    266      1
   394    208      1
   394     76      1
   394    494      1
   395    249      1
   395    136      1
   395    149      1
   395    483      1
   396      5      1
   396     70      1
   396    144      1
   396    436      1
   396    443      1
   397    278      1
   397    385      1
   397    428      1
   398    150      1
   398    338      1
   399    113      1
   399    248      1
   399    179      1
   400    224      1
   400    271      1
   401    115      1
   401    360      1
   401      7      1
   402    373      1
   402     96      1
   402    135      1
   403    140      1
   403    312      1
   404      2      1
   404    265      1
   404    291      1
   405    332      1
   405    299      1
   405     26      1
   405    486      1
   406    387      1
   406    108      1
   407    126      1
   407     14      1
   407     30      1
   407    433      1
   407    467      1
   408      9      1
   408    297      1
   408    413      1
   408    429      1
   408    487      1
   408    498      1
   409    234      1
   409    126      1
   410    209      1
   410      6      1
   410    306      1
   410    475      1
   411     27      1
   411     92      1
   412    237      1
   412      7      1
   412    433      1
   412    469      1
   413    271      1
   413    408      1
   413    170      1
   413    496      1
   414     15      1
   414    217      1
   415    328      1
   415    135      1
   415    304      1
   416    141      1
   416    100      1
   417    245      1
   417    386      1
   418     57      1
   418    298      1
   419     81      1
   419     21      1
   419    229      1
   420    277      1
   420    165      1
   420     79      1
   421    306      1
   421     48      1
   421    371      1
   422    164      1
   422    263      1
   423    390      1
   423    238      1
   424     90      1
   424    168      1
   424    499      1
   425    196      1
   425    269      1
   425    332      1
   426    117      1
   426    299      1
   426    462      1
   427    165      1
   427    375      1
   428    263      1
   428    385      1
   428    397      1
   428    456      1
   429    128      1
   429    408      1
   430    332      1
   430     10      1
   430     74      1
   430    478      1
   431     67      1
   431    180      1
   432    210      1
   432    151      1
   433    407      1
   433    412      1
   433    461      1
   434    358      1
   434    154      1
   434    495      1
   435    265      1
   435    189      1
   435    115      1
   435    456      1
   436    278      1
   436    396      1
   436    139      1
   436    475      1
   437    363      1
   437    335      1
   437    322      1
   438    162      1
   438    348      1
   438    136      1
   439     97      1
   439     14      1
   440    338      1
   440    343      1
   440    457      1
   441    101      1
   441    131      1
   442    147      1
   442    349      1
   443    396      1
   443    235      1
   443    371      1
   443    484      1
   443    486      1
   444    244      1
   444    334      1
   445    264      1
   445    316      1
   445    101      1
   446     79      1
   446     34      1
   446    227      1
   447      5      1
   447    322      1
   447    142      1
   448     13      1
   448    197      1
   448    359      1
   449    104      1
   449    170      1
   450    264      1
   450    243      1
   450    468      1
   451    225      1
   451    133      1
   451    224      1
   452    228      1
   452    237      1
   452    200      1
   453    100      1
   453    234      1
   453     17      1
   454    349      1
   454    212      1
   455     44      1
   455     66      1
   455    153      1
   455    488      1
   456    428      1
   456    435      1
   456    141      1
   457    440      1
   457    385      1
   458    162      1
   458    257      1
   459    255      1
   459    240      1
   459    102      1
   460    206      1
   460     53      1
   460     25      1
   461    153      1
   461     58      1
   461    433      1
   462    426      1
   462    379      1
   462    124      1
   463    255      1
   463     65      1
   464     68      1
   464    174      1
   464    494      1
   465    226      1
   465    132      1
   465    207      1
   466    175      1
   466    281      1
   466     84      1
   467    381      1
   467    164      1
   467    407      1
   468    450      1
   468    310      1
   468    127      1
   469    140      1
   469    412      1
   469     58      1
   470    119      1
   470    125      1
   471    382      1
   471      3      1
   472    328      1
   472    329      1
   473     57      1
   473    208      1
   473     12      1
   473    479      1
   474    229      1
   474     34      1
   474    386      1
   475    410      1
   475    436      1
   475    490      1
   476     23      1
   476    339      1
   477    282      1
   477    123      1
   477     47      1
   478     72      1
   478    382      1
   478    430      1
   479     88      1
   479    473      1
   480     60      1
   480    361      1
   481    187      1
   481    208      1
   481    346      1
   482    130      1
   482    367      1
   483    395      1
   483    119      1
   483      7      1
   484    443      1
   484    325      1
   485    291      1
   485      8      1
   486    405      1
   486    198      1
   486    443      1
   487    141      1
   487    408      1
   487    167      1
   488    455      1
   488    390      1
   488    243      1
   489     54      1
   489    227      1
   489    250      1
   490    475      1
   490    230      1
   490     55      1
   491    264      1
   491    315      1
   491     74      1
   492     46      1
   492    286      1
   492    127      1
   493    168      1
   493    300      1
   494    394      1
   494    464      1
   494     13      1
   495    434      1
   495     60      1
   496     87      1
   496    225      1
   496    413      1
   497    334      1
   497    281      1
   498     94      1
   498     53      1
   498    408      1
   499    424      1
   499    230      1
