COORD_X_Y 400
  2.53415   2.12467
  1.72243    1.9031
  2.30443   2.72876
  1.58946   1.95105
  1.16488   1.22649
 0.399999   2.51949
 0.236163   1.51245
  1.73802   2.83473
   0.2357   1.26671
0.0356349   2.28358
  1.57499  0.336157
  1.02321    2.9977
  1.28996   1.42654
  1.30245   1.49682
  1.95663   2.61387
   2.3224   1.96683
  1.40801   2.51623
  2.40335  0.783717
  1.81214  0.142798
 0.407083   2.02344
  0.36468     2.387
 0.396004   2.20573
  1.89309   2.04729
  1.26821   2.77359
  2.24766  0.119877
  1.08962  0.629348
  2.02347  0.737106
  1.91264   2.12759
  2.21051   1.94445
  2.39841  0.959157
  1.96979  0.506993
0.0205778   2.91423
  1.57039   2.91925
   2.9377  0.561772
  2.32074   1.39172
  2.05942  0.510704
0.0339121  0.876453
  1.60533   1.72383
 0.842063   2.81312
   2.5114   1.13088
  1.76146   1.74181
  2.59872  0.660335
  2.60246  0.152847
 0.571379   1.93182
   1.1187   1.03762
  2.64388  0.299154
  2.99227   1.34858
  1.83963  0.585473
  1.52959  0.300253
  2.63087   1.04778
  1.01265   1.89521
 0.864177  0.189318
 0.635292  0.706914
 0.988381  0.765112
 0.118345   1.48433
 0.593157   1.55906
  2.39708   0.25106
 0.819905   2.26128
  1.49946   1.41658
  2.98351   2.34652
  2.83283   1.89797
   1.0595   2.80187
 0.776781  0.135823
  1.35599   1.49268
 0.554204   2.78102
  1.04258  0.206663
  1.19879   2.90569
  2.22914    2.8011
  1.30564   1.88319
  1.36217  0.542991
  2.97125   2.50889
 0.373701 0.0803104
 0.745315   2.30201
 0.903637   2.32994
 0.131921   1.28473
 0.487835   2.42304
  2.78491   1.15862
  2.99128   2.28602
  2.38042  0.289761
 0.796479   1.68203
 0.231406   2.32969
  2.49272   1.23747
 0.895262  0.985705
 0.608029  0.176573
  2.71497  0.540016
0.0368004   1.66877
  2.62095   1.17135
   1.3286  0.959221
  2.83742   2.69505
 0.948545   2.95478
 0.454719  0.226905
  1.34923   2.45569
  2.73867   2.77044
  1.82174   1.19269
 0.397744   2.86012
  1.21742  0.286355
  2.10825   1.38497
 0.913928  0.900605
  1.28024  0.431395
  1.53099  0.693665
  2.88279   2.04513
  1.90332  0.147222
  2.60186   2.02741
  1.82668   2.87411
 0.295172  0.991731
  1.59884   2.57775
  2.01985  0.508548
 0.896225   2.82049
  1.66632   1.48354
  1.10343    2.8707
   1.6381   2.52456
 0.211878   2.39972
 0.657751   1.71615
  1.28378   2.13567
  1.30304   2.85446
  1.84643   2.97828
  2.54057 0.0823885
  2.09258   2.34929
 0.851204  0.195469
  1.27252   1.57013
  2.98664   1.18686
  2.58018   2.57405
  1.96674 0.0824895
  2.10347   0.32592
  1.52259   0.28803
   2.3614   1.34585
  2.51117   2.27569
 0.136505  0.713957
 0.132102   1.39356
  2.22334   2.59551
  1.39613   1.00326
  1.73876  0.143623
 0.737486   2.87651
  2.06897   2.31149
  1.76368  0.363824
  2.43299 0.0233256
 0.978598   1.27738
   1.3845   1.39203
  1.55088   1.28021
  2.72446   1.55099
  1.85549   1.56083
  1.64987  0.504598
 0.459497  0.313737
   1.9462  0.457587
 0.753949  0.126744
 0.607852  0.919071
 0.914055   2.44838
  1.62312  0.100461
  2.42688   1.40307
 0.533615   1.49031
  1.77609  0.885604
  1.14111    1.6471
  1.07816    2.0335
  1.29262   1.84474
 0.151859   1.84519
   2.2925   2.25359
  2.60694   1.79614
 0.564335   1.13367
  1.09049   2.06273
  0.36246  0.126652
  1.48367   1.12663
 0.112729   2.98296
  2.26449  0.039568
  2.77379  0.276378
  2.94982  0.521287
  2.35896   2.85459
 0.674223   2.68105
 0.627141    2.4773
  2.96786  0.887102
   2.5753   2.34518
  2.69821   2.39678
   1.6779  0.852733
  2.74568   1.14189
0.0289731  0.554099
  2.91379   2.73988
  2.04285   1.65174
 0.821107    1.0913
  1.40891  0.236192
  2.82122   2.57911
 0.306138  0.126849
 0.805867   2.15646
  1.26521   1.53804
  1.94571   2.71993
 0.495097  0.999275
  2.91051   2.71261
  0.52705   2.42653
 0.581773   2.84739
 0.437491   1.93973
  2.24298    2.0782
  2.80675  0.687184
  2.89415   1.74102
  1.77878   1.70545
  1.83087   2.00871
 0.366854   0.70619
  2.44088   2.83654
  1.52782   1.12173
 0.872456  0.278979
  2.81616  0.431667
  2.37328 0.0995608
  1.91299   1.84135
  2.22307  0.101782
   1.2853   2.53855
 0.361552   1.60456
 0.151351   1.66016
  1.92622  0.703014
 0.905308  0.452704
  1.30737  0.430638
 0.357275   1.96422
  2.12204   1.17026
  1.87397   2.13352
 0.083893    2.1249
  1.46438  0.259051
   2.7242  0.132991
0.0967456  0.908095
  2.13796  0.624474
 0.610718   2.07558
  2.65469  0.140103
 0.954646   1.76419
0.0117111   1.27378
  1.67415   1.86669
 0.494899   1.02786
 0.585374   1.99576
  0.27469   2.21857
  2.20893   1.61817
  1.53998  0.392283
0.0319009   2.53317
  2.04556    1.5197
  2.33978   2.11805
  2.38607  0.426328
  1.08187  0.694775
  2.04232   1.24197
 0.207487  0.114867
  2.61842    2.2421
  1.66362   1.69393
  2.58221  0.428886
 0.600018  0.756679
 0.692858  0.957528
   1.6051    1.1313
  2.56565  0.898667
 0.233413    2.5206
  1.52068  0.502147
  2.53796   2.89349
  2.40971   2.04217
  1.86931   0.99581
  1.98185    1.3369
  2.60564  0.234366
  1.84147   2.94442
 0.146567   2.92671
 0.227719   2.85156
  2.62494   2.88585
  2.06742   2.04437
  1.72686   1.49891
  1.99351   1.29566
  1.30401   1.77044
  2.66306   2.22036
 0.179886  0.476878
  2.57594   1.17328
  1.07348   2.23552
  2.98715 0.0776338
  2.32006   1.42273
  2.41235   2.91273
  1.24842   2.86184
  2.39803    2.7211
  2.22928  0.985526
  2.52642   1.00609
  2.21794    1.7408
  2.52149   2.91911
  1.39497  0.155123
  1.06023   1.52368
  2.75102   1.22012
  0.46772  0.726975
  2.13921   1.50222
 0.871312   2.26552
  1.74992   2.29435
 0.824757  0.112962
 0.555297 0.0270498
  2.33594   1.92417
 0.936245   0.23601
  1.08551   1.10096
 0.675486  0.890344
  1.11149   1.63605
  2.16219  0.132822
  1.14387   2.20668
  0.51387  0.314688
 0.784458   1.93676
 0.383141   2.12467
  1.13576  0.693371
  1.82881   2.35804
 0.739584  0.801716
   1.9245   2.88873
  1.18032   2.76754
  2.32914     2.544
  1.32108  0.834296
 0.653533  0.172871
 0.184595   1.60053
  2.44996   1.95371
  1.95267   1.09132
 0.689969  0.945544
  2.07545   2.56449
 0.795303   2.51818
 0.589248    0.8206
  2.31144   1.03207
  2.85971   2.50944
  2.59118  0.499212
  2.21859   1.42102
  1.57057  0.778852
  1.07965 0.0506135
  2.45183  0.991331
 0.921272   2.28386
   1.8054  0.728749
  2.94853  0.974787
 0.701353   2.08357
  1.06453  0.828502
  1.87116   0.28113
  2.95069   2.82575
 0.900538   2.44359
 0.629016 0.0545229
0.0433779 0.0995344
  1.02147   1.53163
  0.54832   1.64276
 0.119783   1.24795
  2.07862   1.94174
 0.860824   1.43183
 0.584582  0.583172
 0.602873   2.64802
  2.42097   2.63816
 0.821872  0.165253
 0.784983  0.983039
  0.27928   2.89571
  1.76007   1.38721
 0.604948   1.38226
  1.69446   2.40313
 0.603125  0.943586
  2.79869   2.46653
  1.75154   2.99076
  2.43979   2.44129
  1.20479   2.07697
  2.17445   2.58576
  2.28322   2.96892
 0.933444  0.275019
  1.42319   1.56066
 0.800353   2.84246
  1.65896 0.0884144
  2.80701  0.817833
   1.8667   2.97666
  2.35899   1.82054
 0.530427  0.619894
  1.16151   2.00044
  1.11352   2.80659
  2.58829   1.46576
  1.48226  0.346007
  1.08388   2.30107
  1.05865   1.99172
  2.84014   1.05985
 0.601721   2.83444
  2.57465  0.347936
 0.395979  0.602044
  0.80358   1.23151
  1.62199  0.575116
  2.74136  0.656449
 0.153914   2.21764
 0.460433   2.36462
  1.95723   1.82538
  1.03394  0.220052
 0.327851   2.41419
 0.889905  0.417275
  2.22322   2.21776
  1.86858   2.76459
  2.52238 0.0165465
  1.25972   2.04497
  1.58023  0.748826
0.0436739   2.04409
  2.79097   2.50296
  1.10398  0.192771
  1.91262  0.291778
  1.28474   1.80369
   2.0386  0.789937
 0.201409   0.51526
  1.70526  0.395813
 0.232964   1.12046
  1.89819   1.70482
  1.54365  0.329361
  2.30812   1.23747
   2.6775  0.399982
   1.8614 0.0144159
0.0248232   1.84445
  2.79376   1.47901
  2.68017 0.0506647
 0.222884   2.58052
  0.65307    2.2228
  2.53102  0.554049
  2.50144  0.924629
  1.14395  0.425656
  1.46872   2.89885
  2.51038   1.28921
 0.977336   1.76891
0.0953558  0.966752
  2.25932  0.709616
 0.649827  0.998871
   1.2177   2.51411
LINKS_SOURCE_DESTINATION_DISTANCE 2010
     0      1      1
     0      3      1
     0      4      1
     0      7      1
     0     13      1
     0     27      1
     0     42      1
     0     49      1
     0     53      1
     0     72      1
     0     80      1
     0    124      1
     0    140      1
     0    164      1
     0    191      1
     1      0      1
     1      2      1
     1      5      1
     1      6      1
     1      7      1
     1      9      1
     1     14      1
     1     18      1
     1     19      1
     1     23      1
     1     28      1
     1     59      1
     1     87      1
     1     96      1
     1    208      1
     1    347      1
     2      1      1
     2      4      1
     2      6      1
     2     11      1
     2     15      1
     2     32      1
     2     34      1
     2     39      1
     2     50      1
     2     71      1
     2     76      1
     2    108      1
     2    261      1
     3      0      1
     3      4      1
     3      5      1
     3      7      1
     3      8      1
     3      9      1
     3     12      1
     3     13      1
     3     28      1
     3     32      1
     3     38      1
     3     59      1
     3     74      1
     3    121      1
     3    166      1
     3    260      1
     4      2      1
     4      0      1
     4      3      1
     4      5      1
     4     11      1
     4     19      1
     4     68      1
     4     94      1
     4    119      1
     4    135      1
     4    164      1
     4    201      1
     4    222      1
     4    353      1
     4    385      1
     5      3      1
     5      4      1
     5      1      1
     5      6      1
     5      9      1
     5     11      1
     5     15      1
     5     21      1
     5     36      1
     5     48      1
     5     49      1
     5     60      1
     5    110      1
     5    139      1
     5    178      1
     5    284      1
     5    333      1
     5    397      1
     6      5      1
     6      1      1
     6      2      1
     6      8      1
     6     21      1
     6     26      1
     6     28      1
     6     38      1
     6     46      1
     6     50      1
     6     63      1
     6    151      1
     6    229      1
     6    283      1
     7      1      1
     7      0      1
     7      3      1
     7      8      1
     7     16      1
     7     22      1
     7     23      1
     7     25      1
     7     58      1
     7     80      1
     7    114      1
     7    150      1
     7    157      1
     7    190      1
     7    346      1
     8      7      1
     8      3      1
     8      6      1
     8     10      1
     8     14      1
     8     18      1
     8     19      1
     8     24      1
     8     25      1
     8     35      1
     8     50      1
     8     64      1
     8     86      1
     8    150      1
     8    192      1
     8    210      1
     8    318      1
     8    390      1
     8    394      1
     9      3      1
     9      1      1
     9      5      1
     9     10      1
     9     12      1
     9     26      1
     9     30      1
     9     40      1
     9     43      1
     9     84      1
     9     90      1
     9    113      1
     9    143      1
     9    168      1
     9    189      1
     9    208      1
     9    317      1
    10      8      1
    10      9      1
    10     12      1
    10     13      1
    10     14      1
    10    163      1
    10    177      1
    10    339      1
    10    394      1
    11      5      1
    11      4      1
    11      2      1
    11     17      1
    11     34      1
    11     66      1
    11     78      1
    11    146      1
    11    266      1
    11    267      1
    12      9      1
    12     10      1
    12      3      1
    12     82      1
    12    102      1
    12    148      1
    12    158      1
    12    360      1
    12    363      1
    13     10      1
    13      3      1
    13      0      1
    13     21      1
    13     52      1
    13     59      1
    13     76      1
    13     99      1
    13    104      1
    13    136      1
    13    328      1
    14      1      1
    14     10      1
    14      8      1
    14     15      1
    14     20      1
    14     27      1
    14     33      1
    14     61      1
    14     73      1
    14    124      1
    14    329      1
    15     14      1
    15      2      1
    15      5      1
    15     16      1
    15     17      1
    15     20      1
    15     29      1
    15    111      1
    16      7      1
    16     15      1
    16     42      1
    16     66      1
    16     79      1
    16    131      1
    16    278      1
    17     15      1
    17     11      1
    17     45      1
    17    161      1
    18      8      1
    18      1      1
    18     30      1
    18     37      1
    18     42      1
    18     46      1
    18     65      1
    18     84      1
    18     92      1
    18    384      1
    19      8      1
    19      4      1
    19      1      1
    19     23      1
    19     30      1
    19    104      1
    19    106      1
    19    202      1
    19    362      1
    20     15      1
    20     14      1
    20     31      1
    20     32      1
    20     39      1
    20     67      1
    20    100      1
    20    107      1
    20    231      1
    20    290      1
    21      6      1
    21     13      1
    21      5      1
    21     22      1
    21     37      1
    21     56      1
    21     64      1
    21     70      1
    21     87      1
    21    138      1
    21    155      1
    21    186      1
    21    189      1
    21    217      1
    21    266      1
    22     21      1
    22      7      1
    22     24      1
    22     27      1
    22    101      1
    22    162      1
    22    354      1
    23      1      1
    23     19      1
    23      7      1
    23     24      1
    23     25      1
    23     34      1
    23     36      1
    23     81      1
    23     97      1
    23    146      1
    23    170      1
    23    214      1
    23    223      1
    24     22      1
    24     23      1
    24      8      1
    24     46      1
    24    124      1
    24    263      1
    24    339      1
    25     23      1
    25      8      1
    25      7      1
    25     31      1
    25     35      1
    25     44      1
    25     56      1
    25     74      1
    25     77      1
    25     92      1
    25    128      1
    25    202      1
    25    220      1
    25    243      1
    25    273      1
    25    387      1
    26      9      1
    26      6      1
    26     69      1
    26     83      1
    26     91      1
    26    109      1
    26    120      1
    26    184      1
    27     22      1
    27     14      1
    27      0      1
    27     48      1
    27     60      1
    27     67      1
    27     88      1
    27    137      1
    28      6      1
    28      1      1
    28      3      1
    28     29      1
    28     37      1
    28     73      1
    29     28      1
    29     15      1
    29     77      1
    29    150      1
    29    362      1
    30     19      1
    30     18      1
    30      9      1
    30     33      1
    30    130      1
    31     20      1
    31     25      1
    31     51      1
    31     70      1
    31    286      1
    32     20      1
    32      3      1
    32      2      1
    32     33      1
    32     43      1
    32     45      1
    32     63      1
    32     64      1
    32     78      1
    32     88      1
    32    136      1
    32    204      1
    32    366      1
    33     30      1
    33     32      1
    33     14      1
    33     67      1
    33    171      1
    33    204      1
    34     11      1
    34      2      1
    34     23      1
    34     53      1
    34     54      1
    34     62      1
    34    250      1
    35      8      1
    35     25      1
    35     56      1
    35     69      1
    35     72      1
    35    121      1
    35    139      1
    35    343      1
    36      5      1
    36     23      1
    36     40      1
    36     44      1
    36     45      1
    36     72      1
    36     81      1
    36    103      1
    36    180      1
    37     21      1
    37     18      1
    37     28      1
    37     41      1
    37    144      1
    37    181      1
    37    243      1
    37    255      1
    37    341      1
    38      6      1
    38      3      1
    38     39      1
    38     76      1
    38     98      1
    38    315      1
    38    379      1
    38    381      1
    39      2      1
    39     20      1
    39     38      1
    39     54      1
    39     62      1
    39    131      1
    39    162      1
    39    166      1
    40     36      1
    40      9      1
    40     41      1
    40     58      1
    40    112      1
    40    118      1
    40    133      1
    40    154      1
    40    250      1
    40    388      1
    41     40      1
    41     37      1
    41     43      1
    41     47      1
    41     93      1
    41    117      1
    41    209      1
    41    246      1
    41    276      1
    41    323      1
    42     16      1
    42      0      1
    42     18      1
    42     51      1
    42     58      1
    42    226      1
    42    377      1
    43      9      1
    43     41      1
    43     32      1
    43     55      1
    43     65      1
    43    121      1
    43    129      1
    43    168      1
    43    238      1
    43    272      1
    43    352      1
    44     25      1
    44     36      1
    44     47      1
    44     53      1
    44     90      1
    44    117      1
    44    200      1
    44    204      1
    44    280      1
    44    376      1
    45     36      1
    45     17      1
    45     32      1
    45    125      1
    46     24      1
    46     18      1
    46      6      1
    46     81      1
    46     86      1
    46    248      1
    47     44      1
    47     41      1
    47     61      1
    47     99      1
    47    169      1
    47    179      1
    47    284      1
    48     27      1
    48      5      1
    48     75      1
    48    113      1
    48    153      1
    48    176      1
    48    185      1
    48    244      1
    48    314      1
    49      5      1
    49      0      1
    50      8      1
    50      2      1
    50      6      1
    50     52      1
    50     62      1
    50     77      1
    50     80      1
    50     85      1
    50     94      1
    50    175      1
    50    281      1
    51     31      1
    51     42      1
    51     57      1
    51     83      1
    51    149      1
    51    244      1
    51    316      1
    52     13      1
    52     50      1
    52     90      1
    52     93      1
    52    112      1
    52    264      1
    52    376      1
    52    380      1
    53     44      1
    53     34      1
    53      0      1
    53     55      1
    53    130      1
    53    160      1
    53    326      1
    54     39      1
    54     34      1
    54     73      1
    54     92      1
    54    102      1
    54    126      1
    54    152      1
    54    180      1
    54    219      1
    54    276      1
    54    354      1
    55     53      1
    55     43      1
    55     57      1
    55    112      1
    55    163      1
    55    214      1
    56     35      1
    56     21      1
    56     25      1
    56    146      1
    56    247      1
    56    359      1
    56    367      1
    57     51      1
    57     55      1
    57    222      1
    57    271      1
    58     42      1
    58     40      1
    58      7      1
    58    172      1
    58    246      1
    58    294      1
    58    358      1
    59     13      1
    59      3      1
    59      1      1
    59    297      1
    60     27      1
    60      5      1
    60     66      1
    60    125      1
    60    313      1
    60    325      1
    61     47      1
    61     14      1
    61     78      1
    61     82      1
    61     85      1
    61    179      1
    61    236      1
    61    311      1
    62     39      1
    62     34      1
    62     50      1
    62     65      1
    62     68      1
    62    221      1
    63      6      1
    63     32      1
    63     69      1
    63    212      1
    63    237      1
    63    306      1
    63    377      1
    64     21      1
    64     32      1
    64      8      1
    64     79      1
    64    166      1
    64    366      1
    65     18      1
    65     62      1
    65     43      1
    65     96      1
    65    132      1
    65    239      1
    65    330      1
    66     11      1
    66     60      1
    66     16      1
    66     71      1
    66    114      1
    66    119      1
    66    153      1
    66    179      1
    66    278      1
    66    285      1
    67     27      1
    67     20      1
    67     33      1
    67     89      1
    67    106      1
    67    113      1
    67    267      1
    67    319      1
    68     62      1
    68      4      1
    68     75      1
    68    105      1
    68    133      1
    68    226      1
    68    283      1
    68    322      1
    68    324      1
    69     63      1
    69     26      1
    69     35      1
    69    123      1
    69    156      1
    69    231      1
    69    259      1
    69    265      1
    70     31      1
    70     21      1
    71     66      1
    71      2      1
    71    122      1
    71    128      1
    72      0      1
    72     36      1
    72     35      1
    72    123      1
    72    145      1
    72    224      1
    72    294      1
    72    395      1
    73     28      1
    73     54      1
    73     14      1
    73    272      1
    73    298      1
    74     25      1
    74      3      1
    74    126      1
    74    147      1
    74    242      1
    74    266      1
    75     68      1
    75     48      1
    75    103      1
    75    220      1
    75    325      1
    76      2      1
    76     13      1
    76     38      1
    76     95      1
    76    110      1
    76    129      1
    76    247      1
    76    258      1
    77     50      1
    77     25      1
    77     29      1
    77    111      1
    77    116      1
    77    280      1
    77    342      1
    77    349      1
    78     61      1
    78     32      1
    78     11      1
    78     79      1
    78    172      1
    78    182      1
    78    342      1
    78    374      1
    79     64      1
    79     16      1
    79     78      1
    79     91      1
    79    177      1
    80      7      1
    80      0      1
    80     50      1
    80    104      1
    80    105      1
    80    148      1
    80    173      1
    80    218      1
    80    308      1
    81     36      1
    81     46      1
    81     23      1
    81     89      1
    81    101      1
    81    102      1
    81    127      1
    81    290      1
    81    395      1
    82     12      1
    82     61      1
    82    206      1
    82    249      1
    82    276      1
    82    311      1
    82    361      1
    83     26      1
    83     51      1
    83    157      1
    83    375      1
    84      9      1
    84     18      1
    84    109      1
    84    147      1
    85     61      1
    85     50      1
    85     87      1
    85    109      1
    85    195      1
    85    249      1
    86     46      1
    86      8      1
    86     89      1
    86    153      1
    86    173      1
    86    203      1
    86    206      1
    86    252      1
    87      1      1
    87     21      1
    87     85      1
    87    103      1
    87    141      1
    87    174      1
    88     32      1
    88     27      1
    88    122      1
    88    159      1
    88    160      1
    88    163      1
    88    229      1
    88    234      1
    89     67      1
    89     86      1
    89     81      1
    89    132      1
    89    134      1
    89    159      1
    89    310      1
    89    334      1
    90     44      1
    90     52      1
    90      9      1
    90    139      1
    90    178      1
    90    196      1
    91     26      1
    91     79      1
    91    134      1
    91    167      1
    92     25      1
    92     54      1
    92     18      1
    92     95      1
    92    299      1
    93     41      1
    93     52      1
    93    101      1
    93    135      1
    93    140      1
    93    144      1
    93    190      1
    93    209      1
    94     50      1
    94      4      1
    94    128      1
    94    182      1
    94    187      1
    95     92      1
    95     76      1
    95    393      1
    96      1      1
    96     65      1
    96     97      1
    96     98      1
    96    100      1
    96    148      1
    96    181      1
    97     23      1
    97     96      1
    97    115      1
    97    167      1
    98     38      1
    98     96      1
    98    117      1
    98    216      1
    98    365      1
    99     47      1
    99     13      1
    99    135      1
    99    164      1
    99    165      1
   100     96      1
   100     20      1
   100    181      1
   100    340      1
   101     93      1
   101     22      1
   101     81      1
   101    111      1
   101    213      1
   101    287      1
   101    373      1
   102     12      1
   102     54      1
   102     81      1
   102    184      1
   102    292      1
   103     36      1
   103     75      1
   103     87      1
   103    188      1
   103    218      1
   103    344      1
   103    381      1
   104     19      1
   104     80      1
   104     13      1
   104    191      1
   104    296      1
   105     80      1
   105     68      1
   105    254      1
   105    340      1
   105    350      1
   105    378      1
   106     67      1
   106     19      1
   106    107      1
   106    108      1
   106    145      1
   106    349      1
   107     20      1
   107    106      1
   107    279      1
   107    291      1
   107    327      1
   108    106      1
   108      2      1
   108    183      1
   108    368      1
   109     84      1
   109     85      1
   109     26      1
   109    165      1
   109    249      1
   109    345      1
   110     76      1
   110      5      1
   110    115      1
   110    122      1
   110    285      1
   110    379      1
   110    384      1
   111     77      1
   111     15      1
   111    101      1
   111    118      1
   111    152      1
   111    172      1
   111    195      1
   111    197      1
   111    231      1
   111    298      1
   112     55      1
   112     40      1
   112     52      1
   112    116      1
   112    120      1
   112    133      1
   112    154      1
   112    259      1
   112    268      1
   112    282      1
   113     48      1
   113     67      1
   113      9      1
   113    127      1
   113    309      1
   113    382      1
   114      7      1
   114     66      1
   114    142      1
   114    152      1
   114    158      1
   114    193      1
   114    230      1
   114    301      1
   115    110      1
   115     97      1
   115    183      1
   115    227      1
   115    244      1
   116    112      1
   116     77      1
   116    157      1
   116    176      1
   116    185      1
   117     41      1
   117     98      1
   117     44      1
   117    232      1
   117    234      1
   117    312      1
   118     40      1
   118    111      1
   118    177      1
   118    257      1
   119      4      1
   119     66      1
   119    149      1
   119    200      1
   119    331      1
   120     26      1
   120    112      1
   120    123      1
   120    147      1
   120    322      1
   121     43      1
   121      3      1
   121     35      1
   121    228      1
   121    240      1
   121    289      1
   121    368      1
   122     71      1
   122    110      1
   122     88      1
   122    137      1
   122    141      1
   122    299      1
   122    322      1
   123     69      1
   123    120      1
   123     72      1
   123    130      1
   123    145      1
   123    207      1
   123    285      1
   123    294      1
   124     24      1
   124     14      1
   124      0      1
   124    143      1
   124    317      1
   124    343      1
   124    349      1
   124    396      1
   125     45      1
   125     60      1
   125    131      1
   125    175      1
   125    288      1
   126     74      1
   126     54      1
   126    143      1
   126    155      1
   126    252      1
   126    290      1
   126    343      1
   127    113      1
   127     81      1
   127    167      1
   127    174      1
   127    265      1
   127    275      1
   128     94      1
   128     71      1
   128     25      1
   128    144      1
   128    263      1
   128    382      1
   129     43      1
   129     76      1
   129    212      1
   129    253      1
   129    270      1
   130     30      1
   130     53      1
   130    123      1
   130    134      1
   130    183      1
   130    305      1
   131     16      1
   131     39      1
   131    125      1
   131    198      1
   131    241      1
   132     89      1
   132     65      1
   132    137      1
   132    161      1
   132    200      1
   132    223      1
   133     40      1
   133    112      1
   133     68      1
   133    142      1
   133    162      1
   133    174      1
   133    176      1
   133    256      1
   133    267      1
   134    130      1
   134     91      1
   134     89      1
   134    141      1
   134    197      1
   135     93      1
   135     99      1
   135      4      1
   135    180      1
   135    245      1
   135    361      1
   135    372      1
   136     32      1
   136     13      1
   136    138      1
   136    149      1
   137     27      1
   137    132      1
   137    122      1
   137    184      1
   137    219      1
   138    136      1
   138     21      1
   138    191      1
   139     90      1
   139      5      1
   139     35      1
   139    212      1
   139    329      1
   139    333      1
   139    387      1
   140     93      1
   140      0      1
   141     87      1
   141    134      1
   141    122      1
   141    248      1
   141    331      1
   141    348      1
   142    133      1
   142    114      1
   142    151      1
   142    156      1
   142    195      1
   142    240      1
   142    256      1
   142    282      1
   142    328      1
   143    126      1
   143      9      1
   143    124      1
   143    171      1
   143    186      1
   144     93      1
   144    128      1
   144     37      1
   144    198      1
   144    251      1
   144    335      1
   144    357      1
   145    123      1
   145     72      1
   145    106      1
   145    165      1
   145    273      1
   145    284      1
   146     23      1
   146     56      1
   146     11      1
   146    196      1
   146    242      1
   147    120      1
   147     84      1
   147     74      1
   148     96      1
   148     80      1
   148     12      1
   148    160      1
   149    136      1
   149     51      1
   149    119      1
   149    245      1
   150      8      1
   150     29      1
   150      7      1
   150    287      1
   150    331      1
   151    142      1
   151      6      1
   152    114      1
   152    111      1
   152     54      1
   152    197      1
   152    225      1
   152    307      1
   153     86      1
   153     66      1
   153     48      1
   153    169      1
   153    194      1
   153    211      1
   153    254      1
   154    112      1
   154     40      1
   154    272      1
   154    312      1
   154    374      1
   155    126      1
   155     21      1
   155    187      1
   156     69      1
   156    142      1
   156    317      1
   157    116      1
   157     83      1
   157      7      1
   157    158      1
   157    213      1
   157    225      1
   157    233      1
   157    314      1
   157    352      1
   157    376      1
   158    114      1
   158    157      1
   158     12      1
   158    170      1
   158    190      1
   158    260      1
   158    277      1
   158    321      1
   158    358      1
   159     88      1
   159     89      1
   159    210      1
   159    264      1
   160     88      1
   160     53      1
   160    148      1
   160    259      1
   160    393      1
   161     17      1
   161    132      1
   161    399      1
   162     22      1
   162     39      1
   162    133      1
   162    215      1
   162    221      1
   162    262      1
   162    269      1
   162    291      1
   162    389      1
   163     55      1
   163     88      1
   163     10      1
   163    205      1
   163    237      1
   164     99      1
   164      0      1
   164      4      1
   164    240      1
   165    109      1
   165     99      1
   165    145      1
   165    211      1
   165    263      1
   165    304      1
   166     64      1
   166      3      1
   166     39      1
   166    185      1
   166    198      1
   166    199      1
   166    205      1
   166    241      1
   166    301      1
   167     91      1
   167     97      1
   167    127      1
   167    171      1
   168     43      1
   168      9      1
   168    297      1
   169    153      1
   169     47      1
   169    214      1
   169    257      1
   169    275      1
   169    371      1
   169    399      1
   170    158      1
   170     23      1
   171    167      1
   171     33      1
   171    143      1
   171    338      1
   172     78      1
   172     58      1
   172    111      1
   172    194      1
   172    239      1
   172    383      1
   173     86      1
   173     80      1
   173    193      1
   173    222      1
   173    353      1
   173    371      1
   174    133      1
   174    127      1
   174     87      1
   174    194      1
   175    125      1
   175     50      1
   175    274      1
   175    296      1
   176     48      1
   176    133      1
   176    116      1
   176    235      1
   176    238      1
   176    241      1
   177    118      1
   177     10      1
   177     79      1
   178      5      1
   178     90      1
   178    217      1
   179     47      1
   179     66      1
   179     61      1
   179    188      1
   179    219      1
   179    307      1
   180    135      1
   180     36      1
   180     54      1
   180    278      1
   180    336      1
   180    369      1
   181     96      1
   181     37      1
   181    100      1
   181    330      1
   182     94      1
   182     78      1
   183    108      1
   183    115      1
   183    130      1
   183    187      1
   183    193      1
   183    323      1
   183    336      1
   183    340      1
   184    137      1
   184     26      1
   184    102      1
   184    201      1
   184    215      1
   185    166      1
   185     48      1
   185    116      1
   185    207      1
   186    143      1
   186     21      1
   186    201      1
   186    237      1
   186    337      1
   187    183      1
   187    155      1
   187     94      1
   187    281      1
   188    179      1
   188    103      1
   188    359      1
   189     21      1
   189      9      1
   189    192      1
   189    218      1
   190      7      1
   190    158      1
   190     93      1
   190    203      1
   190    246      1
   190    341      1
   190    356      1
   191      0      1
   191    138      1
   191    104      1
   191    277      1
   191    320      1
   192      8      1
   192    189      1
   192    236      1
   192    350      1
   193    173      1
   193    114      1
   193    183      1
   193    202      1
   193    341      1
   194    174      1
   194    172      1
   194    153      1
   195    142      1
   195    111      1
   195     85      1
   195    199      1
   195    253      1
   195    291      1
   195    326      1
   196     90      1
   196    146      1
   196    313      1
   196    382      1
   197    111      1
   197    134      1
   197    152      1
   197    227      1
   197    373      1
   197    391      1
   198    144      1
   198    166      1
   198    131      1
   198    332      1
   199    195      1
   199    166      1
   200    119      1
   200     44      1
   200    132      1
   200    216      1
   200    258      1
   201    184      1
   201      4      1
   201    186      1
   201    355      1
   201    358      1
   202    193      1
   202     25      1
   202     19      1
   202    235      1
   202    247      1
   203     86      1
   203    190      1
   203    233      1
   203    282      1
   203    295      1
   204     32      1
   204     33      1
   204     44      1
   204    239      1
   205    163      1
   205    166      1
   205    306      1
   205    392      1
   206     82      1
   206     86      1
   206    220      1
   206    228      1
   207    185      1
   207    123      1
   207    224      1
   207    245      1
   208      9      1
   208      1      1
   209     41      1
   209     93      1
   209    251      1
   209    261      1
   209    304      1
   210    159      1
   210      8      1
   210    229      1
   211    165      1
   211    153      1
   212    139      1
   212     63      1
   212    129      1
   212    217      1
   212    305      1
   212    320      1
   213    101      1
   213    157      1
   214     23      1
   214     55      1
   214    169      1
   215    184      1
   215    162      1
   216    200      1
   216     98      1
   217    178      1
   217    212      1
   217     21      1
   217    227      1
   217    252      1
   217    255      1
   217    257      1
   217    262      1
   217    302      1
   217    308      1
   218     80      1
   218    103      1
   218    189      1
   218    264      1
   219     54      1
   219    137      1
   219    179      1
   219    232      1
   220    206      1
   220     25      1
   220     75      1
   220    232      1
   220    364      1
   221    162      1
   221     62      1
   221    303      1
   222      4      1
   222    173      1
   222     57      1
   222    319      1
   222    329      1
   222    338      1
   222    378      1
   223     23      1
   223    132      1
   223    334      1
   224     72      1
   224    207      1
   224    268      1
   224    318      1
   224    371      1
   225    157      1
   225    152      1
   226     68      1
   226     42      1
   226    335      1
   227    115      1
   227    197      1
   227    217      1
   227    228      1
   227    381      1
   228    227      1
   228    206      1
   228    121      1
   228    356      1
   229     88      1
   229    210      1
   229      6      1
   229    230      1
   229    364      1
   230    229      1
   230    114      1
   230    302      1
   230    344      1
   231    111      1
   231     20      1
   231     69      1
   231    319      1
   231    365      1
   232    219      1
   232    117      1
   232    220      1
   233    157      1
   233    203      1
   233    270      1
   234     88      1
   234    117      1
   234    269      1
   234    271      1
   234    273      1
   235    176      1
   235    202      1
   236    192      1
   236     61      1
   236    337      1
   237     63      1
   237    163      1
   237    186      1
   238    176      1
   238     43      1
   239     65      1
   239    172      1
   239    204      1
   239    292      1
   239    318      1
   240    142      1
   240    121      1
   240    164      1
   240    301      1
   241    131      1
   241    176      1
   241    166      1
   241    386      1
   242    146      1
   242     74      1
   242    300      1
   243     25      1
   243     37      1
   243    300      1
   243    313      1
   243    356      1
   244    115      1
   244     48      1
   244     51      1
   245    135      1
   245    207      1
   245    149      1
   245    339      1
   246    190      1
   246     58      1
   246     41      1
   246    286      1
   246    375      1
   247     56      1
   247     76      1
   247    202      1
   248    141      1
   248     46      1
   248    327      1
   249    109      1
   249     85      1
   249     82      1
   249    271      1
   249    288      1
   249    325      1
   250     34      1
   250     40      1
   250    309      1
   250    346      1
   250    383      1
   251    144      1
   251    209      1
   252     86      1
   252    217      1
   252    126      1
   252    256      1
   252    377      1
   253    195      1
   253    129      1
   254    105      1
   254    153      1
   254    390      1
   255    217      1
   255     37      1
   255    275      1
   255    348      1
   256    133      1
   256    142      1
   256    252      1
   256    321      1
   256    398      1
   257    118      1
   257    169      1
   257    217      1
   258     76      1
   258    200      1
   258    296      1
   258    357      1
   259    160      1
   259     69      1
   259    112      1
   259    274      1
   259    370      1
   260      3      1
   260    158      1
   260    268      1
   261      2      1
   261    209      1
   262    217      1
   262    162      1
   263    165      1
   263     24      1
   263    128      1
   263    386      1
   264    218      1
   264     52      1
   264    159      1
   264    395      1
   265     69      1
   265    127      1
   266     74      1
   266     11      1
   266     21      1
   266    289      1
   267    133      1
   267     11      1
   267     67      1
   267    369      1
   268    260      1
   268    224      1
   268    112      1
   269    162      1
   269    234      1
   270    129      1
   270    233      1
   270    279      1
   270    281      1
   271    249      1
   271    234      1
   271     57      1
   271    295      1
   271    351      1
   272    154      1
   272     43      1
   272     73      1
   273    145      1
   273    234      1
   273     25      1
   273    378      1
   274    259      1
   274    175      1
   274    332      1
   275    255      1
   275    127      1
   275    169      1
   276     82      1
   276     54      1
   276     41      1
   276    387      1
   277    191      1
   277    158      1
   277    293      1
   278     66      1
   278    180      1
   278     16      1
   278    308      1
   279    107      1
   279    270      1
   279    397      1
   280     44      1
   280     77      1
   281     50      1
   281    187      1
   281    270      1
   281    293      1
   282    112      1
   282    142      1
   282    203      1
   283      6      1
   283     68      1
   284      5      1
   284    145      1
   284     47      1
   284    288      1
   285    123      1
   285     66      1
   285    110      1
   285    316      1
   285    337      1
   286     31      1
   286    246      1
   286    345      1
   287    101      1
   287    150      1
   287    363      1
   288    125      1
   288    284      1
   288    249      1
   289    266      1
   289    121      1
   289    293      1
   290    126      1
   290     20      1
   290     81      1
   290    303      1
   291    107      1
   291    162      1
   291    195      1
   291    299      1
   292    239      1
   292    102      1
   293    277      1
   293    281      1
   293    289      1
   293    315      1
   294     58      1
   294     72      1
   294    123      1
   295    203      1
   295    271      1
   295    297      1
   295    311      1
   295    335      1
   296    175      1
   296    104      1
   296    258      1
   296    379      1
   297     59      1
   297    168      1
   297    295      1
   298     73      1
   298    111      1
   298    324      1
   299     92      1
   299    291      1
   299    122      1
   300    243      1
   300    242      1
   301    166      1
   301    114      1
   301    240      1
   301    347      1
   302    217      1
   302    230      1
   302    309      1
   302    346      1
   303    290      1
   303    221      1
   304    209      1
   304    165      1
   305    130      1
   305    212      1
   306    205      1
   306     63      1
   307    179      1
   307    152      1
   307    354      1
   308     80      1
   308    278      1
   308    217      1
   309    302      1
   309    113      1
   309    250      1
   309    310      1
   309    373      1
   310    309      1
   310     89      1
   311     61      1
   311     82      1
   311    295      1
   312    117      1
   312    154      1
   312    386      1
   313     60      1
   313    243      1
   313    196      1
   314     48      1
   314    157      1
   315     38      1
   315    293      1
   315    390      1
   316    285      1
   316     51      1
   317    124      1
   317      9      1
   317    156      1
   317    365      1
   318    239      1
   318    224      1
   318      8      1
   319    231      1
   319    222      1
   319     67      1
   320    212      1
   320    191      1
   321    256      1
   321    158      1
   322    122      1
   322    120      1
   322     68      1
   323     41      1
   323    183      1
   323    391      1
   324     68      1
   324    298      1
   324    351      1
   325     75      1
   325    249      1
   325     60      1
   325    353      1
   326     53      1
   326    195      1
   327    107      1
   327    248      1
   327    328      1
   328    142      1
   328    327      1
   328     13      1
   328    367      1
   328    384      1
   328    392      1
   329    139      1
   329    222      1
   329     14      1
   330     65      1
   330    181      1
   330    360      1
   331    119      1
   331    150      1
   331    141      1
   332    274      1
   332    198      1
   332    385      1
   333      5      1
   333    139      1
   334    223      1
   334     89      1
   335    144      1
   335    295      1
   335    226      1
   336    183      1
   336    180      1
   337    285      1
   337    236      1
   337    186      1
   337    367      1
   337    396      1
   338    171      1
   338    222      1
   339    245      1
   339     10      1
   339     24      1
   340    183      1
   340    105      1
   340    100      1
   340    388      1
   341     37      1
   341    193      1
   341    190      1
   342     78      1
   342     77      1
   343    124      1
   343    126      1
   343     35      1
   343    380      1
   344    103      1
   344    230      1
   345    109      1
   345    286      1
   346    302      1
   346    250      1
   346      7      1
   347    301      1
   347      1      1
   348    255      1
   348    141      1
   348    388      1
   349     77      1
   349    106      1
   349    124      1
   350    192      1
   350    105      1
   351    324      1
   351    271      1
   352    157      1
   352     43      1
   353      4      1
   353    325      1
   353    173      1
   354    307      1
   354     22      1
   354     54      1
   354    355      1
   354    364      1
   354    370      1
   355    354      1
   355    201      1
   356    243      1
   356    190      1
   356    228      1
   357    144      1
   357    258      1
   357    362      1
   358    158      1
   358     58      1
   358    201      1
   359    188      1
   359     56      1
   360    330      1
   360     12      1
   361    135      1
   361     82      1
   362     29      1
   362    357      1
   362     19      1
   363    287      1
   363     12      1
   364    354      1
   364    220      1
   364    229      1
   365    317      1
   365     98      1
   365    231      1
   366     64      1
   366     32      1
   367    328      1
   367     56      1
   367    337      1
   367    372      1
   367    391      1
   368    121      1
   368    108      1
   369    180      1
   369    267      1
   370    354      1
   370    259      1
   371    224      1
   371    169      1
   371    173      1
   371    393      1
   372    367      1
   372    135      1
   373    101      1
   373    309      1
   373    197      1
   373    394      1
   374    154      1
   374     78      1
   375     83      1
   375    246      1
   376    157      1
   376     44      1
   376     52      1
   376    389      1
   377    252      1
   377     63      1
   377     42      1
   378    105      1
   378    222      1
   378    273      1
   378    396      1
   379    296      1
   379     38      1
   379    110      1
   380    343      1
   380     52      1
   381    227      1
   381     38      1
   381    103      1
   382    128      1
   382    113      1
   382    196      1
   383    250      1
   383    172      1
   384     18      1
   384    328      1
   384    110      1
   385      4      1
   385    332      1
   386    312      1
   386    263      1
   386    241      1
   387    276      1
   387     25      1
   387    139      1
   388    340      1
   388    348      1
   388     40      1
   389    162      1
   389    376      1
   390    254      1
   390    315      1
   390      8      1
   390    398      1
   391    197      1
   391    367      1
   391    323      1
   392    328      1
   392    205      1
   393    371      1
   393     95      1
   393    160      1
   394    373      1
   394     10      1
   394      8      1
   395    264      1
   395     81      1
   395     72      1
   396    124      1
   396    378      1
   396    337      1
   397      5      1
   397    279      1
   398    390      1
   398    256      1
   399    169      1
   399    161      1
