COORD_X_Y 200
 0.588702   1.11297
  1.94027    2.3619
  2.25167  0.131079
 0.356097  0.699189
 0.282025   2.57292
  1.76188   2.67802
  2.84841   2.32539
  1.41129   2.07702
  2.23013   2.20661
 0.608053   1.35927
  1.56658     2.608
 0.740413   2.23824
 0.237312   2.71365
  1.45701   2.04755
 0.720525   1.59247
  2.28295   1.13181
 0.859476  0.683484
 0.906918   0.32725
   2.5331   1.39617
  1.24244   1.29596
  1.44556   1.47895
  2.40128  0.207996
  0.89943  0.253624
  0.46995   2.69547
 0.723845  0.796956
 0.421709   1.10426
  1.05946   1.22833
  2.13483   2.78165
   2.5339   2.48297
 0.787087   2.05699
  1.49142    1.8689
  1.69604    1.2908
  2.94333   2.05065
 0.211962  0.319849
 0.655334   2.57331
  1.07247  0.370552
  1.61555  0.541542
 0.544478   2.08916
  2.90915   1.99727
  1.52243   1.02508
  2.37583  0.830794
  1.23064   1.85921
  2.69882   1.67614
  1.78748   2.37765
  2.90021   1.80567
 0.517725   2.48059
  2.85288   1.03206
  2.76594   2.84107
  1.13288   1.72956
  0.82251    1.2495
  1.02129  0.292622
  2.97233    1.2118
  2.58947   0.31722
 0.912294   1.53406
  2.27567   2.14049
 0.623269  0.183372
 0.653429  0.119666
 0.501703   1.99727
 0.294799   1.33177
  1.96017   0.13966
  0.56104  0.656826
  1.25469   2.23851
 0.757014  0.571959
 0.360563   2.13643
  1.66826   1.48993
  1.62526   2.69296
   1.7771   2.18718
   1.5683  0.286898
 0.783723  0.602674
 0.134612  0.568764
 0.220185   0.27191
 0.896053   0.59474
  2.66443   1.73428
 0.571873  0.209749
  2.45197   1.08623
 0.723773   2.14961
  1.31685   2.54591
  1.59347   2.34309
  2.25539    2.3944
0.0233425   1.71576
0.0738149   1.97747
  2.87729   2.99466
 0.584148  0.349533
  1.45402  0.815417
  1.25143  0.222341
 0.475992  0.658558
  2.18044  0.882829
0.0421057  0.891557
0.0486322   1.76161
  2.05624   2.25518
  1.83716   1.94831
  1.10386   1.06205
  2.12505   2.20019
 0.849826   1.33243
 0.911711   2.23404
  2.81385   2.06974
  2.99462  0.788399
  1.58761  0.691259
  1.64829  0.715944
   1.4033  0.107434
  2.06239    1.1294
 0.166374  0.942475
  0.67709    2.0319
 0.302117   2.35342
 0.932984  0.347609
 0.185396   1.94536
  0.67844   2.58583
   2.4393  0.610099
  2.00089    2.4139
  1.20133   1.24535
  2.53289  0.369361
  1.37888   1.13175
   2.8646   1.83246
 0.518229   2.88368
 0.439132  0.278412
  1.16277  0.380122
  1.62801   2.33092
   2.1504   1.70776
  1.85352  0.518305
   2.7999   2.54427
 0.129418  0.714501
 0.154559   2.84432
  2.06769  0.472125
  2.01124   1.39413
 0.646271   2.46859
  1.30132   1.47996
  1.25348   2.38724
  2.64833   1.71789
  2.30824   2.42539
0.0305687 0.0564944
 0.392436   1.32873
 0.380867   2.04292
  2.44791  0.823809
  1.68786   2.90407
 0.302044   1.99472
  1.22282  0.728117
    1.145   2.99387
 0.423218   1.27383
  2.57898  0.219327
  1.32541  0.986989
  2.77376   1.52255
 0.114572   1.40297
 0.717936  0.366987
   2.1103   1.47182
  2.24861   2.43087
 0.516057  0.487484
  2.30725   1.05489
  1.96906   1.40598
 0.852677   1.20445
  1.35516   2.38387
  1.00511   2.01385
  2.84596   2.37071
  0.95137    1.7664
  1.50627   2.56247
   2.9607   1.44618
  1.65924   2.67258
 0.780693   2.47916
  2.48444   2.20895
  2.61388   2.60496
  1.70847  0.554405
  2.77725   2.12727
 0.574689   2.09704
 0.307094  0.465142
 0.395375  0.478244
  2.01475   1.31192
 0.820436   1.98874
  2.74366   1.89415
 0.569377   1.11198
  1.76936   1.63014
  2.92899   2.87944
   2.2704  0.202413
   1.4823   1.84184
 0.638064   1.99624
 0.674626   1.89282
  1.57869   2.87043
  2.23552   0.49469
  2.22166   1.34894
  2.85202  0.386731
  2.57295   2.78819
   2.2698  0.552296
  0.78379   2.36636
 0.533517   2.87671
  1.04615   1.26027
  1.72954   1.28656
  2.87979  0.101847
  1.86387   1.85423
  2.07772  0.492068
  1.27244   1.25539
 0.592899  0.514648
  1.88093   2.23862
 0.138486  0.208752
 0.253847   1.81923
  2.13081   2.86545
  2.40965  0.431496
  1.36209  0.834894
  2.96793   1.69076
  2.71203   1.68724
 0.596765   1.52004
  1.42475   1.60328
   2.2241  0.812237
LINKS_SOURCE_DESTINATION_DISTANCE 986
     0      1      1
     0      2      1
     0      4      1
     0      7      1
     0      9      1
     0     20      1
     0     72      1
     0    143      1
     1      0      1
     1      3      1
     1      4      1
     1      5      1
     1      8      1
     1     11      1
     1     13      1
     1     16      1
     1     19      1
     1     23      1
     1     50      1
     1     55      1
     1     77      1
     1    105      1
     1    109      1
     1    110      1
     1    177      1
     2      0      1
     2      4      1
     2      5      1
     2     13      1
     2     42      1
     2     67      1
     2     69      1
     2     80      1
     2    118      1
     2    156      1
     3      1      1
     3      6      1
     3     11      1
     3     27      1
     3     29      1
     3     35      1
     3     50      1
     3    191      1
     4      1      1
     4      0      1
     4      2      1
     4      5      1
     4     15      1
     4     19      1
     4     21      1
     4     39      1
     4     46      1
     4     71      1
     4     81      1
     4     98      1
     4    131      1
     4    156      1
     4    175      1
     5      1      1
     5      4      1
     5      2      1
     5      6      1
     5      7      1
     5     10      1
     5     12      1
     5     14      1
     5     40      1
     5    112      1
     6      5      1
     6      3      1
     6      7      1
     6      8      1
     6     10      1
     6     24      1
     6     25      1
     6     64      1
     6     89      1
     6    193      1
     7      5      1
     7      0      1
     7      6      1
     7      8      1
     7      9      1
     7     12      1
     7     14      1
     7     15      1
     7     16      1
     7     18      1
     8      7      1
     8      1      1
     8      6      1
     8      9      1
     8     13      1
     8     17      1
     8     20      1
     8     31      1
     8     33      1
     8     37      1
     8     41      1
     8     54      1
     8     55      1
     8     58      1
     9      7      1
     9      8      1
     9      0      1
     9     10      1
     9     16      1
     9     81      1
     9    120      1
     9    136      1
     9    149      1
    10      6      1
    10      9      1
    10      5      1
    10     11      1
    10     30      1
    10     38      1
    10     57      1
    11     10      1
    11      3      1
    11      1      1
    11     14      1
    11     17      1
    11     28      1
    11     34      1
    11    105      1
    11    111      1
    11    160      1
    11    169      1
    12      7      1
    12      5      1
    12     18      1
    12     26      1
    12     36      1
    12     49      1
    12     76      1
    13      2      1
    13      1      1
    13      8      1
    13     18      1
    13     23      1
    13     41      1
    13     47      1
    13     63      1
    13     65      1
    13     77      1
    13     98      1
    13    128      1
    13    168      1
    13    197      1
    14      7      1
    14     11      1
    14      5      1
    14     17      1
    14     21      1
    14     29      1
    14     30      1
    14     35      1
    14     40      1
    14     52      1
    14     77      1
    14     83      1
    14    170      1
    15      4      1
    15      7      1
    15     22      1
    15     24      1
    15     34      1
    15     65      1
    15     96      1
    15    140      1
    15    146      1
    16      1      1
    16      9      1
    16      7      1
    16     25      1
    16     43      1
    16     44      1
    16    123      1
    16    138      1
    17      8      1
    17     14      1
    17     11      1
    17     21      1
    17     22      1
    17     27      1
    17     41      1
    17     43      1
    17     62      1
    17     73      1
    17     78      1
    17     99      1
    18     12      1
    18      7      1
    18     13      1
    18     36      1
    18     48      1
    18     97      1
    18    148      1
    19      4      1
    19      1      1
    19     24      1
    19     39      1
    19     82      1
    19    137      1
    19    139      1
    20      0      1
    20      8      1
    20     32      1
    20     33      1
    20     59      1
    20     71      1
    20     74      1
    20    141      1
    21      4      1
    21     17      1
    21     14      1
    21     52      1
    21     61      1
    21     95      1
    22     15      1
    22     17      1
    22     23      1
    22     36      1
    22     54      1
    22     99      1
    22    102      1
    22    172      1
    23     13      1
    23      1      1
    23     22      1
    23     26      1
    23     47      1
    23     58      1
    23    100      1
    24      6      1
    24     15      1
    24     19      1
    24     75      1
    24     92      1
    24    166      1
    25      6      1
    25     16      1
    25     32      1
    25     80      1
    25    140      1
    25    195      1
    26     23      1
    26     12      1
    26     27      1
    26     28      1
    26     57      1
    26     66      1
    26     75      1
    26    142      1
    27     17      1
    27     26      1
    27      3      1
    27     28      1
    27     48      1
    27     90      1
    27    101      1
    27    116      1
    27    130      1
    28     11      1
    28     26      1
    28     27      1
    28     31      1
    28     38      1
    28     44      1
    28     97      1
    28    105      1
    28    130      1
    29      3      1
    29     14      1
    29     30      1
    29     53      1
    29     86      1
    30     14      1
    30     10      1
    30     29      1
    30     32      1
    30     46      1
    30     66      1
    30     73      1
    30     86      1
    30     97      1
    30    167      1
    30    175      1
    30    191      1
    31     28      1
    31      8      1
    31     37      1
    31     78      1
    31    149      1
    31    154      1
    32     25      1
    32     30      1
    32     20      1
    32     43      1
    32     45      1
    32     53      1
    32    113      1
    32    126      1
    33     20      1
    33      8      1
    33     44      1
    33     57      1
    33     59      1
    33     60      1
    33     72      1
    33    193      1
    34     11      1
    34     15      1
    34     42      1
    34     56      1
    34     71      1
    34     72      1
    35      3      1
    35     14      1
    35     46      1
    35     53      1
    35     65      1
    35     68      1
    35     70      1
    35    104      1
    35    108      1
    35    114      1
    36     12      1
    36     18      1
    36     22      1
    36     37      1
    36     93      1
    37      8      1
    37     36      1
    37     31      1
    37     47      1
    37     85      1
    37     87      1
    37    101      1
    37    144      1
    38     28      1
    38     10      1
    38     45      1
    38    150      1
    38    167      1
    38    199      1
    39     19      1
    39      4      1
    39     51      1
    39    127      1
    39    132      1
    40      5      1
    40     14      1
    40     56      1
    40     69      1
    40    109      1
    41     13      1
    41      8      1
    41     17      1
    41     88      1
    42      2      1
    42     34      1
    42     45      1
    42     49      1
    42     51      1
    42     67      1
    42    113      1
    42    183      1
    43     17      1
    43     16      1
    43     32      1
    43     51      1
    43     76      1
    43    150      1
    44     28      1
    44     33      1
    44     16      1
    44    103      1
    44    107      1
    45     32      1
    45     38      1
    45     42      1
    45     74      1
    45     79      1
    45     93      1
    45    186      1
    45    189      1
    45    198      1
    45    199      1
    46      4      1
    46     35      1
    46     30      1
    46     62      1
    46    122      1
    47     13      1
    47     37      1
    47     23      1
    47     63      1
    47     68      1
    47     70      1
    47    108      1
    48     27      1
    48     18      1
    48     59      1
    48     82      1
    48    121      1
    48    123      1
    48    126      1
    48    129      1
    49     12      1
    49     42      1
    49     62      1
    49     64      1
    49     78      1
    49    151      1
    49    165      1
    49    177      1
    50      1      1
    50      3      1
    50     55      1
    50    120      1
    50    130      1
    50    145      1
    50    165      1
    51     43      1
    51     42      1
    51     39      1
    51     80      1
    51    112      1
    51    157      1
    52     14      1
    52     21      1
    52     84      1
    52    108      1
    52    132      1
    52    145      1
    52    158      1
    53     29      1
    53     35      1
    53     32      1
    53     61      1
    53     87      1
    53     89      1
    53    114      1
    53    127      1
    54      8      1
    54     22      1
    54     60      1
    54     66      1
    54     73      1
    54     85      1
    54    174      1
    55      8      1
    55      1      1
    55     50      1
    55    135      1
    55    136      1
    55    155      1
    56     34      1
    56     40      1
    56     63      1
    56    125      1
    56    155      1
    57     10      1
    57     33      1
    57     26      1
    57     64      1
    57     74      1
    57    153      1
    58      8      1
    58     23      1
    58     95      1
    58    141      1
    58    199      1
    59     48      1
    59     33      1
    59     20      1
    59    104      1
    59    131      1
    60     54      1
    60     33      1
    60     86      1
    60    119      1
    61     53      1
    61     21      1
    61    119      1
    62     49      1
    62     17      1
    62     46      1
    62     70      1
    62     96      1
    62    112      1
    62    124      1
    63     56      1
    63     13      1
    63     47      1
    63     79      1
    64      6      1
    64     57      1
    64     49      1
    64     84      1
    64    153      1
    65     35      1
    65     13      1
    65     15      1
    65    125      1
    65    159      1
    66     26      1
    66     54      1
    66     30      1
    66    179      1
    67      2      1
    67     42      1
    67     69      1
    67     84      1
    67     87      1
    67    161      1
    67    172      1
    68     47      1
    68     35      1
    68    132      1
    69      2      1
    69     40      1
    69     67      1
    69     94      1
    69    178      1
    69    196      1
    70     35      1
    70     62      1
    70     47      1
    70     92      1
    70    159      1
    70    163      1
    71     34      1
    71     20      1
    71      4      1
    71     81      1
    71    161      1
    72      0      1
    72     34      1
    72     33      1
    72    117      1
    72    198      1
    73     54      1
    73     30      1
    73     17      1
    74     45      1
    74     20      1
    74     57      1
    74    176      1
    75     26      1
    75     24      1
    76     43      1
    76     12      1
    77     13      1
    77     14      1
    77      1      1
    77     91      1
    77    176      1
    77    181      1
    78     49      1
    78     31      1
    78     17      1
    78     83      1
    78     89      1
    78    148      1
    78    163      1
    79     45      1
    79     63      1
    79     91      1
    79    188      1
    79    192      1
    80      2      1
    80     25      1
    80     51      1
    80     90      1
    80    128      1
    80    186      1
    80    188      1
    81      9      1
    81     71      1
    81      4      1
    81    158      1
    82     48      1
    82     19      1
    82    103      1
    82    182      1
    83     14      1
    83     78      1
    83     88      1
    83    168      1
    84     52      1
    84     64      1
    84     67      1
    84    152      1
    84    158      1
    85     37      1
    85     54      1
    85    114      1
    85    151      1
    86     60      1
    86     30      1
    86     29      1
    86     98      1
    86    197      1
    87     53      1
    87     67      1
    87     37      1
    87    111      1
    87    143      1
    87    147      1
    87    163      1
    88     83      1
    88     41      1
    88    102      1
    88    116      1
    88    124      1
    89      6      1
    89     53      1
    89     78      1
    89     92      1
    89     94      1
    89    146      1
    89    193      1
    90     80      1
    90     27      1
    90    111      1
    91     77      1
    91     79      1
    91    100      1
    91    107      1
    91    138      1
    91    171      1
    92     89      1
    92     24      1
    92     70      1
    93     36      1
    93     45      1
    93    137      1
    94     69      1
    94     89      1
    94    110      1
    94    115      1
    94    162      1
    94    175      1
    95     58      1
    95     21      1
    95    161      1
    95    198      1
    96     15      1
    96     62      1
    96    106      1
    96    110      1
    96    133      1
    97     28      1
    97     18      1
    97     30      1
    97    103      1
    97    180      1
    97    190      1
    98     86      1
    98     13      1
    98      4      1
    98    117      1
    99     22      1
    99     17      1
   100     91      1
   100     23      1
   101     27      1
   101     37      1
   102     88      1
   102     22      1
   103     97      1
   103     82      1
   103     44      1
   103    106      1
   104     35      1
   104     59      1
   104    115      1
   104    167      1
   105     28      1
   105     11      1
   105      1      1
   105    142      1
   105    147      1
   105    149      1
   105    160      1
   106    103      1
   106     96      1
   106    181      1
   107     44      1
   107     91      1
   108     35      1
   108     52      1
   108     47      1
   109      1      1
   109     40      1
   109    144      1
   109    180      1
   110     96      1
   110      1      1
   110     94      1
   111     11      1
   111     90      1
   111     87      1
   111    189      1
   112     51      1
   112      5      1
   112     62      1
   112    121      1
   113     42      1
   113     32      1
   114     85      1
   114     53      1
   114     35      1
   114    134      1
   115    104      1
   115     94      1
   115    118      1
   115    128      1
   115    164      1
   116     88      1
   116     27      1
   116    120      1
   116    122      1
   116    148      1
   117     72      1
   117     98      1
   117    171      1
   118    115      1
   118      2      1
   118    156      1
   118    186      1
   119     61      1
   119     60      1
   119    131      1
   120    116      1
   120      9      1
   120     50      1
   120    129      1
   121     48      1
   121    112      1
   121    174      1
   122     46      1
   122    116      1
   122    174      1
   122    192      1
   123     48      1
   123     16      1
   123    138      1
   124     88      1
   124     62      1
   125     65      1
   125     56      1
   126     48      1
   126     32      1
   126    197      1
   127     39      1
   127     53      1
   127    135      1
   127    142      1
   128    115      1
   128     13      1
   128     80      1
   128    182      1
   128    184      1
   128    192      1
   129    120      1
   129     48      1
   129    134      1
   130     28      1
   130     27      1
   130     50      1
   130    133      1
   130    139      1
   130    143      1
   131     59      1
   131      4      1
   131    119      1
   131    169      1
   132     39      1
   132     68      1
   132     52      1
   132    152      1
   133     96      1
   133    130      1
   133    137      1
   133    147      1
   133    154      1
   134    129      1
   134    114      1
   134    185      1
   135    127      1
   135     55      1
   135    160      1
   136     55      1
   136      9      1
   136    140      1
   136    185      1
   137     19      1
   137    133      1
   137     93      1
   138     16      1
   138    123      1
   138     91      1
   139    130      1
   139     19      1
   140    136      1
   140     15      1
   140     25      1
   140    150      1
   141     58      1
   141     20      1
   141    179      1
   141    184      1
   142    127      1
   142    105      1
   142     26      1
   142    169      1
   142    183      1
   143      0      1
   143    130      1
   143     87      1
   143    173      1
   144    109      1
   144     37      1
   144    155      1
   145     52      1
   145     50      1
   145    173      1
   146     15      1
   146     89      1
   146    166      1
   147    105      1
   147     87      1
   147    133      1
   148     18      1
   148    116      1
   148     78      1
   148    157      1
   149    105      1
   149      9      1
   149     31      1
   149    159      1
   149    188      1
   150    140      1
   150     38      1
   150     43      1
   150    166      1
   151     85      1
   151     49      1
   151    187      1
   152    132      1
   152     84      1
   153     57      1
   153     64      1
   153    179      1
   154     31      1
   154    133      1
   155    144      1
   155     56      1
   155     55      1
   155    178      1
   156      4      1
   156      2      1
   156    118      1
   156    162      1
   156    164      1
   156    170      1
   157    148      1
   157     51      1
   158     52      1
   158     84      1
   158     81      1
   158    190      1
   159     65      1
   159    149      1
   159     70      1
   160    135      1
   160    105      1
   160     11      1
   160    194      1
   161     67      1
   161     71      1
   161     95      1
   162     94      1
   162    156      1
   163     70      1
   163     87      1
   163     78      1
   164    156      1
   164    115      1
   165     50      1
   165     49      1
   166    146      1
   166    150      1
   166     24      1
   167     38      1
   167     30      1
   167    104      1
   167    178      1
   168     13      1
   168     83      1
   169    131      1
   169    142      1
   169     11      1
   169    195      1
   170     14      1
   170    156      1
   171     91      1
   171    117      1
   172     67      1
   172     22      1
   173    145      1
   173    143      1
   174    121      1
   174    122      1
   174     54      1
   175     30      1
   175      4      1
   175     94      1
   175    187      1
   176     74      1
   176     77      1
   176    177      1
   177      1      1
   177     49      1
   177    176      1
   178    167      1
   178     69      1
   178    155      1
   178    196      1
   179    141      1
   179     66      1
   179    153      1
   180    109      1
   180     97      1
   181     77      1
   181    106      1
   182     82      1
   182    128      1
   183    142      1
   183     42      1
   184    128      1
   184    141      1
   184    187      1
   185    134      1
   185    136      1
   186     45      1
   186     80      1
   186    118      1
   187    175      1
   187    184      1
   187    151      1
   188    149      1
   188     79      1
   188     80      1
   189     45      1
   189    111      1
   190     97      1
   190    158      1
   191      3      1
   191     30      1
   192    122      1
   192     79      1
   192    128      1
   193      6      1
   193     33      1
   193     89      1
   193    194      1
   194    193      1
   194    160      1
   195    169      1
   195     25      1
   196     69      1
   196    178      1
   197    126      1
   197     13      1
   197     86      1
   198     95      1
   198     45      1
   198     72      1
   199     38      1
   199     58      1
   199     45      1
