COORD_X_Y 100
 0.219743  0.281845
  2.73099   1.60259
 0.689024   2.90604
 0.581526  0.101891
 0.425497  0.190181
0.0825982  0.732547
  1.13428  0.479427
  2.24754   1.56495
  2.10805   1.26452
 0.331969 0.0246303
  1.63596  0.697975
  2.13611   1.30445
  2.60973   1.04917
  0.72025  0.578167
0.0855488   2.94217
  1.73481   2.80036
  1.35392  0.681899
  2.93199   1.70688
 0.637196  0.785448
 0.204722   1.33491
  2.58452   2.50678
   1.1658  0.159304
  2.14254  0.584432
   2.6086    1.7202
  1.44968  0.648405
  1.10863  0.949625
 0.760141  0.519132
  1.82497   1.77931
  1.23812  0.714262
  2.37103   1.65527
  1.97504  0.390915
  2.62449   2.54616
 0.513222   1.45584
  1.54985   2.36768
  1.14053   0.27485
 0.740854   2.37499
  2.34025   2.38289
  2.96282  0.224854
  1.27785    1.5215
  2.72689   1.97652
 0.262218   1.86196
 0.837813  0.122052
  1.11646  0.943849
 0.451065   1.83629
  2.40809    1.5026
  2.25733   1.30877
  1.34323  0.437534
  1.89793  0.310224
 0.846401  0.972215
  1.40184  0.662561
  2.49117   2.37562
  2.92525   2.73355
 0.431088   2.70426
 0.963609   2.22361
  2.84331   2.37695
  2.07519  0.901389
  0.85936  0.605809
  2.96787    2.7795
  2.87478   1.40127
  1.36703  0.133375
  1.37098   2.48654
 0.850663   1.64142
  2.37129   2.43521
  2.70554   1.36808
 0.210202  0.826097
 0.242261   2.63711
 0.760714  0.917072
  2.17321  0.925858
  2.88808   2.87877
  1.12254   1.43271
 0.538553  0.940324
  2.20452   1.80899
   2.2823  0.592793
  1.24068    1.6416
 0.268289  0.129139
 0.609117  0.985679
 0.467394  0.235939
  2.38463 0.0837769
 0.536572   1.16728
  1.33251  0.155812
  1.61136   1.13936
  1.97851   2.85344
  1.33962    2.6883
 0.037574   2.44594
  2.53842 0.0949078
  2.35053  0.846241
  2.20279   2.62819
  2.98979   2.15009
 0.532608   1.45318
   2.0704   2.75792
 0.289197   1.35877
  1.12019   2.83174
 0.486577  0.581668
  1.10533  0.724203
  1.44143   1.84341
 0.136396   2.03236
  2.28295   1.18012
  2.79216   2.76338
  1.38426   2.40813
  2.92684   1.16306
LINKS_SOURCE_DESTINATION_DISTANCE 480
     0      1      1
     0      3      1
     0      4      1
     0      6      1
     0      8      1
     0     10      1
     0     12      1
     0     16      1
     0     23      1
     0     91      1
     1      0      1
     1      2      1
     1      9      1
     1     24      1
     1     31      1
     1     42      1
     1     70      1
     2      1      1
     2      4      1
     2      5      1
     2      7      1
     2     12      1
     2     14      1
     2     20      1
     2     28      1
     2     31      1
     2     48      1
     3      0      1
     3      4      1
     3      8      1
     3     17      1
     3     36      1
     3     37      1
     3     40      1
     3     52      1
     3     61      1
     3     66      1
     4      3      1
     4      2      1
     4      0      1
     4      5      1
     4      7      1
     4      9      1
     4     14      1
     4     38      1
     4     41      1
     4     44      1
     4     69      1
     4     70      1
     4     73      1
     4     97      1
     5      2      1
     5      4      1
     5      6      1
     5      9      1
     5     11      1
     5     12      1
     5     15      1
     5     20      1
     5     26      1
     5     71      1
     6      5      1
     6      0      1
     6      8      1
     6     10      1
     6     11      1
     6     13      1
     6     15      1
     6     16      1
     6     18      1
     6     32      1
     6     93      1
     7      4      1
     7      2      1
     7     39      1
     7     60      1
     7     63      1
     7     86      1
     8      3      1
     8      0      1
     8      6      1
     8     13      1
     8     14      1
     8     15      1
     8     30      1
     8     64      1
     9      1      1
     9      5      1
     9      4      1
     9     34      1
     9     50      1
    10      0      1
    10      6      1
    10     36      1
    10     39      1
    10     67      1
    10     85      1
    10     96      1
    11      6      1
    11      5      1
    11     24      1
    11     28      1
    11     73      1
    12      2      1
    12      0      1
    12      5      1
    12     17      1
    12     22      1
    12     26      1
    12     31      1
    12     33      1
    12     54      1
    12     70      1
    12     71      1
    13      6      1
    13      8      1
    13     21      1
    13     29      1
    13     30      1
    13     33      1
    13     47      1
    13     84      1
    14      2      1
    14      8      1
    14      4      1
    14     29      1
    14     53      1
    14     64      1
    14     75      1
    15      5      1
    15      6      1
    15      8      1
    15     19      1
    15     22      1
    15     25      1
    15     29      1
    15     44      1
    16      0      1
    16      6      1
    16     18      1
    16     19      1
    16     30      1
    16     32      1
    17      3      1
    17     12      1
    17     22      1
    17     85      1
    18      6      1
    18     16      1
    18     21      1
    18     23      1
    18     25      1
    18     27      1
    18     54      1
    18     62      1
    19     15      1
    19     16      1
    19     28      1
    19     35      1
    19     43      1
    20      2      1
    20      5      1
    20     76      1
    20     88      1
    20     89      1
    21     18      1
    21     13      1
    21     45      1
    22     15      1
    22     12      1
    22     17      1
    22     38      1
    22     43      1
    22     67      1
    22     77      1
    22     91      1
    23      0      1
    23     18      1
    24     11      1
    24      1      1
    24     34      1
    24     38      1
    25     15      1
    25     18      1
    25     37      1
    25     47      1
    25     62      1
    26      5      1
    26     12      1
    26     27      1
    26     56      1
    26     65      1
    26     80      1
    26     95      1
    27     18      1
    27     26      1
    27     32      1
    28      2      1
    28     19      1
    28     11      1
    28     46      1
    28     49      1
    28     64      1
    28     87      1
    29     15      1
    29     13      1
    29     14      1
    29     37      1
    29     94      1
    30      8      1
    30     16      1
    30     13      1
    31     12      1
    31      2      1
    31      1      1
    31     51      1
    31     61      1
    31     92      1
    32     16      1
    32      6      1
    32     27      1
    32     41      1
    32     52      1
    32     57      1
    32     59      1
    32     69      1
    33     12      1
    33     13      1
    33     36      1
    33     89      1
    34      9      1
    34     24      1
    34     35      1
    34     39      1
    34     40      1
    34     62      1
    35     19      1
    35     34      1
    35     72      1
    35     77      1
    36     10      1
    36      3      1
    36     33      1
    36     50      1
    36     55      1
    36     61      1
    36     68      1
    37     25      1
    37     29      1
    37      3      1
    37     41      1
    37     51      1
    37     75      1
    37     78      1
    37     81      1
    38      4      1
    38     22      1
    38     24      1
    38     46      1
    38     77      1
    38     87      1
    39      7      1
    39     10      1
    39     34      1
    39     51      1
    39     68      1
    40      3      1
    40     34      1
    40     42      1
    40     44      1
    40     57      1
    40     66      1
    40     81      1
    41      4      1
    41     32      1
    41     37      1
    41     42      1
    41     57      1
    41     65      1
    41     73      1
    42     40      1
    42      1      1
    42     41      1
    42     43      1
    43     22      1
    43     19      1
    43     42      1
    43     45      1
    43     48      1
    43     53      1
    43     76      1
    43     86      1
    43     98      1
    44     40      1
    44     15      1
    44      4      1
    44     67      1
    45     43      1
    45     21      1
    45     66      1
    46     28      1
    46     38      1
    46     49      1
    46     80      1
    47     25      1
    47     13      1
    48     43      1
    48      2      1
    48     74      1
    49     28      1
    49     46      1
    50     36      1
    50      9      1
    50     99      1
    51     31      1
    51     37      1
    51     39      1
    51     59      1
    51     82      1
    52     32      1
    52      3      1
    53     43      1
    53     14      1
    53     55      1
    53     58      1
    53     92      1
    54     12      1
    54     18      1
    54     58      1
    55     36      1
    55     53      1
    55     56      1
    55     79      1
    56     55      1
    56     26      1
    56     60      1
    56     65      1
    56     83      1
    57     32      1
    57     41      1
    57     40      1
    58     53      1
    58     54      1
    58     90      1
    58     98      1
    59     32      1
    59     51      1
    60      7      1
    60     56      1
    61     36      1
    61      3      1
    61     31      1
    61     63      1
    61     82      1
    61     93      1
    62     25      1
    62     18      1
    62     34      1
    63      7      1
    63     61      1
    63     72      1
    64     14      1
    64      8      1
    64     28      1
    64     79      1
    64     99      1
    65     41      1
    65     26      1
    65     56      1
    66     40      1
    66      3      1
    66     45      1
    66     74      1
    66     75      1
    67     44      1
    67     22      1
    67     10      1
    67     76      1
    68     39      1
    68     36      1
    68     74      1
    68     85      1
    69     32      1
    69      4      1
    69     80      1
    69     86      1
    70      1      1
    70     12      1
    70      4      1
    70     78      1
    70     89      1
    71     12      1
    71      5      1
    72     63      1
    72     35      1
    73     11      1
    73      4      1
    73     41      1
    73     79      1
    74     48      1
    74     66      1
    74     68      1
    75     37      1
    75     14      1
    75     66      1
    76     20      1
    76     43      1
    76     67      1
    76     94      1
    77     38      1
    77     22      1
    77     35      1
    78     70      1
    78     37      1
    78     81      1
    79     64      1
    79     73      1
    79     55      1
    79     92      1
    79     95      1
    80     26      1
    80     46      1
    80     69      1
    81     37      1
    81     40      1
    81     78      1
    81     83      1
    81     98      1
    82     61      1
    82     51      1
    82     84      1
    83     56      1
    83     81      1
    84     82      1
    84     13      1
    85     17      1
    85     68      1
    85     10      1
    85     94      1
    86     69      1
    86     43      1
    86      7      1
    86     97      1
    87     38      1
    87     28      1
    87     88      1
    87     90      1
    88     87      1
    88     20      1
    88     90      1
    89     70      1
    89     20      1
    89     33      1
    90     87      1
    90     88      1
    90     58      1
    91     22      1
    91      0      1
    92     53      1
    92     31      1
    92     79      1
    93     61      1
    93      6      1
    93     96      1
    94     76      1
    94     85      1
    94     29      1
    94     99      1
    95     79      1
    95     26      1
    96     10      1
    96     93      1
    97      4      1
    97     86      1
    98     58      1
    98     43      1
    98     81      1
    99     50      1
    99     64      1
    99     94      1
