COORD_X_Y 200
  1.34257   1.05885
 0.969567   2.13909
 0.609508   2.27831
 0.237653   2.26224
  1.11335   2.03129
  2.32922   2.58792
 0.649267  0.128086
  1.99085   1.20683
 0.313646   2.76794
  1.83157   2.82852
  1.73039   2.12363
  2.97192  0.762796
 0.226645  0.871382
  1.12569   2.46751
  1.00223   2.17876
  1.74957  0.326501
  1.65126   2.34643
  1.00148   1.92392
 0.281771   1.69992
  1.43341   1.33896
  1.25681  0.215927
 0.669641   2.15745
  2.27902  0.664952
 0.721787  0.091814
   2.0859   0.85589
  2.61319  0.819255
  0.82736  0.148653
   1.9819  0.920834
  2.69795  0.621197
  1.82019   1.03946
  2.11484   2.12781
  2.69587  0.209684
  0.65787  0.869144
 0.845385  0.166025
  2.20758   1.93352
 0.802288   1.42818
 0.991112  0.867828
  2.82802   0.91052
   1.6117    1.7795
 0.257956   1.08934
0.0547577   1.18689
  2.64688   2.57289
  1.66759   2.04393
 0.360757  0.970117
   1.5215  0.163173
  1.74524   2.29239
  2.11202   2.66451
0.0610721    1.2858
  1.71233  0.015972
  1.82561   2.21366
0.0952633  0.963075
  1.72971   2.80789
  1.77114   2.60073
0.0447539   2.87331
  1.96501  0.526756
 0.291669   2.14191
  2.28525    1.3632
 0.746742   1.60405
 0.834459   2.29803
 0.500321  0.815386
  1.07698  0.787829
  0.30924   2.27851
  1.19896   1.30033
 0.617822   1.49463
 0.600126   1.01393
  1.43469  0.188873
  2.18512   2.83332
  1.59281   2.95689
0.0648269   2.79152
  2.40586  0.648316
 0.875285  0.095455
  0.39089   1.39618
 0.447909  0.337884
   1.0281   2.15175
0.0136559   1.89865
  1.63378   2.27626
  1.60027   2.07267
 0.137796   2.61095
 0.669636  0.506186
 0.296489 0.0515419
  1.31248     1.627
  2.91618   1.55379
  2.76382  0.536307
  2.30799    1.0962
  2.88034  0.914388
  2.88986   1.03121
  2.23175   1.62003
  1.43976   2.27264
0.0609942 0.0928235
  1.67838   1.90702
  1.09906   2.83979
  1.25589   1.31532
  1.10487  0.154354
 0.755044  0.554231
  2.72296   1.51503
  2.84583   1.91497
   2.6873     2.884
  2.65441   1.80787
 0.234338   1.16054
  1.58365   1.62645
 0.705554   0.68325
 0.966368   1.44739
 0.411739  0.852059
  1.75009   2.16438
  2.77483   2.80306
   2.8394   2.18272
   1.2586  0.563959
 0.819105   2.53077
  2.97121   1.98526
   1.4515   1.62691
  2.39507    1.1208
    2.246  0.582543
  2.33357   2.45007
  2.99654  0.246698
  1.97604 0.0973847
0.00106348    2.3198
 0.842171   0.90985
 0.737711   1.15691
  2.01573   2.27794
   2.5629   1.28255
  2.24609   2.06944
  2.36541  0.497765
 0.126791  0.136591
   1.2233   1.10013
  2.76146  0.359145
  1.54674  0.631951
  1.79377  0.824189
 0.770371   2.25314
  0.83936  0.259087
 0.638715   0.54621
    2.352   2.89336
 0.139197  0.640777
  2.00347   1.39983
  1.51598  0.112664
  2.94167  0.666421
0.0435934    2.7285
  1.24214   1.08772
  1.74443   2.64636
  1.31673   2.67174
 0.533213  0.356583
  2.31244   2.08688
  2.78819   1.13817
   1.1364   2.44189
 0.724151 0.0629429
 0.157969   1.84715
 0.784589   0.99884
0.0332444   1.55725
 0.983096   2.10314
  2.67024   1.12395
  0.38956  0.188276
0.0667061   1.70595
  2.80055   2.75715
  0.91955   1.86092
0.0978254  0.805458
  1.53034  0.697527
  2.27653   2.80898
  2.99068   1.40519
 0.195048  0.906195
  2.22364 0.0526113
  0.38103   2.98271
  2.41407 0.00471855
   2.7034  0.642965
  0.17288   1.74718
  1.14116  0.396182
 0.489081   2.51207
 0.394846  0.945884
  0.03041   2.64267
 0.808259   0.71202
  2.46901  0.734224
  2.52691   1.40614
  2.71768  0.149206
  1.70947   2.99067
  2.34676   1.88268
 0.921014  0.360092
 0.827064  0.362864
  0.62814  0.857651
  2.79162  0.269556
 0.969063   1.01833
  2.82902   0.54558
 0.712924   1.73705
0.0389964  0.801297
 0.448305  0.911434
  2.16415   2.91069
  1.34918  0.889442
 0.360217   0.45934
   2.8347   1.01602
  2.64521   2.20222
  2.09786   1.41782
    2.559   2.09686
   1.3805  0.282677
 0.282595  0.336946
 0.961712   1.77258
  1.38539   2.65121
  2.70959    2.8838
 0.228838  0.712927
  1.02529   1.46355
  1.34986    2.5916
 0.568705   1.27502
  1.06764   2.48308
  1.83835  0.351286
LINKS_SOURCE_DESTINATION_DISTANCE 974
     0      1      1
     0      7      1
     0     15      1
     0     17      1
     0     33      1
     0     75      1
     0     93      1
     0    104      1
     1      0      1
     1      2      1
     1      4      1
     1      5      1
     1     13      1
     1     14      1
     1     16      1
     1     43      1
     1     80      1
     1    132      1
     1    179      1
     2      1      1
     2      3      1
     2      4      1
     2      6      1
     2      7      1
     2      8      1
     2     12      1
     2     14      1
     2     15      1
     2     20      1
     2     23      1
     2     37      1
     2     39      1
     2     53      1
     2     61      1
     2    106      1
     2    149      1
     2    183      1
     3      2      1
     3      4      1
     3     11      1
     3     22      1
     3     51      1
     3     58      1
     3     71      1
     3     81      1
     3     95      1
     3    121      1
     3    155      1
     4      1      1
     4      2      1
     4      3      1
     4      5      1
     4      8      1
     4     10      1
     4     18      1
     4     21      1
     4    100      1
     4    190      1
     5      1      1
     5      4      1
     5      6      1
     5      9      1
     5     12      1
     5     13      1
     5     16      1
     6      2      1
     6      5      1
     6      8      1
     6      9      1
     6     19      1
     6     21      1
     6     23      1
     6     25      1
     6     42      1
     6     44      1
     6     50      1
     6     84      1
     6    130      1
     6    152      1
     7      2      1
     7      0      1
     7     15      1
     7     27      1
     7     35      1
     7     37      1
     7     75      1
     7    114      1
     7    128      1
     7    129      1
     7    132      1
     7    156      1
     7    192      1
     8      6      1
     8      4      1
     8      2      1
     8     13      1
     8     19      1
     8     29      1
     8     65      1
     8     71      1
     8    134      1
     9      6      1
     9      5      1
     9     10      1
     9     11      1
     9     20      1
     9     23      1
     9     24      1
     9     26      1
     9     38      1
    10      4      1
    10      9      1
    10     33      1
    10     35      1
    10     51      1
    10     69      1
    10    128      1
    10    143      1
    10    153      1
    10    156      1
    10    177      1
    11      3      1
    11      9      1
    11     17      1
    11     28      1
    11     42      1
    11     45      1
    11    102      1
    11    182      1
    12      5      1
    12      2      1
    12     14      1
    12     16      1
    12     26      1
    12     31      1
    12     44      1
    12     45      1
    12     50      1
    12    138      1
    13      5      1
    13      8      1
    13      1      1
    13     27      1
    13     30      1
    13     38      1
    13     42      1
    13     65      1
    13     92      1
    14      2      1
    14      1      1
    14     12      1
    14     17      1
    14     29      1
    14     36      1
    14     48      1
    14     84      1
    14    159      1
    15      2      1
    15      7      1
    15      0      1
    15     28      1
    15     30      1
    15     40      1
    15     43      1
    15     67      1
    15    113      1
    15    157      1
    16     12      1
    16      5      1
    16      1      1
    16     56      1
    16     68      1
    16     73      1
    16     88      1
    16    115      1
    16    139      1
    17     14      1
    17     11      1
    17      0      1
    17     18      1
    17     24      1
    17     27      1
    17     36      1
    17     48      1
    17     49      1
    17     54      1
    17     62      1
    17     74      1
    17    105      1
    17    142      1
    18     17      1
    18      4      1
    18     24      1
    18     25      1
    18     47      1
    18     55      1
    18     77      1
    18     81      1
    18    105      1
    18    106      1
    19      6      1
    19      8      1
    19     43      1
    19     46      1
    19     47      1
    19     76      1
    19     79      1
    19     89      1
    19    129      1
    20      9      1
    20      2      1
    20     33      1
    20     37      1
    20     49      1
    20     59      1
    20     60      1
    20     71      1
    20     77      1
    20     87      1
    20    124      1
    20    165      1
    21      6      1
    21      4      1
    21     22      1
    21     28      1
    21     32      1
    21     34      1
    21     40      1
    21     70      1
    21     76      1
    21    119      1
    22     21      1
    22      3      1
    22     32      1
    22     52      1
    23      9      1
    23      6      1
    23      2      1
    24     18      1
    24      9      1
    24     17      1
    24     29      1
    24     31      1
    24     66      1
    24    137      1
    24    141      1
    24    197      1
    25     18      1
    25      6      1
    25     46      1
    25     58      1
    25     85      1
    25     96      1
    25     98      1
    25    101      1
    25    108      1
    25    157      1
    25    165      1
    26     12      1
    26      9      1
    26     38      1
    26     46      1
    26     86      1
    26    120      1
    26    195      1
    27     17      1
    27      7      1
    27     13      1
    27     97      1
    27    159      1
    27    185      1
    28     15      1
    28     11      1
    28     21      1
    28     39      1
    28     57      1
    28    119      1
    28    160      1
    28    169      1
    29     24      1
    29      8      1
    29     14      1
    29     31      1
    29     35      1
    29     53      1
    29    103      1
    29    122      1
    29    151      1
    29    168      1
    30     13      1
    30     15      1
    30     41      1
    30     52      1
    30     73      1
    30    104      1
    30    147      1
    31     12      1
    31     29      1
    31     24      1
    31     34      1
    31     55      1
    31     63      1
    31     74      1
    31     87      1
    31    114      1
    31    158      1
    31    160      1
    32     21      1
    32     22      1
    32     82      1
    32    116      1
    33     10      1
    33     20      1
    33      0      1
    33     51      1
    33     90      1
    33    101      1
    34     21      1
    34     31      1
    35      7      1
    35     29      1
    35     10      1
    35     40      1
    35     44      1
    35     61      1
    35    100      1
    36     14      1
    36     17      1
    36     50      1
    36    181      1
    37      2      1
    37     20      1
    37      7      1
    37     47      1
    37     64      1
    37     80      1
    37    103      1
    37    123      1
    37    131      1
    37    170      1
    38     13      1
    38      9      1
    38     26      1
    38     41      1
    38     55      1
    38     93      1
    38    112      1
    38    195      1
    39     28      1
    39      2      1
    39     83      1
    39    145      1
    40     21      1
    40     15      1
    40     35      1
    40     89      1
    40    187      1
    41     30      1
    41     38      1
    41     69      1
    41     78      1
    41    176      1
    41    184      1
    42     13      1
    42     11      1
    42      6      1
    42     56      1
    42     64      1
    42    103      1
    42    182      1
    43     19      1
    43      1      1
    43     15      1
    43     72      1
    43     90      1
    43    127      1
    44     35      1
    44      6      1
    44     12      1
    44     60      1
    44     66      1
    44     75      1
    44     79      1
    44    130      1
    44    167      1
    45     12      1
    45     11      1
    45     54      1
    45     68      1
    45    111      1
    45    118      1
    45    126      1
    46     26      1
    46     19      1
    46     25      1
    46     49      1
    46     57      1
    46     72      1
    47     37      1
    47     19      1
    47     18      1
    47     59      1
    47     67      1
    47     85      1
    47    199      1
    48     14      1
    48     17      1
    48     60      1
    48     63      1
    48     90      1
    48    112      1
    48    175      1
    49     17      1
    49     20      1
    49     46      1
    49     85      1
    49    109      1
    49    152      1
    49    158      1
    49    173      1
    50     36      1
    50     12      1
    50      6      1
    50    144      1
    50    163      1
    51     33      1
    51      3      1
    51     10      1
    51     73      1
    51     81      1
    51    176      1
    52     30      1
    52     22      1
    52     56      1
    52     58      1
    52     82      1
    52     86      1
    52     91      1
    52     94      1
    52    133      1
    52    158      1
    53     29      1
    53      2      1
    53    109      1
    53    131      1
    53    136      1
    54     17      1
    54     45      1
    54     78      1
    54    101      1
    54    107      1
    55     38      1
    55     18      1
    55     31      1
    55     62      1
    55    183      1
    55    198      1
    56     42      1
    56     52      1
    56     16      1
    56     77      1
    57     28      1
    57     46      1
    58     25      1
    58     52      1
    58      3      1
    58     70      1
    58     92      1
    58    113      1
    58    114      1
    58    118      1
    58    135      1
    59     47      1
    59     20      1
    59     64      1
    59    106      1
    59    111      1
    59    148      1
    59    152      1
    60     20      1
    60     44      1
    60     48      1
    60     94      1
    61     35      1
    61      2      1
    61     84      1
    61     95      1
    61    110      1
    62     17      1
    62     55      1
    62    100      1
    62    188      1
    63     31      1
    63     48      1
    63    102      1
    63    138      1
    64     37      1
    64     42      1
    64     59      1
    65      8      1
    65     13      1
    65     67      1
    65     89      1
    66     24      1
    66     44      1
    66     88      1
    66     98      1
    66    111      1
    66    119      1
    66    126      1
    66    170      1
    67     47      1
    67     65      1
    67     15      1
    67     70      1
    67     74      1
    67    117      1
    67    122      1
    68     16      1
    68     45      1
    68    166      1
    68    168      1
    69     41      1
    69     10      1
    69    180      1
    69    197      1
    70     21      1
    70     58      1
    70     67      1
    70     97      1
    70    163      1
    71     20      1
    71      8      1
    71      3      1
    71    180      1
    72     43      1
    72     46      1
    73     16      1
    73     51      1
    73     30      1
    73     76      1
    73     88      1
    73    113      1
    73    192      1
    74     67      1
    74     31      1
    74     17      1
    74     99      1
    74    144      1
    74    150      1
    75      0      1
    75     44      1
    75      7      1
    75    125      1
    75    169      1
    76     21      1
    76     19      1
    76     73      1
    76     79      1
    76    110      1
    77     18      1
    77     56      1
    77     20      1
    77     99      1
    77    146      1
    78     41      1
    78     54      1
    78    104      1
    79     44      1
    79     76      1
    79     19      1
    79    126      1
    79    137      1
    80      1      1
    80     37      1
    80     96      1
    80    124      1
    81     51      1
    81      3      1
    81     18      1
    81     83      1
    81    117      1
    81    134      1
    82     32      1
    82     52      1
    83     81      1
    83     39      1
    83    123      1
    83    134      1
    84     61      1
    84      6      1
    84     14      1
    84    107      1
    84    155      1
    85     49      1
    85     47      1
    85     25      1
    85     91      1
    85    135      1
    86     26      1
    86     52      1
    86     94      1
    86    121      1
    87     31      1
    87     20      1
    87    185      1
    88     73      1
    88     66      1
    88     16      1
    88    116      1
    88    127      1
    88    170      1
    89     40      1
    89     65      1
    89     19      1
    90     48      1
    90     43      1
    90     33      1
    90    115      1
    91     85      1
    91     52      1
    91     97      1
    92     13      1
    92     58      1
    92    117      1
    93     38      1
    93      0      1
    93    121      1
    93    164      1
    94     52      1
    94     86      1
    94     60      1
    94    125      1
    94    181      1
    95     61      1
    95      3      1
    95    161      1
    95    196      1
    96     25      1
    96     80      1
    96    116      1
    96    149      1
    96    184      1
    97     91      1
    97     70      1
    97     27      1
    97    174      1
    97    193      1
    98     66      1
    98     25      1
    98    110      1
    98    128      1
    99     74      1
    99     77      1
    99    141      1
    99    143      1
   100     62      1
   100     35      1
   100      4      1
   100    108      1
   101     54      1
   101     33      1
   101     25      1
   102     63      1
   102     11      1
   103     37      1
   103     29      1
   103     42      1
   103    133      1
   103    150      1
   104     30      1
   104     78      1
   104      0      1
   104    137      1
   104    190      1
   105     18      1
   105     17      1
   106      2      1
   106     59      1
   106     18      1
   106    151      1
   106    193      1
   107     84      1
   107     54      1
   107    166      1
   107    194      1
   107    199      1
   108    100      1
   108     25      1
   108    118      1
   108    162      1
   109     49      1
   109     53      1
   110     98      1
   110     61      1
   110     76      1
   111     59      1
   111     45      1
   111     66      1
   111    120      1
   111    146      1
   112     48      1
   112     38      1
   113     15      1
   113     73      1
   113     58      1
   114     58      1
   114      7      1
   114     31      1
   114    145      1
   114    149      1
   115     90      1
   115     16      1
   116     96      1
   116     32      1
   116     88      1
   117     81      1
   117     67      1
   117     92      1
   117    136      1
   117    173      1
   118     58      1
   118    108      1
   118     45      1
   118    141      1
   119     66      1
   119     21      1
   119     28      1
   119    127      1
   119    151      1
   119    178      1
   120    111      1
   120     26      1
   120    161      1
   120    166      1
   121     86      1
   121      3      1
   121     93      1
   121    175      1
   122     67      1
   122     29      1
   122    123      1
   123     37      1
   123     83      1
   123    122      1
   124     80      1
   124     20      1
   124    153      1
   125     94      1
   125     75      1
   125    140      1
   125    142      1
   126     66      1
   126     45      1
   126     79      1
   127     43      1
   127     88      1
   127    119      1
   127    148      1
   127    174      1
   128     10      1
   128     98      1
   128      7      1
   129     19      1
   129      7      1
   130      6      1
   130     44      1
   130    182      1
   131     53      1
   131     37      1
   131    139      1
   132      1      1
   132      7      1
   132    140      1
   132    192      1
   133    103      1
   133     52      1
   133    171      1
   134      8      1
   134     81      1
   134     83      1
   135     58      1
   135     85      1
   136     53      1
   136    117      1
   136    154      1
   136    186      1
   137     24      1
   137     79      1
   137    104      1
   137    154      1
   138     63      1
   138     12      1
   138    167      1
   138    178      1
   138    187      1
   139     16      1
   139    131      1
   140    125      1
   140    132      1
   141     24      1
   141     99      1
   141    118      1
   142     17      1
   142    125      1
   142    147      1
   142    172      1
   142    181      1
   143     10      1
   143     99      1
   144     50      1
   144     74      1
   144    159      1
   144    196      1
   145     39      1
   145    114      1
   145    164      1
   145    198      1
   146     77      1
   146    111      1
   147     30      1
   147    142      1
   148    127      1
   148     59      1
   149     96      1
   149    114      1
   149      2      1
   150    103      1
   150     74      1
   150    157      1
   151    119      1
   151     29      1
   151    106      1
   152     49      1
   152     59      1
   152      6      1
   152    171      1
   153    124      1
   153     10      1
   153    155      1
   154    137      1
   154    136      1
   155      3      1
   155    153      1
   155     84      1
   155    188      1
   155    195      1
   156     10      1
   156      7      1
   157     15      1
   157    150      1
   157     25      1
   157    162      1
   158     52      1
   158     49      1
   158     31      1
   159     27      1
   159    144      1
   159     14      1
   160     31      1
   160     28      1
   160    177      1
   160    187      1
   161    120      1
   161     95      1
   161    191      1
   162    157      1
   162    108      1
   162    197      1
   163     50      1
   163     70      1
   164     93      1
   164    145      1
   164    174      1
   164    193      1
   165     20      1
   165     25      1
   166    120      1
   166     68      1
   166    107      1
   166    173      1
   167    138      1
   167     44      1
   167    194      1
   168     29      1
   168     68      1
   169     28      1
   169     75      1
   169    172      1
   170     66      1
   170     88      1
   170     37      1
   170    178      1
   170    189      1
   171    152      1
   171    133      1
   172    142      1
   172    169      1
   173    166      1
   173    117      1
   173     49      1
   173    179      1
   173    186      1
   174    164      1
   174     97      1
   174    127      1
   175     48      1
   175    121      1
   175    189      1
   176     41      1
   176     51      1
   177    160      1
   177     10      1
   177    191      1
   178    138      1
   178    119      1
   178    170      1
   179    173      1
   179      1      1
   179    189      1
   180     69      1
   180     71      1
   180    191      1
   181    142      1
   181     94      1
   181     36      1
   182    130      1
   182     11      1
   182     42      1
   183      2      1
   183     55      1
   183    184      1
   184     96      1
   184     41      1
   184    183      1
   185     87      1
   185     27      1
   186    136      1
   186    173      1
   186    190      1
   187    160      1
   187    138      1
   187     40      1
   188    155      1
   188     62      1
   189    175      1
   189    179      1
   189    170      1
   190    104      1
   190    186      1
   190      4      1
   191    177      1
   191    161      1
   191    180      1
   192      7      1
   192    132      1
   192     73      1
   193    164      1
   193    106      1
   193     97      1
   194    107      1
   194    167      1
   195     26      1
   195     38      1
   195    155      1
   196    144      1
   196     95      1
   197     69      1
   197     24      1
   197    162      1
   198     55      1
   198    145      1
   199     47      1
   199    107      1
