100 38 0.008  1 
400 149 0.176  1 
200 78 0.044  1 
500 179 0.3  1 
400 161 0.168  1 
200 78 0.044  1 
200 78 0.032  1 
500 196 0.264  1 
500 187 0.292  1 
100 37 0.032  1 
300 114 0.088  1 
200 77 0.036  1 
500 181 0.284  1 
300 109 0.092  1 
500 187 0.272  1 
500 186 0.28  1 
100 40 0.028  1 
200 71 0.032  1 
400 147 0.148  1 
100 36 0.016  1 
500 201 0.268  1 
200 82 0.044  1 
400 158 0.152  1 
300 113 0.084  1 
200 73 0.04  1 
100 33 0.008  1 
300 109 0.08  1 
300 110 0.088  1 
100 38 0.012  1 
300 110 0.08  1 
200 82 0.04  1 
100 36 0.008  1 
300 117 0.08  1 
400 146 0.152  1 
300 113 0.092  1 
400 144 0.152  1 
300 117 0.092  1 
100 38 0.016  1 
200 81 0.032  1 
400 152 0.148  1 
300 105 0.084  1 
500 188 0.26  1 
500 193 0.276  1 
200 71 0.048  1 
400 151 0.152  1 
400 153 0.156  1 
100 37 0.02  1 
500 189 0.252  1 
100 34 0.02  1 
400 146 0.152  1 
