100 30 117.448 14665
400 136 2476.58 13089
200 66 463.496 12992
500 171 3591.26 11836
400 139 2131.01 13157
200 66 617.576 18798
200 64 375.444 11508
500 170 5503.99 19769
500 171 3149.74 10587
100 30 82.476 10260
300 102 2798.58 29884
200 64 480.148 13503
500 171 7138.67 23451
300 102 1127.77 12635
500 166 3017.22 10684
500 174 3323.14 11558
100 30 72.588 10053
200 66 387.556 12026
400 136 2804.3 16665
100 30 161.38 21987
500 173 2829.89 10265
200 65 697.1 21133
400 139 1965.21 12295
300 100 950.308 11093
200 66 392.22 11906
100 30 104.544 14424
300 99 1169.32 13502
300 98 1584.74 18085
100 30 84.2 11590
300 100 1175.73 13509
200 68 414.72 12581
100 32 74.184 10100
300 102 1951.46 22579
400 133 2862.12 17825
300 100 1665.86 19146
400 134 3041.01 18918
300 104 1239.74 14115
100 30 105.648 14600
200 65 439.888 13359
400 139 2195.24 13708
300 102 1264.89 14512
500 168 4689.9 16891
500 170 5033.29 17225
200 64 441.544 13449
400 136 2011.85 12343
400 138 2709.94 16574
100 30 103.888 14272
500 173 2901.88 10509
100 28 83.616 11594
400 137 1814.48 11087
