100 38 0  1 
400 149 0.012  1 
200 78 0  1 
500 178 0.048  1 
400 161 0.012  1 
200 78 0  1 
200 76 0.004  1 
500 192 0.104  1 
500 187 0.02  1 
100 36 0  1 
300 113 0.008  1 
200 77 0.004  1 
500 180 0.048  1 
300 109 0.004  1 
500 186 0.04  1 
500 185 0.044  1 
100 40 0  1 
200 71 0.004  1 
400 146 0.024  1 
100 36 0  1 
500 196 0.128  1 
200 82 0  1 
400 157 0.044  1 
300 113 0.004  1 
200 73 0  1 
100 33 0  1 
300 107 0.012  1 
300 109 0.008  1 
100 38 0  1 
300 109 0.008  1 
200 81 0  1 
100 36 0  1 
300 116 0.008  1 
400 146 0.008  1 
300 112 0.008  1 
400 143 0.028  1 
300 117 0.004  1 
100 38 0  1 
200 80 0.004  1 
400 149 0.048  1 
300 104 0.012  1 
500 187 0.044  1 
500 192 0.04  1 
200 70 0.004  1 
400 150 0.052  1 
400 151 0.044  1 
100 37 0  1 
500 187 0.06  1 
100 33 0  1 
400 145 0.036  1 
