350 154 267.604 173
80 30 0.632 110
10 4 0 104
70 29 0.344 103
40 17 0.068 102
30 12 0.032 102
200 80 13.44 114
50 21 0.144 115
40 16 0.068 103
350 149 311.532 188
300 127 198.564 232
20 8 0.012 109
200 84 12.828 107
300 130 102.748 113
60 21 0.244 105
250 109 40.32 114
90 35 1.068 117
60 24 0.368 159
10 4 0.004 104
30 12 0.036 104
250 111 83.344 208
250 107 42.836 111
60 24 0.252 105
20 8 0.012 101
40 16 0.084 125
100 41 1.224 102
90 36 1.104 138
70 28 0.56 127
250 111 37.604 107
30 10 0.036 103
70 29 0.616 150
50 19 0.14 109
50 19 0.156 104
90 36 0.908 109
10 3 0 103
50 20 0.136 107
300 134 79.848 102
10 4 0 101
300 133 95.44 111
150 65 4.988 123
70 30 0.372 111
300 131 89.468 108
150 60 7.704 186
150 62 5.116 103
350 150 238.648 138
50 21 0.144 102
250 111 48.068 119
90 35 0.988 107
80 31 0.644 120
350 156 210.804 117
150 66 5.124 108
200 89 14.668 111
20 8 0.012 105
60 25 0.236 106
350 152 256.544 123
10 5 0 101
200 87 14.252 104
250 103 49.604 136
30 12 0.032 106
30 11 0.036 105
40 16 0.076 116
40 14 0.084 120
60 24 0.288 116
300 132 93.536 105
40 17 0.08 104
70 28 0.424 109
10 4 0 108
60 25 0.26 107
350 160 255.692 121
20 8 0.012 103
20 8 0.012 103
150 63 5.072 103
100 39 1.752 135
70 31 0.404 110
200 83 18.804 129
10 3 0.004 102
300 133 107.48 107
60 26 0.232 103
250 109 41.46 124
60 25 0.264 101
90 33 1.132 122
150 67 5.128 105
60 25 0.26 122
100 42 1.248 103
100 46 1.396 110
30 13 0.032 101
350 157 214.576 118
20 8 0.012 105
90 38 1.068 112
20 9 0.012 101
80 34 0.688 123
80 33 0.752 121
30 13 0.036 106
350 155 233.324 129
60 26 0.3 114
100 40 1.244 109
20 7 0.012 102
100 40 1.4 116
40 17 0.076 101
150 65 5.204 105
50 18 0.128 102
100 41 1.612 135
50 21 0.148 115
50 18 0.164 108
70 29 0.452 121
20 8 0.016 104
100 42 1.308 117
70 29 0.46 123
80 30 1.24 193
200 89 18.512 119
300 127 118.064 123
30 11 0.036 103
10 4 0 101
250 110 45.22 126
40 15 0.068 101
300 137 106.696 108
90 37 1.036 120
30 13 0.032 101
150 62 4.624 101
40 16 0.072 104
350 154 218.576 125
70 28 0.412 104
250 105 43.008 116
10 5 0 101
40 18 0.088 101
20 8 0.012 102
90 40 1.144 132
250 111 39.088 110
150 64 4.752 116
30 12 0.036 104
80 34 0.66 110
50 23 0.128 102
70 30 0.46 124
200 91 19.596 180
150 65 8.228 209
80 32 0.664 113
100 41 1.344 115
200 86 18.576 129
50 18 0.14 108
80 33 0.704 111
80 33 0.66 115
350 148 210.92 111
200 89 14.912 114
90 35 1.088 140
100 41 1.132 102
10 4 0.004 101
90 37 0.904 105
80 33 0.7 116
200 87 11.92 111
300 130 136.868 134
